23,0,0,0,0,0,0
29,0,0,0,0,0,0
37,0,0,0,0,0,0
50,0,0,0,0,0,0
57,3,1,0,0,0,4
64,0,0,0,0,0,0
74,0,0,0,0,0,0
85,0,0,0,0,0,0
94,0,0,0,0,0,0
100,0,0,0,0,0,0
111,0,0,0,0,0,0
119,0,0,0,0,0,0
128,0,0,0,0,0,0
136,0,0,0,0,0,0
144,0,0,0,0,0,0
150,0,2,0,0,0,0
158,0,0,0,0,0,0
166,0,0,0,0,0,0
174,0,0,0,0,0,0
181,0,0,0,0,0,0
189,0,0,0,0,0,0
197,0,0,0,0,0,0
206,0,0,0,0,0,0
214,0,0,0,0,0,0
222,0,0,2,0,0,0
230,0,0,0,0,0,0
237,0,0,0,0,0,0
248,0,0,0,0,0,0
257,0,0,0,0,0,0
266,0,0,0,0,0,0
272,0,0,0,0,0,0
284,0,0,0,0,0,0
291,0,0,0,0,0,0
297,0,0,0,0,0,0
305,0,0,0,0,0,0
313,0,1,0,0,0,1
322,0,4,0,0,0,4
338,0,0,0,0,0,0
346,0,0,0,0,0,0
354,0,0,0,0,0,0
362,0,0,0,0,0,0
370,0,0,0,0,0,0
376,0,0,0,0,0,0
384,0,1,1,0,0,0
393,0,2,0,0,0,0
401,0,0,0,0,0,0
409,0,0,0,0,0,0
417,0,0,0,0,0,0
425,0,0,0,0,0,0
433,0,0,0,0,0,0
441,0,0,0,0,0,0
449,0,0,0,0,0,0
467,0,0,0,0,0,0
478,0,0,0,0,0,0
485,0,0,0,0,0,0
491,0,0,0,0,0,0
499,0,0,0,0,0,0
507,0,0,0,0,0,0
513,0,0,0,0,0,0
523,0,0,0,0,0,0
534,0,0,0,0,0,0
541,0,0,0,0,0,0
549,0,0,0,0,0,0
557,0,0,0,0,0,0
565,0,1,0,0,0,1
581,0,0,0,0,0,0
589,0,0,0,0,0,0
598,0,0,0,0,0,0
605,0,0,0,0,0,0
612,0,0,0,0,0,0
620,0,0,0,0,0,0
629,0,0,0,0,0,0
638,0,0,0,0,0,0
646,0,0,0,0,0,0
669,0,0,0,0,0,0
677,0,0,0,0,0,0
687,0,0,0,0,0,0
695,0,0,0,0,0,0
712,0,0,0,0,0,0
721,0,0,0,0,0,0
728,0,0,0,0,0,0
752,0,0,0,0,0,0
760,0,0,0,0,0,0
768,0,0,0,0,0,0
772,0,0,0,0,0,0
779,0,0,0,0,0,0
787,0,0,0,0,0,0
794,0,0,0,0,0,0
802,0,0,0,0,0,0
810,0,0,0,0,0,0
818,0,0,0,0,0,0
826,0,0,0,0,0,0
851,0,0,0,0,0,0
859,0,0,0,0,0,0
867,0,0,0,0,0,0
876,0,0,0,0,0,0
884,0,0,0,0,0,0
892,0,0,0,0,0,0
900,0,0,0,0,0,0
910,0,0,0,0,0,0
918,0,0,0,0,0,0
925,0,0,0,0,0,0
941,0,0,0,0,0,0
949,0,0,0,0,0,0
957,0,0,0,0,0,0
965,0,0,0,0,0,0
973,0,0,0,0,0,0
993,0,0,0,0,0,0
1001,0,0,0,0,0,0
1009,0,0,0,0,0,0
1019,0,0,0,0,0,0
1028,0,0,0,0,0,0
1035,0,0,0,0,0,0
1040,0,0,0,0,0,0
1048,0,0,0,0,0,0
1066,0,0,0,0,0,0
1074,0,0,0,0,0,0
1083,0,0,0,0,0,0
1092,0,0,0,0,0,0
1098,0,0,0,0,0,0
1115,0,0,0,0,0,0
1131,0,0,2,0,0,0
1161,0,0,0,0,0,0
1191,0,0,0,0,0,0
1199,0,0,0,0,0,0
1206,0,0,0,0,0,0
1228,0,0,0,0,0,0
1236,0,0,0,0,0,0
1244,0,0,0,0,0,0
1252,0,0,0,0,0,0
1260,0,0,0,0,0,0
1272,0,0,0,0,0,0
1278,0,0,0,0,0,0
1285,0,0,0,0,0,0
1293,0,2,1,0,0,0
1319,0,0,0,0,0,0
1325,0,0,0,0,0,0
1333,0,0,0,0,0,0
1342,0,0,0,0,0,0
1350,0,0,0,0,0,0
1372,0,0,0,0,0,0
1395,0,0,0,0,0,0
1426,0,0,0,0,0,0
1435,0,0,0,0,0,0
1442,0,0,0,0,0,0
1449,0,0,0,0,0,0
1532,0,0,0,0,0,0
1585,0,0,0,0,0,0
1593,0,0,0,0,0,0
1639,0,0,0,0,0,0
1678,0,0,0,0,0,0
1694,0,0,0,0,0,0
1800,0,0,0,0,0,0
1809,0,0,0,0,0,0
1837,0,0,0,0,0,0
1910,0,0,0,0,0,0
1940,0,0,0,0,0,0
2016,0,0,0,0,0,0
2169,0,0,0,0,0,0
2193,0,0,0,0,0,0
2200,0,0,0,0,0,0
2208,0,0,0,0,0,0
2214,0,0,0,0,0,0
2231,0,0,0,0,0,0
2239,0,0,0,0,0,0
2247,0,0,0,0,0,0
2253,0,0,0,0,0,0
2263,0,0,0,0,0,0
2270,0,0,0,0,0,0
2276,0,0,0,0,0,0
2284,0,0,0,0,0,0
2292,0,0,0,0,0,0
2300,0,0,0,0,0,0
2308,0,0,0,0,0,0
2313,0,0,0,0,0,0
2321,0,0,0,0,0,0
2329,0,0,0,0,0,0
2337,0,0,0,0,0,0
2345,0,0,0,0,0,0
2352,0,0,0,0,0,0
2359,0,0,0,0,0,0
2367,0,0,0,0,0,0
2375,0,0,0,0,0,0
2383,0,0,0,0,0,0
2391,0,0,0,0,0,0
2399,0,0,0,0,0,0
2408,0,0,0,0,0,0
2415,0,0,0,0,0,0
2424,0,0,0,0,0,0
2440,0,0,0,0,0,0
2448,0,0,0,0,0,0
2457,0,0,0,0,0,0
2469,0,0,0,0,0,0
2474,0,0,0,0,0,0
2482,0,0,0,0,0,0
2490,0,0,0,0,0,0
2498,0,0,0,0,0,0
2510,0,0,0,0,0,0
2534,0,0,0,0,0,0
2542,0,0,0,0,0,0
2550,0,0,0,0,0,0
2557,0,0,0,0,0,0
2566,0,0,0,0,0,0
2574,0,0,0,0,0,0
2582,0,0,0,0,0,0
2590,0,0,0,0,0,0
2614,0,0,0,0,0,0
2624,0,0,0,0,0,0
2633,0,0,0,0,0,0
2639,0,0,0,0,0,0
2646,0,0,0,0,0,0
2669,0,0,0,0,0,0
2677,0,0,0,0,0,0
2685,0,0,0,0,0,0
2691,0,0,0,0,0,0
2703,0,0,0,0,0,0
2710,0,0,0,0,0,0
2717,0,0,0,0,0,0
2725,0,0,0,0,0,0
2733,0,0,0,0,0,0
2740,0,0,0,0,0,0
2748,0,0,0,0,0,0
2777,0,0,0,0,0,0
2786,0,0,0,0,0,0
2795,0,0,0,0,0,0
2803,0,0,0,0,0,0
2811,0,0,0,0,0,0
2817,0,0,0,0,0,0
2825,0,0,0,0,0,0
2833,0,0,0,0,0,0
2863,0,0,0,0,0,0
2871,0,0,0,0,0,0
2885,0,0,0,0,0,0
2901,0,0,0,0,0,0
2909,0,0,0,0,0,0
2916,0,0,0,0,0,0
2923,0,0,0,0,0,0
2931,0,0,0,0,0,0
2937,0,0,0,0,0,0
2944,0,0,0,0,0,0
2955,0,0,0,0,0,0
2959,0,0,0,0,0,0
2969,0,0,0,0,0,0
2975,0,0,0,0,0,0
2981,0,0,0,0,0,0
2991,0,0,0,0,0,0
2996,0,0,0,0,0,0
3010,0,0,0,0,0,0
3017,0,0,0,0,0,0
3023,0,0,0,0,0,0
3029,0,0,0,0,0,0
3036,0,0,0,0,0,0
3043,0,0,0,0,0,0
3051,0,0,0,0,0,0
3056,0,0,0,0,0,0
3063,0,0,0,0,0,0
3071,0,0,0,0,0,0
3081,0,0,0,0,0,0
3092,0,0,0,0,0,0
3099,0,0,0,0,0,0
3105,0,0,0,0,0,0
3126,0,0,0,0,0,0
3133,0,0,0,0,0,0
3140,0,0,0,0,0,0
3157,0,0,0,0,0,0
3163,0,0,0,0,0,0
3170,0,0,0,0,0,0
3179,0,0,0,0,0,0
3188,0,0,0,0,0,0
3208,0,0,0,0,0,0
3213,0,0,0,0,0,0
3235,0,0,0,0,0,0
3241,0,0,0,0,0,0
3261,0,0,0,0,0,0
3269,0,0,0,0,0,0
3276,0,0,0,0,0,0
3281,0,0,0,0,0,0
3287,0,0,0,0,0,0
3294,0,0,0,0,0,0
3305,0,0,0,0,0,0
3313,0,0,0,0,0,0
3341,0,0,0,0,0,0
3348,0,0,0,0,0,0
3360,0,0,0,0,0,0
3366,0,0,0,0,0,0
3377,0,0,0,0,0,0
3384,0,0,0,0,0,0
3396,0,0,0,0,0,0
3402,0,0,0,0,0,0
3416,0,0,0,0,0,0
3422,0,0,0,0,0,0
3433,0,0,0,0,0,0
3438,0,0,0,0,0,0
3452,0,0,0,0,0,0
3458,0,0,0,0,0,0
3469,0,0,0,0,0,0
3475,0,0,0,0,0,0
3481,0,0,0,0,0,0
3493,0,0,0,0,0,0
3504,0,0,0,0,0,0
3510,0,0,0,0,0,0
3528,0,0,0,0,0,0
3540,0,0,0,0,0,0
3546,0,0,0,0,0,0
3559,0,0,0,0,0,0
3565,0,0,0,0,0,0
3584,0,0,0,0,0,0
3602,0,0,0,0,0,0
3620,0,0,0,0,0,0
3638,0,0,0,0,0,0
3654,0,0,0,0,0,0
3699,0,0,0,0,0,0
3719,0,0,0,0,0,0
3726,0,0,0,0,0,0
3744,0,0,0,0,0,0
3763,0,0,0,0,0,0
3782,0,0,0,0,0,0
3789,0,0,0,0,0,0
3800,0,0,0,0,0,0
3807,0,0,0,0,0,0
3825,0,0,0,0,0,0
3836,0,0,0,0,0,0
3853,0,0,0,0,0,0
3871,0,0,0,0,0,0
3882,0,0,0,0,0,0
3924,0,0,0,0,0,0
3978,0,0,0,0,0,0
3996,0,0,0,0,0,0
4024,0,0,0,0,0,0
4043,0,0,0,0,0,0
4059,0,0,0,0,0,0
4077,0,0,0,0,0,0
4095,0,0,0,0,0,0
4113,0,0,0,0,0,0
4257,0,0,0,0,0,0
4320,0,0,0,0,0,0
4375,0,0,0,0,0,0
4382,0,0,0,0,0,0
4388,0,0,0,0,0,0
4397,0,0,0,0,0,0
4402,0,0,0,0,0,0
4407,0,0,0,0,0,0
4413,0,0,0,0,0,0
4417,0,0,0,0,0,0
4423,0,0,0,0,0,0
4434,0,0,0,0,0,0
4440,0,0,0,0,0,0
4452,0,0,0,0,0,0
4457,0,0,0,0,0,0
4463,0,0,0,0,0,0
4469,0,0,0,0,0,0
4475,0,0,0,0,0,0
4482,0,0,0,0,0,0
4488,0,0,0,0,0,0
4494,0,0,0,0,0,0
4499,0,0,0,0,0,0
4505,0,0,0,0,0,0
4511,0,0,0,0,0,0
4518,0,0,0,0,0,0
4523,0,0,0,0,0,0
4529,0,0,0,0,0,0
4537,0,0,0,0,0,0
4543,0,0,0,0,0,0
4549,0,0,0,0,0,0
4555,0,0,0,0,0,0
4561,0,0,0,0,0,0
4568,0,0,0,0,0,0
4573,0,0,0,0,0,0
4582,0,0,0,0,0,0
4588,0,0,0,0,0,0
4594,0,0,0,0,0,0
4601,0,0,0,0,0,0
4607,0,0,0,0,0,0
4613,0,0,0,0,0,0
4619,0,0,0,0,0,0
4625,0,0,0,0,0,0
4631,0,0,0,0,0,0
4637,0,0,0,0,0,0
4644,0,0,0,0,0,0
4651,0,0,0,0,0,0
4656,0,0,0,0,0,0
4668,0,0,0,0,0,0
4681,0,0,0,0,0,0
4686,0,0,0,0,0,0
4692,0,0,0,0,0,0
4699,0,0,0,0,0,0
4705,0,0,0,0,0,0
4711,0,0,0,0,0,0
4717,0,0,0,0,0,0
4723,0,0,0,0,0,0
4728,0,0,0,0,0,0
4735,0,0,0,0,0,0
4741,0,0,0,0,0,0
4747,0,0,0,0,0,0
4752,0,0,0,0,0,0
4758,0,0,0,0,0,0
4764,0,0,0,0,0,0
4771,0,0,0,0,0,0
4776,0,0,0,0,0,0
4782,0,0,0,0,0,0
4793,0,0,0,0,0,0
4799,0,0,0,0,0,0
4805,0,0,0,0,0,0
4810,0,0,0,0,0,0
4816,0,0,0,0,0,0
4823,0,0,0,0,0,0
4829,0,0,0,0,0,0
4835,0,0,0,0,0,0
4841,0,0,0,0,0,0
4847,0,0,0,0,0,0
4852,0,0,0,0,0,0
4859,0,0,0,0,0,0
4865,0,0,0,0,0,0
4871,0,0,0,0,0,0
4877,0,0,0,0,0,0
4882,0,0,0,0,0,0
4888,0,0,0,0,0,0
4895,0,0,0,0,0,0
4901,0,0,0,0,0,0
4912,0,0,0,0,0,0
4919,0,0,0,0,0,0
4931,0,0,0,0,0,0
4937,0,0,0,0,0,0
4942,0,0,0,0,0,0
4954,0,0,0,0,0,0
4960,0,0,0,0,0,0
4966,0,0,0,0,0,0
4973,0,0,0,0,0,0
4979,0,0,0,0,0,0
4985,0,0,0,0,0,0
4991,0,0,0,0,0,0
4997,0,0,0,0,0,0
5005,0,0,0,0,0,0
5011,0,0,0,0,0,0
5017,0,0,0,0,0,0
5035,0,0,0,0,0,0
5041,0,0,0,0,0,0
15316,0,0,0,0,0,0
15322,0,0,0,0,0,0
15330,0,0,0,0,0,0
15340,0,0,0,0,0,0
15346,0,0,0,0,0,0
15354,0,0,0,0,0,0
15362,0,0,0,0,0,0
15370,0,0,0,0,0,0
15378,0,0,0,0,0,0
15387,0,0,0,0,0,0
15389,0,0,0,0,0,0
15399,0,0,0,0,0,0
15407,0,0,0,0,0,0
15415,0,0,0,0,0,0
15423,0,0,0,0,0,0
15431,0,0,0,0,0,0
15438,0,0,0,0,0,0
15444,0,0,0,0,0,0
15456,0,0,0,0,0,0
15463,0,0,0,0,0,0
15479,0,0,0,0,0,0
15487,0,0,0,0,0,0
15495,0,0,0,0,0,0
15504,0,0,0,0,0,0
15512,0,0,0,0,0,0
15520,0,0,0,0,0,0
15528,0,0,0,0,0,0
15536,0,0,0,0,0,0
15546,0,0,0,0,0,0
15552,0,0,0,0,0,0
15561,0,0,0,0,0,0
15572,0,0,0,0,0,0
15596,0,0,0,0,0,0
15604,0,0,0,0,0,0
15612,0,0,0,0,0,0
15620,0,0,0,0,0,0
15627,0,0,0,0,0,0
15634,0,0,0,0,0,0
15645,0,0,0,0,0,0
15652,0,0,0,0,0,0
15660,0,0,0,0,0,0
15668,0,0,0,0,0,0
15675,0,0,0,0,0,0
15683,0,0,0,0,0,0
15691,0,0,0,0,0,0
15698,0,0,0,0,0,0
15705,0,0,0,0,0,0
15725,0,0,0,0,0,0
15758,0,0,0,0,0,0
15766,0,0,0,0,0,0
15774,0,0,0,0,0,0
15782,0,0,0,0,0,0
15790,0,0,0,0,0,0
15798,0,0,0,0,0,0
15806,0,0,0,0,0,0
15815,0,0,0,0,0,0
15825,0,0,0,0,0,0
15832,0,0,0,0,0,0
15839,0,0,0,0,0,0
15847,0,0,0,0,0,0
15855,0,0,0,0,0,0
15863,0,0,0,0,0,0
15868,0,0,0,0,0,0
15876,0,0,0,0,0,0
15886,0,0,0,0,0,0
15895,0,0,0,0,0,0
15903,0,0,0,0,0,0
15911,0,0,0,0,0,0
15919,0,0,0,0,0,0
15927,0,0,0,0,0,0
15935,0,0,0,0,0,0
15943,0,0,0,0,0,0
15951,0,0,0,0,0,0
15979,0,0,0,0,0,0
15986,0,0,0,0,0,0
15995,0,0,0,0,0,0
16004,0,0,0,0,0,0
16019,0,0,0,0,0,0
16027,0,0,0,0,0,0
16033,0,0,0,0,0,0
16042,0,0,0,0,0,0
16056,0,0,0,0,0,0
16065,0,0,0,0,0,0
16074,0,0,0,0,0,0
16083,0,0,0,0,0,0
16092,0,0,0,0,0,0
16100,0,0,0,0,0,0
16108,0,0,0,0,0,0
16116,0,0,0,0,0,0
16121,0,0,0,0,0,0
16129,0,0,0,0,0,0
16140,0,0,0,0,0,0
16147,0,0,0,0,0,0
16154,0,0,0,0,0,0
16162,0,0,0,0,0,0
16170,0,0,0,0,0,0
16178,0,0,0,0,0,0
16185,0,0,0,0,0,0
16190,0,0,0,0,0,0
16198,0,0,0,0,0,0
16206,0,0,0,0,0,0
16214,0,0,0,0,0,0
16222,0,0,0,0,0,0
16230,0,0,0,0,0,0
16238,0,0,0,0,0,0
16246,0,0,0,0,0,0
16254,0,0,0,0,0,0
16260,0,0,0,0,0,0
16268,0,0,0,0,0,0
16275,0,0,0,0,0,0
16282,0,0,0,0,0,0
16293,0,0,0,0,0,0
16307,0,0,0,0,0,0
16315,0,0,0,0,0,0
16323,0,0,0,0,0,0
16331,0,0,0,0,0,0
16339,0,0,0,0,0,0
16346,0,0,0,0,0,0
16356,0,0,0,0,0,0
16361,0,0,0,0,0,0
16377,0,0,0,0,0,0
16384,0,0,0,0,0,0
16392,0,0,0,0,0,0
16400,0,0,0,0,0,0
16408,0,0,0,0,0,0
16417,0,0,0,0,0,0
16430,0,0,0,0,0,0
16436,0,0,0,0,0,0
16446,0,0,0,0,0,0
16454,0,0,0,0,0,0
16462,0,0,0,0,0,0
16471,0,0,0,0,0,0
16494,0,0,0,0,0,0
16502,0,0,0,0,0,0
16509,0,0,0,0,0,0
16520,0,0,0,0,0,0
16526,0,0,0,0,0,0
16539,0,0,0,0,0,0
16547,0,0,0,0,0,0
16554,0,0,0,0,0,0
16560,0,0,0,0,0,0
16571,0,0,0,0,0,0
16581,0,0,0,0,0,0
16586,0,0,0,0,0,0
16594,0,0,0,0,0,0
16601,0,0,0,0,0,0
16610,0,0,0,0,0,0
16618,0,0,0,0,0,0
16624,0,0,0,0,0,0
16633,0,0,0,0,0,0
16644,0,0,0,0,0,0
16650,0,0,0,0,0,0
16658,0,0,0,0,0,0
16666,0,0,0,0,0,0
16675,0,0,0,0,0,0
16683,0,0,0,0,0,0
16698,0,0,0,0,0,0
16709,0,0,0,0,0,0
16716,0,0,0,0,0,0
16725,0,0,0,0,0,0
16732,0,0,0,0,0,0
16743,0,0,0,0,0,0
16753,0,0,0,0,0,0
16761,0,0,0,0,0,0
16804,0,0,0,0,0,0
16817,0,0,0,0,0,0
16833,0,0,0,0,0,0
16871,0,0,0,0,0,0
16876,0,0,0,0,0,0
16884,0,0,0,0,0,0
16896,0,0,0,0,0,0
16911,0,0,0,0,0,0
16920,0,0,0,0,0,0
16928,0,0,0,0,0,0
16950,0,0,0,0,0,0
16959,0,0,0,0,0,0
16967,0,0,0,0,0,0
16974,0,0,0,0,0,0
16979,0,0,0,0,0,0
16989,0,0,0,0,0,0
16997,0,0,0,0,0,0
17005,0,0,0,0,0,0
17064,0,0,0,0,0,0
17076,0,0,0,0,0,0
17136,0,0,0,0,0,0
17168,0,0,0,0,0,0
17210,0,0,0,0,0,0
17218,0,0,0,0,0,0
17226,0,0,0,0,0,0
17246,0,0,0,0,0,0
17253,0,0,0,0,0,0
17280,0,0,0,0,0,0
17299,0,0,0,0,0,0
17317,0,0,0,0,0,0
17343,0,0,0,0,0,0
17425,0,0,0,0,0,0
17443,0,0,0,0,0,0
17453,0,0,0,0,0,0
17461,0,0,0,0,0,0
17469,0,0,0,0,0,0
17500,0,0,0,0,0,0
17510,0,0,0,0,0,0
17516,0,0,0,0,0,0
17526,0,0,0,0,0,0
17537,0,0,0,0,0,0
17543,0,0,0,0,0,0
17552,0,0,0,0,0,0
17562,0,0,0,0,0,0
17570,0,0,0,0,0,0
17578,0,0,0,0,0,0
17586,0,0,0,0,0,0
17594,0,0,0,0,0,0
17602,0,0,0,0,0,0
17610,0,0,0,0,0,0
17618,0,0,0,0,0,0
17625,0,0,0,0,0,0
17631,0,0,0,0,0,0
17639,0,0,0,0,0,0
17647,0,0,0,0,0,0
17655,0,0,0,0,0,0
17671,0,0,0,0,0,0
17679,0,0,0,0,0,0
17684,0,0,0,0,0,0
17693,0,0,0,0,0,0
17701,0,0,0,0,0,0
17710,0,0,0,0,0,0
17718,0,0,0,0,0,0
17727,0,0,0,0,0,0
17735,0,0,0,0,0,0
17743,0,0,0,0,0,0
17754,0,0,0,0,0,0
17762,0,0,0,0,0,0
17770,0,0,0,0,0,0
17780,0,0,0,0,0,0
17789,0,0,0,0,0,0
17799,0,0,0,0,0,0
17809,0,0,0,0,0,0
17815,0,0,0,0,0,0
17826,0,0,0,0,0,0
17833,0,0,0,0,0,0
17841,0,0,0,0,0,0
17849,0,0,0,0,0,0
17858,0,0,0,0,0,0
17866,0,0,0,0,0,0
17872,0,0,0,0,0,0
17880,0,0,0,0,0,0
17888,0,0,0,0,0,0
17895,0,0,0,0,0,0
17904,0,0,0,0,0,0
17923,0,0,0,0,0,0
17931,0,0,0,0,0,0
17939,0,0,0,0,0,0
17945,0,0,0,0,0,0
17953,0,0,0,0,0,0
17961,0,0,0,0,0,0
17969,0,0,0,0,0,0
17977,0,0,0,0,0,0
17985,0,0,0,0,0,0
17993,0,0,0,0,0,0
18001,0,0,0,0,0,0
18018,0,0,0,0,0,0
18030,0,0,0,0,0,0
18044,0,0,0,0,0,0
18053,0,0,0,0,0,0
18060,0,0,0,0,0,0
18068,0,0,0,0,0,0
18076,0,0,0,0,0,0
18084,0,0,0,0,0,0
18092,0,0,0,0,0,0
18101,0,0,0,0,0,0
18110,0,0,0,0,0,0
18118,0,0,0,0,0,0
18126,0,0,0,0,0,0
18134,0,0,0,0,0,0
18142,0,0,0,0,0,0
18157,0,0,0,0,0,0
18165,0,0,0,0,0,0
18172,0,0,0,0,0,0
18181,0,0,0,0,0,0
18197,0,0,0,0,0,0
18205,0,0,0,0,0,0
18213,0,0,0,0,0,0
18221,0,0,0,0,0,0
18229,0,0,0,0,0,0
18239,0,0,0,0,0,0
18247,0,0,0,0,0,0
18255,0,0,0,0,0,0
18268,0,0,0,0,0,0
18277,0,0,0,0,0,0
18285,0,0,0,0,0,0
18297,0,0,0,0,0,0
18307,0,0,0,0,0,0
18315,0,0,0,0,0,0
18323,0,0,0,0,0,0
18331,0,0,0,0,0,0
18339,0,0,0,0,0,0
18347,0,0,0,0,0,0
18354,0,0,0,0,0,0
18360,0,0,0,0,0,0
18369,0,0,0,0,0,0
18377,0,0,0,0,0,0
18385,0,0,0,0,0,0
18393,0,0,0,0,0,0
18408,0,0,0,0,0,0
18414,0,0,0,0,0,0
18426,0,0,0,0,0,0
18432,0,0,0,0,0,0
18440,0,0,0,0,0,0
18448,0,0,0,0,0,0
18455,0,0,0,0,0,0
18463,0,0,0,0,0,0
18471,0,0,0,0,0,0
18484,0,0,0,0,0,0
18490,0,0,0,0,0,0
18503,0,0,0,0,0,0
18511,0,0,0,0,0,0
18520,0,0,0,0,0,0
18525,0,0,0,0,0,0
18539,0,0,0,0,0,0
18547,0,0,0,0,0,0
18552,0,0,0,0,0,0
18560,0,0,0,0,0,0
18570,0,0,0,0,0,0
18575,0,0,0,0,0,0
18582,0,0,0,0,0,0
18588,0,0,0,0,0,0
18593,0,0,0,0,0,0
18599,0,0,0,0,0,0
18607,0,0,0,0,0,0
18613,0,0,0,0,0,0
18621,0,0,0,0,0,0
18629,0,0,0,0,0,0
18636,0,0,0,0,0,0
18643,0,0,0,0,0,0
18649,0,0,0,0,0,0
18656,0,0,0,0,0,0
18663,0,0,0,0,0,0
18669,0,0,0,0,0,0
18674,0,0,0,0,0,0
18681,0,0,0,0,0,0
18688,0,0,0,0,0,0
18695,0,0,0,0,0,0
18703,0,0,0,0,0,0
18710,0,0,0,0,0,0
18719,0,0,0,0,0,0
18726,0,0,0,0,0,0
18736,0,0,0,0,0,0
18743,0,0,0,0,0,0
18753,0,0,0,0,0,0
18763,0,0,0,0,0,0
18770,0,0,0,0,0,0
18779,0,0,0,0,0,0
18787,0,0,0,0,0,0
18794,0,0,0,0,0,0
18801,0,0,0,0,0,0
18808,0,0,0,0,0,0
18815,0,0,0,0,0,0
18822,0,0,0,0,0,0
18828,0,0,0,0,0,0
18835,0,0,0,0,0,0
18842,0,0,0,0,0,0
18850,0,0,0,0,0,0
18855,0,0,0,0,0,0
18862,0,0,0,0,0,0
18869,0,0,0,0,0,0
18877,0,0,0,0,0,0
18884,0,0,0,0,0,0
18897,0,0,0,0,0,0
18904,0,0,0,0,0,0
18911,0,0,0,0,0,0
18918,0,0,0,0,0,0
18925,0,0,0,0,0,0
18932,0,0,0,0,0,0
18939,0,0,0,0,0,0
18946,0,0,0,0,0,0
18952,0,0,0,0,0,0
18961,0,0,0,0,0,0
18971,0,0,0,0,0,0
18977,0,0,0,0,0,0
18985,0,0,0,0,0,0
18993,0,0,0,0,0,0
19003,0,0,0,0,0,0
19012,0,0,0,0,0,0
19022,0,0,0,0,0,0
19031,0,0,0,0,0,0
19056,0,0,0,0,0,0
19062,0,0,0,0,0,0
19069,0,0,0,0,0,0
19076,0,0,0,0,0,0
19083,0,0,0,0,0,0
19087,0,0,0,0,0,0
19094,0,0,0,0,0,0
19100,0,0,0,0,0,0
19110,0,0,0,0,0,0
19115,0,0,0,0,0,0
19122,0,0,0,0,0,0
19129,0,0,0,0,0,0
19136,0,0,0,0,0,0
19143,0,0,0,0,0,0
19150,0,0,0,0,0,0
19158,0,0,0,0,0,0
19165,0,0,0,0,0,0
19172,0,0,0,0,0,0
19178,0,0,0,0,0,0
19185,0,0,0,0,0,0
19192,0,0,0,0,0,0
19213,0,0,0,0,0,0
19219,0,0,0,0,0,0
19232,0,0,0,0,0,0
19238,0,0,0,0,0,0
19246,0,0,0,0,0,0
19266,0,0,0,0,0,0
19274,0,0,0,0,0,0
19300,0,0,0,0,0,0
19307,0,0,0,0,0,0
19315,0,0,0,0,0,0
19328,0,0,0,0,0,0
19335,0,0,0,0,0,0
19347,0,0,0,0,0,0
19354,0,0,0,0,0,0
19369,0,0,0,0,0,0
19389,0,0,0,0,0,0
19396,0,0,0,0,0,0
19410,0,0,0,0,0,0
19417,0,0,0,0,0,0
19424,0,0,0,0,0,0
19431,0,0,0,0,0,0
19438,0,0,0,0,0,0
19479,0,0,0,0,0,0
19511,0,0,0,0,0,0
19519,0,0,0,0,0,0
19542,0,0,0,0,0,0
19548,0,0,0,0,0,0
19557,0,0,0,0,0,0
19566,0,0,0,0,0,0
19587,0,0,0,0,0,0
19598,0,0,0,0,0,0
19605,0,0,0,0,0,0
19614,0,0,0,0,0,0
19622,0,0,0,0,0,0
19629,0,0,0,0,0,0
19643,0,0,0,0,0,0
19652,0,0,0,0,0,0
19660,0,0,0,0,0,0
19667,0,0,0,0,0,0
19674,0,0,0,0,0,0
19689,0,0,0,0,0,0
19696,0,0,0,0,0,0
19702,0,0,0,0,0,0
19711,0,0,0,0,0,0
19718,0,0,0,0,0,0
19725,0,4,0,0,0,3
19732,0,0,0,0,0,0
19739,0,0,0,0,0,0
19748,0,0,0,0,0,0
19757,0,0,0,0,0,0
19767,0,0,0,0,0,0
19774,0,0,0,0,0,0
19781,0,0,0,0,0,0
19788,0,0,0,0,0,0
19795,0,0,0,0,0,0
19802,0,0,0,0,0,0
19808,0,0,0,0,0,0
19815,0,2,0,0,0,0
19822,0,0,0,0,0,0
19829,0,0,0,0,0,0
19835,0,0,0,0,0,0
19842,0,3,0,0,0,0
19850,0,0,0,0,0,0
19857,0,0,0,0,0,0
19864,0,0,0,0,0,0
19873,0,0,0,0,0,0
19880,0,0,0,0,0,0
19886,0,0,0,0,0,0
19893,0,0,0,0,0,0
19898,0,0,0,0,0,0
19907,0,0,0,0,0,0
19915,0,0,0,0,0,0
19922,0,0,0,0,0,0
19929,0,0,0,2,1,0
19934,0,0,0,0,0,0
19941,0,0,0,2,2,0
19948,0,0,0,0,0,0
19954,0,0,0,0,0,0
19962,0,0,0,0,0,0
19970,0,0,0,0,0,0
19977,4,6,0,0,0,8
19983,1,0,0,0,0,0
19988,0,0,0,0,0,0
19995,4,5,0,0,0,6
20002,0,0,0,0,0,0
20008,0,0,0,0,0,0
20015,0,0,0,0,0,0
20022,0,0,0,0,0,0
20029,0,0,0,0,0,0
20036,0,0,0,0,0,0
20043,0,0,0,0,0,0
20050,0,0,0,0,0,0
20056,0,0,0,0,0,0
20063,0,0,0,0,0,0
20070,0,0,0,0,0,0
20074,0,0,0,0,0,0
20082,0,0,0,0,0,0
20087,0,0,0,0,0,0
20101,0,0,0,0,0,0
20108,0,0,0,0,0,0
20115,0,0,0,0,0,0
20128,0,0,0,0,0,0
20135,0,0,0,0,0,0
20142,0,0,0,0,0,0
20149,0,0,0,0,0,0
20156,0,0,0,0,0,0
20162,0,0,0,0,0,0
20169,0,0,0,0,0,0
20176,0,0,0,0,1,0
20183,0,0,0,0,0,0
20190,0,0,0,1,1,0
20197,0,0,0,0,0,0
20204,0,0,0,0,0,0
20211,1,7,0,0,0,7
20218,0,0,0,0,0,0
20225,0,0,0,0,0,0
20234,0,0,0,0,0,0
20243,0,0,0,0,0,0
20252,0,0,0,0,0,0
20259,0,0,0,0,0,0
20272,0,0,0,0,0,0
20279,0,0,0,0,0,0
20286,0,0,0,0,0,0
20300,0,0,0,0,0,0
20307,0,0,0,0,0,0
20314,0,0,0,0,0,0
20321,0,0,0,0,0,0
20329,0,0,0,0,0,0
20344,0,0,0,0,0,0
20351,0,0,0,0,0,0
20358,0,0,0,0,0,0
20372,0,0,0,0,0,0
20380,0,0,0,0,0,0
20387,0,0,0,0,0,0
20394,0,0,0,0,0,0
20407,0,0,0,0,0,0
20414,0,0,0,0,0,0
20420,0,0,0,0,0,0
20427,0,0,0,0,0,0
20434,0,0,0,0,0,0
20441,0,0,0,0,0,0
20450,0,0,0,0,0,0
20458,0,0,0,0,0,0
20464,0,0,0,0,0,0
20471,0,0,0,0,0,0
20478,0,0,0,0,0,0
20484,0,0,0,0,0,0
20492,0,0,0,0,0,0
20499,0,0,0,0,0,0
20506,0,0,0,0,0,0
20513,0,0,0,0,0,0
20519,0,0,0,0,0,0
20527,0,0,0,0,0,0
20534,0,0,0,0,0,0
20541,0,0,0,0,0,0
20548,0,0,0,0,0,0
20555,0,0,0,0,0,0
20562,0,0,1,0,0,0
20569,0,0,0,0,0,0
20576,0,0,0,0,0,0
20583,0,0,0,0,0,0
20590,0,0,0,0,0,0
20597,0,0,0,0,0,0
20604,0,0,0,0,0,0
20611,0,0,0,0,0,0
20618,0,0,0,0,0,0
20625,0,0,0,0,0,0
20632,0,0,0,0,0,0
20638,0,0,0,0,0,0
20645,0,0,0,0,0,0
20653,0,0,0,0,0,0
20659,0,0,0,0,0,0
20664,0,0,0,0,0,0
20670,0,0,2,0,0,0
20677,0,0,0,0,0,0
20686,0,0,0,0,0,0
20692,0,0,0,0,0,0
20700,0,0,0,0,0,0
20710,0,0,0,0,0,0
20717,0,0,0,0,0,0
20724,0,2,1,0,0,0
20732,0,0,0,0,0,0
20739,0,0,0,0,0,0
20746,0,0,0,0,0,0
20754,0,0,0,0,0,0
20761,0,0,0,0,0,0
20776,0,0,0,0,0,0
20785,0,0,0,0,0,0
20793,0,0,0,0,0,0
20800,0,0,0,0,0,0
20807,0,0,0,0,0,0
20814,0,1,2,0,0,0
20821,0,0,0,0,0,0
20829,0,0,0,0,0,0
20835,0,0,0,0,0,0
20849,0,0,0,0,0,0
20864,0,0,0,0,0,0
20871,0,0,0,0,0,0
20876,0,0,0,0,0,0
20883,0,0,0,0,0,0
20891,0,0,0,0,0,0
20898,0,0,0,0,0,0
20904,0,0,1,0,0,0
20912,0,0,0,0,0,0
20918,0,0,0,0,0,0
20925,0,0,0,0,0,0
20932,0,0,0,0,0,0
20939,0,0,0,0,0,0
20946,0,0,0,0,0,0
20952,0,0,0,0,0,0
20959,0,0,1,0,0,0
20966,0,0,0,0,0,0
20973,0,0,0,0,0,0
20979,0,0,0,0,0,0
20993,0,0,0,0,0,0
21001,0,0,0,0,0,0
21008,0,0,0,0,0,0
21020,0,0,0,0,0,0
21027,0,0,0,0,0,0
21034,0,0,0,0,0,0
21047,0,0,0,0,0,0
21053,0,0,0,0,0,0
21061,0,0,0,0,0,0
21081,0,0,0,0,0,0
21087,0,0,0,0,0,0
21101,0,0,0,0,0,0
21109,0,0,0,0,0,0
21116,0,0,0,0,0,0
21123,0,0,0,0,0,0
21128,0,0,0,0,0,0
21134,0,0,0,0,0,0
21141,0,0,0,0,0,0
21162,0,0,0,0,0,0
21169,0,0,0,0,0,0
21189,0,0,0,0,0,0
21195,0,0,0,0,0,0
21208,0,0,0,0,0,0
21222,0,0,0,0,0,0
21231,0,0,0,0,0,0
21244,0,0,0,0,0,0
21252,0,0,0,0,0,0
21259,0,0,0,0,0,0
21280,0,0,0,0,0,0
21286,0,0,0,0,0,0
21299,0,0,0,0,0,0
21312,0,0,0,0,0,0
21323,0,0,0,0,0,0
21330,0,0,0,0,0,0
21344,0,0,0,0,0,0
21350,0,0,0,0,0,0
21357,0,0,0,0,0,0
21370,0,0,0,0,0,0
21377,0,0,0,0,0,0
21384,0,0,0,0,0,0
21422,0,0,0,0,0,0
21429,0,0,0,0,0,0
21448,0,0,0,0,0,0
21456,0,0,0,0,0,0
21485,0,0,0,0,0,0
21492,0,0,0,0,0,0
21514,0,0,0,0,0,0
21521,0,0,0,0,0,0
21528,0,0,0,0,0,0
21542,0,0,0,0,0,0
21564,0,0,0,0,0,0
21595,0,0,0,0,0,0
21605,0,0,0,0,0,0
21611,0,0,0,0,0,0
21620,0,0,0,0,0,0
21636,0,0,0,0,0,0
21664,0,0,0,0,0,0
21672,0,0,0,0,0,0
21701,0,0,0,0,0,0
21754,0,0,0,0,0,0
21773,0,0,0,0,0,0
21782,0,0,0,0,0,0
21789,0,0,0,0,0,0
21826,0,0,0,0,0,0
21853,0,0,0,0,0,0
21873,0,0,0,0,0,0
21895,0,0,0,0,0,0
21903,0,0,0,0,0,0
21909,0,0,0,0,0,0
21916,0,0,0,0,0,0
21923,0,0,0,0,0,0
21930,0,0,0,0,0,0
21936,0,0,0,0,0,0
21943,0,0,0,0,0,0
21951,0,0,0,0,0,0
21958,0,0,0,0,0,0
21965,0,0,0,0,0,0
21972,0,0,0,0,0,0
21977,0,0,0,0,0,0
21984,0,0,0,0,0,0
21990,0,0,0,0,0,0
21996,0,0,0,0,0,0
22004,0,0,0,0,0,0
22011,0,0,0,0,0,0
22017,0,0,0,0,0,0
22022,0,0,0,0,0,0
22029,0,0,0,0,0,0
22036,0,0,0,0,0,0
22043,0,0,0,0,0,0
22057,0,0,0,0,0,0
22064,0,0,0,0,0,0
22071,0,0,0,0,0,0
22078,0,0,0,0,0,0
22085,0,0,0,0,0,0
22092,0,0,0,0,0,0
22099,0,0,0,0,0,0
22106,0,0,0,0,0,0
22114,0,0,0,0,0,0
22129,0,0,0,0,0,0
22136,0,0,0,0,0,0
22141,0,0,0,0,0,0
22149,0,0,0,0,0,0
22158,0,0,0,0,0,0
22167,0,0,0,0,0,0
22174,0,0,0,0,0,0
22181,0,0,0,0,0,0
22188,0,0,0,0,0,0
22194,0,0,0,0,0,0
22208,0,0,0,0,0,0
22215,0,0,0,0,0,0
22221,0,0,0,0,0,0
22228,0,0,0,0,0,0
22235,0,0,0,0,0,0
22242,0,0,0,0,0,0
22249,0,0,0,0,0,0
22256,0,0,0,0,0,0
22263,0,0,0,0,0,0
22269,0,0,0,0,0,0
22276,0,0,0,0,0,0
22289,0,0,0,0,0,0
22297,0,0,0,0,0,0
22303,0,0,0,0,0,0
22316,0,0,0,0,0,0
22324,0,0,0,0,0,0
22331,0,0,0,0,0,0
22337,0,0,0,0,0,0
22352,0,0,0,0,0,0
22359,0,0,0,1,1,0
22366,0,0,0,0,0,0
22372,0,0,0,1,0,0
22380,0,0,0,1,1,0
22387,0,0,0,0,0,0
22393,0,0,0,0,0,0
22399,0,0,0,0,0,0
22406,0,0,0,0,0,0
22413,0,0,0,0,0,0
22420,0,0,0,0,0,0
22427,0,0,0,0,0,0
22434,0,0,0,0,0,0
22441,0,0,0,0,0,0
22448,0,0,0,0,0,0
22457,0,0,0,0,0,0
22466,0,0,0,0,0,0
22474,0,0,0,0,0,0
22481,0,0,0,0,0,0
22488,0,0,0,0,0,0
22495,0,0,0,0,0,0
22501,0,0,0,0,0,0
22507,0,0,0,0,0,0
22515,0,0,0,0,0,0
22528,0,0,0,0,0,0
22537,0,0,0,0,0,0
53419,0,0,0,0,0,0
53428,0,0,0,0,0,0
53436,0,0,0,0,0,0
53444,0,0,0,0,0,0
53452,0,0,0,0,0,0
53460,0,0,0,1,2,0
53468,0,0,0,0,0,0
53484,0,0,0,2,2,0
53493,0,0,0,2,0,0
53501,0,0,0,0,0,0
53509,0,0,0,0,0,0
53516,0,0,0,0,0,0
53526,0,0,0,0,0,0
53532,0,0,0,0,0,0
53540,0,0,0,0,0,0
53548,0,0,0,0,0,0
53556,0,0,0,0,0,0
53564,0,0,0,1,1,0
53572,0,0,0,0,0,0
53581,0,0,0,0,0,0
53589,0,0,0,0,0,0
53596,0,0,0,0,0,0
53605,0,0,0,0,0,0
53613,0,0,0,0,0,0
53621,0,0,0,0,0,0
53628,0,0,0,0,0,0
53636,0,0,0,0,0,0
53644,0,0,0,0,1,0
53652,0,0,0,0,0,0
53660,0,0,0,0,0,0
53667,0,0,0,0,0,0
53676,0,0,0,0,0,0
53687,0,0,0,0,0,0
53692,0,0,0,0,0,0
53701,0,0,0,0,0,0
53708,0,0,0,3,3,0
53717,0,0,0,3,3,0
53725,0,0,0,2,4,0
53732,0,0,0,0,0,0
53744,0,0,0,0,1,0
53750,0,0,0,0,0,0
53761,0,0,0,0,0,0
53767,0,0,0,0,0,0
53778,0,0,0,0,0,0
53784,0,0,0,0,0,0
53792,0,0,0,0,0,0
53800,0,0,0,0,0,0
53808,0,0,0,0,0,0
53816,0,0,0,0,0,0
53824,0,0,0,0,0,0
53830,0,0,0,0,0,0
53840,0,0,0,0,0,0
53851,0,0,0,0,0,0
53857,0,0,0,0,0,0
53876,0,0,0,0,0,0
53884,0,0,0,0,0,0
53892,0,0,0,0,0,0
53900,0,0,0,0,0,0
53909,0,0,0,0,0,0
53917,0,0,0,0,0,0
53924,0,0,0,0,0,0
53933,0,0,0,0,0,0
53941,0,0,0,0,0,0
53958,0,0,0,0,0,0
53963,0,0,0,0,0,0
53971,0,0,0,0,0,0
53980,0,0,0,0,0,0
53988,0,0,0,0,0,0
53995,0,0,0,0,0,0
54022,0,0,0,0,0,0
54030,0,0,0,0,0,0
54036,0,0,0,0,0,0
54047,0,0,0,0,0,0
54055,0,0,0,0,0,0
54061,0,0,0,0,0,0
54068,0,0,0,0,0,0
54078,0,0,0,0,0,0
54087,0,0,0,0,0,0
54095,0,0,0,0,0,0
54102,0,0,0,0,0,0
54111,0,0,0,0,0,0
54119,0,0,0,0,0,0
54124,0,0,0,0,0,0
54132,0,0,0,0,0,0
54140,0,0,0,0,0,0
54149,0,0,0,0,0,0
54157,0,0,0,0,0,0
54165,0,0,0,0,0,0
54173,0,0,0,0,0,0
54180,0,0,0,0,0,0
54188,0,0,0,0,0,0
54196,0,0,0,0,0,0
54204,0,0,0,0,0,0
54221,0,0,0,0,0,0
54229,0,0,0,0,0,0
54235,0,0,0,0,0,0
54243,0,0,0,0,0,0
54251,0,0,0,0,0,0
54259,0,0,0,0,0,0
54265,0,0,0,0,0,0
54272,0,0,0,0,0,0
54279,0,0,0,0,0,0
54286,0,0,0,0,0,0
54302,0,0,0,0,0,0
54310,0,0,0,0,0,0
54318,0,0,0,0,0,0
54326,0,0,0,0,0,0
54334,0,0,0,0,0,0
54342,0,0,0,0,0,0
54350,0,0,0,0,0,0
54358,0,0,0,0,0,0
54366,0,0,0,0,0,0
54374,0,0,0,0,0,0
54382,0,0,0,0,0,0
54390,0,0,0,0,0,0
54398,0,0,0,0,0,0
54406,0,0,0,0,0,0
54410,0,0,0,0,0,0
54418,0,0,0,0,0,0
54428,0,0,0,0,0,0
54436,0,0,0,0,0,0
54450,0,0,0,0,0,0
54460,0,0,0,0,0,0
54474,0,0,0,0,0,0
54482,0,0,0,0,0,0
54490,0,0,0,0,0,0
54498,0,0,0,0,0,0
54505,0,0,0,0,0,0
54513,0,0,0,0,0,0
54554,0,0,0,0,0,0
54562,0,0,0,0,0,0
54569,0,0,0,0,0,0
54572,0,0,0,0,0,0
54580,0,0,0,0,0,0
54588,0,0,0,0,0,0
54597,0,0,0,0,0,0
54605,0,0,0,0,0,0
54613,0,0,0,0,0,0
54621,0,0,0,0,0,0
54629,0,0,0,0,0,0
54637,0,0,0,0,0,0
54645,0,0,0,0,0,0
54655,0,0,0,0,0,0
54665,0,0,0,0,0,0
54673,0,0,0,0,0,0
54680,0,0,0,1,2,0
54705,0,0,0,0,0,0
54720,0,0,0,0,0,0
54729,0,0,0,0,0,0
54747,0,0,0,0,0,0
54756,0,0,0,0,0,0
54764,0,0,0,0,0,0
54772,0,0,0,0,0,0
54778,0,0,0,0,0,0
54787,0,0,0,0,0,0
54791,0,0,0,0,0,0
54799,0,0,0,0,0,0
54807,0,0,0,0,0,0
54814,0,0,0,0,0,0
54821,0,0,0,0,0,0
54832,0,0,0,0,0,0
54853,0,0,0,0,0,0
54861,0,0,0,0,0,0
54869,0,0,0,0,0,0
54876,0,0,0,0,0,0
54885,0,0,0,0,0,0
54899,0,0,0,0,0,0
54906,0,0,0,0,0,0
54913,0,0,0,0,0,0
54927,0,5,0,2,2,0
54944,0,0,0,2,2,0
54951,0,0,0,2,1,0
54958,0,0,0,0,0,0
54967,0,0,0,0,0,0
54975,0,0,0,0,0,0
54995,0,0,0,0,0,0
55002,0,0,0,0,0,0
55008,0,0,0,0,0,0
55015,0,0,0,0,0,0
55022,0,0,0,0,0,0
55028,0,0,0,0,0,0
55035,0,0,0,0,0,0
55043,0,0,0,0,0,0
55050,0,0,0,0,0,0
55057,0,0,0,0,0,0
55064,0,0,0,0,0,0
55071,0,0,0,0,0,0
55078,0,0,0,0,0,0
55085,0,0,0,0,0,0
55094,0,0,0,0,0,0
55101,0,0,0,0,0,0
55115,0,0,0,0,0,0
55122,0,0,0,0,0,0
55128,0,0,0,0,0,0
55144,0,0,0,0,0,0
55151,0,0,0,0,0,0
55158,0,0,0,0,0,0
55165,0,0,0,0,2,0
55178,0,0,0,2,2,0
55185,0,0,0,2,2,0
55192,0,0,0,0,0,0
55205,0,0,0,0,1,0
55212,0,0,0,2,2,0
55219,0,0,0,0,0,0
55233,3,0,0,0,0,3
55242,0,0,0,0,0,0
55249,0,0,0,0,0,0
55256,0,0,0,0,0,0
55263,0,0,0,0,0,0
55278,0,0,0,0,0,0
55285,0,0,0,0,0,0
55292,0,0,0,0,0,0
55299,0,0,0,0,0,0
55306,0,0,0,0,0,0
55313,0,0,0,0,0,0
55320,0,0,0,0,0,0
55327,0,0,0,0,0,0
55349,0,0,0,0,0,0
55356,0,0,0,0,0,0
55363,0,0,0,0,0,0
55370,0,0,0,0,0,0
55384,0,0,0,0,0,0
55391,0,0,0,0,0,0
55398,0,0,0,0,0,0
55420,0,0,0,0,0,0
55428,0,0,0,0,0,0
55435,0,0,0,0,0,0
55449,0,0,0,0,0,0
55457,0,0,0,0,0,0
55464,0,0,0,0,0,0
55470,0,0,0,0,0,0
55484,0,0,0,0,0,0
55491,0,0,0,0,0,0
55498,0,0,0,0,0,0
55503,0,0,0,0,0,0
55511,0,0,0,0,0,0
55518,0,0,0,0,0,0
55525,0,0,0,0,0,0
55535,0,0,0,0,0,0
55542,0,0,0,0,0,0
55548,0,0,0,0,0,0
55555,0,0,0,0,0,0
55562,0,0,0,0,0,0
55569,0,0,0,0,0,0
55577,0,0,0,0,0,0
55592,0,0,0,0,0,0
55599,0,0,0,0,0,0
55606,0,0,0,0,0,0
55614,0,0,0,0,0,0
55620,0,0,0,0,0,0
55628,0,0,0,0,0,0
55635,0,0,0,0,0,0
55642,0,0,0,0,0,0
55653,0,0,0,3,3,0
55664,0,0,0,2,3,0
55671,0,0,0,1,1,0
55678,0,0,0,0,0,0
55690,0,0,0,0,0,0
55696,0,0,0,0,0,0
55710,0,0,0,0,0,0
55717,0,0,0,0,0,0
55724,0,0,0,0,0,0
55734,0,0,0,0,0,0
55740,0,0,0,0,0,0
55745,0,0,0,0,0,0
55752,0,0,0,0,0,0
55760,0,0,0,0,0,0
55766,0,0,0,0,0,0
55774,0,0,0,0,0,0
55782,0,0,0,0,0,0
55789,0,0,0,0,0,0
55796,0,0,0,0,0,0
55803,0,0,0,0,0,0
55809,0,0,0,0,0,0
55816,0,0,0,0,0,0
55823,0,0,0,0,0,0
55830,0,0,0,0,0,0
55834,0,0,0,0,0,0
55841,0,0,0,0,0,0
55849,0,0,0,0,0,0
55856,0,0,0,0,0,0
55863,0,0,0,0,0,0
55870,0,0,0,0,0,0
55877,0,0,0,0,0,0
55884,0,0,0,0,0,0
55888,0,0,0,0,0,0
55896,0,0,0,3,4,0
55902,0,0,0,0,2,0
55916,0,0,0,2,4,0
55923,0,0,0,2,2,0
55933,0,0,0,2,2,0
55939,0,0,0,1,1,0
55952,0,0,0,0,0,0
55957,0,0,0,0,0,0
55965,0,0,0,0,0,0
55972,0,0,0,0,0,0
55996,0,0,0,0,0,0
56003,0,0,0,0,0,0
56010,0,0,0,0,0,0
56015,0,0,0,0,0,0
56022,0,0,0,0,0,0
56029,0,0,0,0,0,0
56035,0,0,0,0,0,0
56042,0,0,0,0,0,0
56049,0,0,0,0,0,0
56056,0,0,0,0,0,0
56064,0,0,0,0,0,0
56070,0,0,0,0,0,0
56078,0,0,0,0,0,0
56085,0,0,0,0,0,0
56092,0,0,0,0,0,0
56099,0,0,0,0,0,0
56108,0,0,0,0,0,0
56116,0,0,0,0,0,0
56122,0,0,0,0,0,0
56129,0,0,0,0,0,0
56136,0,0,0,0,0,0
56150,0,0,0,0,0,0
56157,0,0,0,0,0,0
56164,0,0,0,0,0,0
56176,0,0,0,0,0,0
56185,0,0,0,0,0,0
56189,0,0,0,0,0,0
56213,0,0,0,0,0,0
56220,0,0,0,0,0,0
56227,0,0,0,0,0,0
56231,0,0,0,0,0,0
56237,0,0,0,0,0,0
56243,0,0,0,0,0,0
56251,0,0,0,0,0,0
56259,0,0,0,0,0,0
56266,0,0,0,0,0,0
56273,0,0,0,0,0,0
56280,0,0,0,0,0,0
56285,0,0,0,0,0,0
56291,0,0,0,0,0,0
56302,0,0,0,0,0,0
56309,0,0,0,0,0,0
56317,0,0,0,0,0,0
56322,0,0,0,0,0,0
56331,0,0,0,0,0,0
56338,0,0,0,0,0,0
56344,0,0,0,0,0,0
56350,0,0,0,0,0,0
56357,0,0,0,0,0,0
56363,0,0,0,0,0,0
56370,0,0,0,0,0,0
56375,0,0,0,0,0,0
56391,0,0,0,0,0,0
56398,0,0,0,0,0,0
56405,0,0,0,0,0,0
56415,0,0,0,0,0,0
56429,0,0,0,0,0,0
56436,0,0,0,0,0,0
56447,0,0,0,0,0,0
56454,0,0,0,0,0,0
56457,0,0,0,0,0,0
56468,0,0,0,0,0,0
56476,0,0,0,0,0,0
56483,0,0,0,0,0,0
56497,0,0,0,0,0,0
56504,0,0,0,0,0,0
56513,0,0,0,0,0,0
56522,0,0,0,0,0,0
56528,0,0,0,0,0,0
56542,0,0,0,0,0,0
56549,0,0,0,0,0,0
56556,0,0,0,0,0,0
56563,0,0,0,0,0,0
56571,0,0,0,0,0,0
56579,0,0,0,0,0,0
56584,0,0,0,0,0,0
56591,0,0,0,0,0,0
56599,0,0,0,0,0,0
56605,0,0,0,0,0,0
56612,0,0,0,0,0,0
56618,0,0,0,0,0,0
56632,0,0,0,1,1,0
56639,0,0,0,0,0,0
56647,0,0,0,0,0,0
56661,0,0,0,0,0,0
56668,0,0,0,0,0,0
56674,0,0,0,0,0,0
56685,0,0,0,0,0,0
56698,0,0,0,0,0,0
56705,0,0,0,0,0,0
56713,0,0,0,0,0,0
56720,0,0,0,0,0,0
56727,0,0,0,0,0,0
56749,0,0,0,0,0,0
56756,0,0,0,0,0,0
56763,0,0,0,0,0,0
56772,0,0,0,0,0,0
56781,0,0,0,0,0,0
56794,0,0,0,0,0,0
56801,0,0,0,0,0,0
56820,0,0,0,0,0,0
56827,0,0,0,0,0,0
56835,0,0,0,0,0,0
56848,0,0,0,0,0,0
56856,0,0,0,0,0,0
56883,0,0,0,2,2,0
56905,0,0,0,0,0,0
56919,0,0,0,0,0,0
56932,0,0,0,0,0,0
56939,0,0,0,0,0,0
56951,0,0,0,0,0,0
56958,0,0,0,0,0,0
56965,0,0,0,0,0,0
56973,0,0,0,0,0,0
56986,0,0,0,0,0,0
56994,0,0,0,0,0,0
57000,0,0,0,0,0,0
57008,0,0,0,0,0,0
57022,0,0,0,0,0,0
57031,0,0,0,0,0,0
57038,0,0,0,0,0,0
57046,0,0,0,0,0,0
57068,0,0,0,0,0,0
57075,0,0,0,0,0,0
57082,0,0,0,0,0,0
57089,0,0,0,0,0,0
57097,0,0,0,0,0,0
57103,0,0,0,0,0,0
57111,0,0,0,2,0,0
57121,0,0,0,2,2,0
57128,0,0,0,2,2,0
57139,0,0,0,0,0,0
57148,0,0,0,1,1,0
57158,0,0,0,1,1,0
57165,0,0,0,0,0,0
57172,0,0,0,0,0,0
57181,0,0,0,0,0,0
57189,0,0,0,0,0,0
57196,0,0,0,0,0,0
57211,0,0,0,0,0,0
57218,0,0,0,0,0,0
57225,0,0,0,0,0,0
57231,0,0,0,0,0,0
57239,0,0,0,0,0,0
57246,0,0,0,0,0,0
57253,0,0,0,0,0,0
57274,0,0,0,0,0,0
57283,0,0,0,0,0,0
57288,0,0,0,0,0,0
57302,0,0,0,0,0,0
57309,0,0,0,0,0,0
57317,0,0,0,0,0,0
57324,0,0,0,0,0,0
57329,0,0,0,0,0,0
57335,0,0,0,0,0,0
57342,0,0,0,0,0,0
57356,0,0,0,0,1,0
57362,0,0,0,1,2,0
57380,0,0,0,0,0,0
57389,0,0,0,0,0,0
57401,0,0,0,1,1,0
57406,0,0,0,0,0,0
57418,0,0,0,0,0,0
57424,0,0,0,0,0,0
57432,0,0,0,0,0,0
57449,0,0,0,1,1,0
57455,0,0,0,0,0,0
57463,0,0,0,0,0,0
57469,0,0,0,0,0,0
57476,0,0,0,0,0,0
57482,0,0,0,0,0,0
57488,0,0,0,0,0,0
57494,0,0,0,0,0,0
57500,0,0,0,0,0,0
57506,0,0,0,0,0,0
57517,0,0,0,0,0,0
57523,0,0,0,0,0,0
57535,0,0,0,0,0,0
57541,0,0,0,0,0,0
57552,0,0,0,0,0,0
57558,0,0,0,0,0,0
57571,0,0,0,0,0,0
57578,0,0,0,0,0,0
57584,0,0,0,0,0,0
57590,0,0,0,0,0,0
57603,0,0,0,0,0,0
57609,0,0,0,0,0,0
57616,0,0,0,0,0,0
57621,0,0,0,0,0,0
57626,0,0,0,0,0,0
57631,0,0,0,0,0,0
57644,0,0,0,0,0,0
57650,0,0,0,0,0,0
57660,0,0,0,0,0,0
57668,0,0,0,0,0,0
57672,0,0,0,0,0,0
57686,0,0,0,0,0,0
57697,0,0,0,0,0,0
57703,0,0,0,0,0,0
57713,0,0,0,0,0,0
57723,0,0,0,0,0,0
57730,0,0,0,0,0,0
57741,0,0,0,0,0,0
57747,0,0,0,0,0,0
57753,0,0,0,0,0,0
57759,0,0,0,0,0,0
57765,0,0,0,0,0,0
57771,0,0,0,0,0,0
57777,0,0,0,0,0,0
57783,0,0,0,0,0,0
57789,0,0,0,0,0,0
57794,0,0,0,0,0,0
57801,0,0,0,0,0,0
57806,0,0,0,0,0,0
57812,0,0,0,0,0,0
57818,0,0,0,0,0,0
57826,0,0,0,0,0,0
57833,0,0,0,0,0,0
57840,0,0,0,0,0,0
57847,0,0,0,0,1,0
57852,0,0,0,0,0,0
57860,0,0,0,0,0,0
57866,0,0,0,0,0,0
57873,0,0,0,0,0,0
57887,0,0,0,0,0,0
57893,0,0,0,0,0,0
57900,0,0,0,0,0,0
57913,0,0,0,0,0,0
57920,0,0,0,0,0,0
57930,0,0,0,0,0,0
57936,0,0,0,0,0,0
57941,0,0,0,0,0,0
57948,0,0,0,0,0,0
57959,0,0,0,0,0,0
57966,0,0,0,0,0,0
57972,0,0,0,0,0,0
57978,0,0,0,0,0,0
57986,0,0,0,0,0,0
57992,0,0,0,0,0,0
57998,0,0,0,0,0,0
58005,0,0,0,0,0,0
58011,0,0,0,0,0,0
58017,0,0,0,0,0,0
58023,0,0,0,0,0,0
58029,0,0,0,0,0,0
58036,0,0,0,0,0,0
58042,0,0,0,0,0,0
58047,0,0,0,0,0,0
58053,0,0,0,0,0,0
58060,0,0,0,0,0,0
58066,0,0,0,0,0,0
58071,0,0,0,0,0,0
58077,0,0,0,1,1,0
58085,0,0,0,1,1,0
58091,0,0,0,0,1,0
58095,0,0,0,1,1,0
58103,0,0,0,0,1,0
58108,0,0,0,0,0,0
58114,0,0,0,0,1,0
58128,0,0,0,0,1,0
58134,0,0,0,0,0,0
58147,0,0,0,0,0,0
58153,0,0,0,0,0,0
58158,0,0,0,0,0,0
58167,0,0,0,0,0,0
58175,0,0,0,0,0,0
58181,0,0,0,0,0,0
58193,0,0,0,0,0,0
58199,0,0,0,0,0,0
58209,0,0,0,0,0,0
58214,0,0,0,0,0,0
58221,0,0,0,0,0,0
58227,0,0,0,0,0,0
58238,0,0,0,0,0,0
58244,0,0,0,0,0,0
58255,0,0,0,0,0,0
58261,0,0,0,0,0,0
58266,0,0,0,0,0,0
58272,0,0,0,0,0,0
58278,0,0,0,0,0,0
58283,0,0,0,0,0,0
58289,0,0,0,0,0,0
58294,0,0,0,0,0,0
58299,0,0,0,0,0,0
58305,0,0,0,0,0,0
58311,0,0,0,0,0,0
58317,0,0,0,0,0,0
58335,0,0,0,0,0,0
58345,0,0,0,0,0,0
58352,0,0,0,0,0,0
58362,0,0,0,0,0,0
58372,0,0,0,0,0,0
58379,0,0,0,0,0,0
58388,0,0,0,0,0,0
58400,0,0,0,0,0,0
58407,0,0,0,0,0,0
58417,0,0,0,0,0,0
58421,0,0,0,0,0,0
58434,0,0,0,0,0,0
58439,0,0,0,0,0,0
58451,0,0,0,0,0,0
58458,0,0,0,0,0,0
58470,0,0,0,0,0,0
58480,0,0,0,0,0,0
58492,0,0,0,0,0,0
58498,0,0,0,0,0,0
58505,0,0,0,0,0,0
58512,0,0,0,0,0,0
58518,0,0,0,0,0,0
58524,0,0,0,0,0,0
58530,0,0,0,0,0,0
58536,0,0,0,0,0,0
58542,0,0,0,0,0,0
58547,0,0,0,0,0,0
58554,0,0,0,0,0,0
58560,0,0,0,0,0,0
58570,0,0,0,0,0,0
58589,0,0,0,0,0,0
58594,0,0,0,0,0,0
58614,0,0,0,0,0,0
58625,0,0,0,0,0,0
58640,0,0,0,0,0,0
58647,0,0,0,0,0,0
58660,0,0,0,0,0,0
58665,0,0,0,0,0,0
58675,0,0,0,0,0,0
58683,0,0,0,0,0,0
58691,0,0,0,0,0,0
58704,0,0,0,0,0,0
58710,0,0,0,0,0,0
58715,0,0,0,0,0,0
58723,0,0,0,0,0,0
58735,0,0,0,0,0,0
58741,0,0,0,0,0,0
58753,0,0,0,0,0,0
58759,0,0,0,0,0,0
58765,0,0,0,0,0,0
58769,0,0,0,0,0,0
58775,0,0,0,0,0,0
58781,0,0,0,0,0,0
58787,0,0,0,0,0,0
58792,0,0,0,0,0,0
58798,0,0,0,0,0,0
58804,0,0,0,0,0,0
58812,0,0,0,1,1,0
58818,0,0,0,0,0,0
58831,0,0,0,0,0,0
58838,0,0,0,0,0,0
58845,0,0,0,0,0,0
58859,0,0,0,0,0,0
58865,0,0,0,0,0,0
58874,0,0,0,0,0,0
58883,0,0,0,0,0,0
58893,0,0,0,0,0,0
58899,0,0,0,0,0,0
58910,0,0,0,0,0,0
58918,0,0,0,0,0,0
58922,0,0,0,0,0,0
58929,0,0,0,0,0,0
58935,0,0,0,0,0,0
58942,0,0,0,0,0,0
58954,0,0,0,0,0,0
58966,0,0,0,0,0,0
58978,0,0,0,0,0,0
58984,0,0,0,0,0,0
58997,0,0,0,0,0,0
59002,0,0,0,0,0,0
59008,0,0,0,0,0,0
59014,0,0,0,0,0,0
59020,0,0,0,0,0,0
59027,0,0,0,0,0,0
59033,0,0,0,0,0,0
59040,0,0,0,0,0,0
59047,0,0,0,0,0,0
