21,0,0,0,0,0,0
24,0,0,0,0,0,0
31,0,0,0,0,0,0
38,0,0,0,0,0,0
47,0,0,0,0,0,0
59,0,0,0,0,0,0
65,0,0,0,0,0,0
78,4,5,0,0,0,8
84,0,0,0,0,0,0
92,0,0,0,0,0,0
101,0,0,0,0,0,0
110,0,0,0,0,0,0
116,0,0,0,0,0,0
125,0,0,0,0,0,0
133,0,0,0,0,0,0
140,0,0,0,0,0,0
148,0,0,0,0,0,0
153,0,0,0,0,0,0
160,0,0,0,0,0,0
167,0,0,0,0,0,0
175,0,0,0,0,0,0
183,0,0,0,0,0,0
191,0,0,0,0,0,0
199,0,0,0,0,0,0
207,0,0,0,0,0,0
216,0,0,0,0,0,0
225,0,0,0,0,0,0
231,0,1,1,0,0,0
239,0,0,0,0,0,0
247,0,0,0,0,0,0
255,0,0,0,0,0,0
263,0,0,0,0,0,0
275,0,0,0,0,0,0
278,0,0,0,0,0,0
286,0,0,0,0,0,0
293,0,0,0,0,0,0
301,0,0,0,0,0,0
308,0,0,0,0,0,0
319,0,0,0,0,0,0
324,0,0,0,0,0,0
332,0,0,0,0,0,0
341,0,0,0,0,0,0
349,0,0,0,0,0,0
356,0,0,0,0,0,0
364,0,0,0,0,0,0
371,0,0,0,0,0,0
379,0,0,0,0,0,0
387,0,0,0,0,0,0
392,0,0,0,0,0,0
400,0,0,0,0,0,0
437,0,0,0,0,0,0
446,0,0,0,0,0,0
455,0,0,0,0,0,0
463,0,0,0,0,0,0
470,0,0,0,0,0,0
476,0,0,0,0,0,0
486,0,0,0,0,0,0
494,0,0,0,0,0,0
502,0,0,0,0,0,0
509,0,0,0,0,0,0
517,0,0,0,0,0,0
522,0,0,0,0,0,0
532,0,0,0,0,0,0
540,0,0,0,0,0,0
548,0,0,0,0,0,0
556,0,1,0,0,0,1
564,4,6,0,0,0,8
572,0,0,0,0,0,0
580,0,0,0,0,0,0
590,0,0,0,0,0,0
596,0,0,0,0,0,0
604,0,0,0,0,0,0
613,0,0,0,0,0,0
621,0,0,0,0,0,0
637,0,0,0,0,0,0
645,0,2,0,0,0,0
670,0,0,0,0,0,0
679,0,0,0,0,0,0
686,0,0,0,0,0,0
694,0,0,0,0,0,0
703,0,0,0,0,0,0
719,0,0,0,0,0,0
730,0,0,0,0,0,0
738,0,0,0,0,0,0
745,0,0,0,0,0,0
761,0,0,0,0,0,0
769,0,0,0,0,0,0
777,0,0,0,0,0,0
781,0,0,0,0,0,0
789,0,1,2,0,0,0
797,0,0,0,0,0,0
805,0,0,0,0,0,0
811,0,0,0,0,0,0
819,0,0,0,0,0,0
828,0,0,0,0,0,0
836,0,0,0,0,0,0
844,0,0,0,0,0,0
853,0,0,0,0,0,0
861,0,0,1,0,0,0
871,0,0,0,0,0,0
878,0,0,0,0,0,0
886,0,0,0,0,0,0
893,0,0,0,0,0,0
902,0,0,0,0,0,0
908,0,0,0,0,0,0
932,0,0,0,0,0,0
940,0,0,0,0,0,0
947,0,0,0,0,0,0
956,0,0,0,0,0,0
964,0,0,0,0,0,0
972,0,0,0,0,0,0
981,0,0,0,0,0,0
1014,0,0,3,0,0,0
1022,0,0,0,0,0,0
1030,0,0,0,0,0,0
1038,0,0,0,0,0,0
1046,0,0,0,0,0,0
1054,0,0,0,0,0,0
1062,0,0,0,0,0,0
1094,0,0,0,0,0,0
1102,0,0,0,0,0,0
1110,0,0,0,0,0,0
1117,0,0,0,0,0,0
1125,0,0,0,0,0,0
1133,0,0,0,0,0,0
1157,0,0,0,0,0,0
1166,0,0,0,0,0,0
1174,0,0,0,0,0,0
1182,0,0,0,0,0,0
1190,0,0,0,0,0,0
1198,0,0,0,0,0,0
1207,0,0,0,0,0,0
1214,0,0,0,0,0,0
1237,0,0,0,0,0,0
1245,0,0,0,0,0,0
1253,0,0,0,0,0,0
1263,0,0,0,0,0,0
1268,0,0,0,0,0,0
1274,0,0,0,0,0,0
1282,0,0,0,0,0,0
1289,0,0,0,0,0,0
1298,0,0,0,0,0,0
1305,0,0,0,0,0,0
1315,0,0,0,0,0,0
1323,0,0,0,0,0,0
1346,0,0,0,0,0,0
1354,0,0,0,0,0,0
1362,0,0,0,0,0,0
1370,0,0,0,0,0,0
1378,0,0,0,0,0,0
1386,0,0,0,0,0,0
1397,0,0,0,0,0,0
1405,0,0,0,0,0,0
1413,0,0,0,0,0,0
1445,0,0,0,0,0,0
1453,0,0,0,0,0,0
1485,0,0,0,0,0,0
1494,0,0,0,0,0,0
1568,0,0,0,0,0,0
1586,0,0,0,0,0,0
1603,0,0,0,0,0,0
1611,0,0,0,0,0,0
1638,0,0,0,0,0,0
1647,0,0,0,0,0,0
1670,0,0,0,0,0,0
1679,0,0,0,0,0,0
1687,0,0,0,0,0,0
1695,0,0,0,0,0,0
1854,0,0,0,0,0,0
1899,0,0,0,0,0,0
2097,0,0,0,0,0,0
2152,0,0,0,0,0,0
2160,0,0,0,0,0,0
2191,0,0,0,0,0,0
2195,0,0,0,0,0,0
2203,0,0,0,0,0,0
2211,0,0,0,0,0,0
2219,0,0,0,0,0,0
2228,0,0,0,0,0,0
2235,0,0,0,0,0,0
2243,0,0,0,0,0,0
2255,0,0,0,0,0,0
2262,0,0,0,0,0,0
2272,0,0,0,0,0,0
2280,0,0,0,0,0,0
2286,0,0,0,0,0,0
2294,0,0,0,0,0,0
2302,0,0,0,0,0,0
2310,0,0,0,0,0,0
2318,0,0,0,0,0,0
2325,0,0,0,0,0,0
2335,0,0,0,0,0,0
2341,0,0,0,0,0,0
2360,0,0,0,0,0,0
2371,0,0,0,0,0,0
2379,0,0,0,0,0,0
2386,0,0,0,0,0,0
2394,0,0,0,0,0,0
2404,0,0,0,0,0,0
2411,0,0,0,0,0,0
2419,0,0,0,0,0,0
2426,0,0,0,0,0,0
2434,0,0,0,0,0,0
2442,0,0,0,0,0,0
2447,0,0,0,0,0,0
2455,0,0,0,0,0,0
2462,0,0,0,0,0,0
2471,0,0,0,0,0,0
2481,0,0,0,0,0,0
2489,0,0,0,0,0,0
2497,0,0,0,0,0,0
2503,0,0,0,0,0,0
2511,0,0,0,0,0,0
2543,0,0,0,0,0,0
2551,0,0,0,0,0,0
2558,0,0,0,0,0,0
2565,0,0,0,0,0,0
2573,0,0,0,0,0,0
2580,0,0,0,0,0,0
2588,0,0,0,0,0,0
2602,0,0,0,0,0,0
2612,0,0,0,0,0,0
2621,0,0,0,0,0,0
2632,0,0,0,0,0,0
2640,0,0,0,0,0,0
2648,0,0,0,0,0,0
2656,0,0,0,0,0,0
2678,0,0,0,0,0,0
2686,0,0,0,0,0,0
2694,0,0,0,0,0,0
2701,0,0,0,0,0,0
2709,0,0,0,0,0,0
2719,0,0,0,0,0,0
2726,0,0,0,0,0,0
2734,0,0,0,0,0,0
2742,0,0,0,0,0,0
2751,0,0,0,0,0,0
2754,0,0,0,0,0,0
2785,0,0,0,0,0,0
2793,0,0,0,0,0,0
2802,0,0,0,0,0,0
2808,0,0,0,0,0,0
2816,0,0,0,0,0,0
2824,0,0,0,0,0,0
2832,0,0,0,0,0,0
2873,0,0,0,0,0,0
2880,0,0,0,0,0,0
2894,0,0,0,0,0,0
2902,0,0,0,0,0,0
2910,0,0,0,0,0,0
2918,0,0,0,0,0,0
2930,0,0,0,0,0,0
2938,0,0,0,0,0,0
2946,0,0,0,0,0,0
2951,0,0,0,0,0,0
2958,0,0,0,0,0,0
2965,0,0,0,0,0,0
2972,0,0,0,0,0,0
2986,0,0,0,0,0,0
2994,0,0,0,0,0,0
3000,0,0,0,0,0,0
3007,0,0,0,0,0,0
3016,0,0,0,0,0,0
3024,0,0,0,0,0,0
3038,0,0,0,0,0,0
3044,0,0,0,0,0,0
3053,0,0,0,0,0,0
3060,0,0,0,0,0,0
3066,0,0,0,0,0,0
3074,0,0,0,0,0,0
3079,0,0,0,0,0,0
3091,0,0,0,0,0,0
3098,0,0,0,0,0,0
3107,0,0,0,0,0,0
3119,0,0,0,0,0,0
3127,0,0,0,0,0,0
3134,0,0,0,0,0,0
3143,0,0,0,0,0,0
3148,0,0,0,0,0,0
3156,0,0,0,0,0,0
3164,0,0,0,0,0,0
3172,0,0,0,0,0,0
3191,0,0,0,0,0,0
3198,0,0,0,0,0,0
3209,0,0,0,0,0,0
3216,0,0,0,0,0,0
3222,0,0,0,0,0,0
3230,0,0,0,0,0,0
3237,0,0,0,0,0,0
3251,0,0,0,0,0,0
3258,0,0,0,0,0,0
15315,0,0,0,0,0,0
15323,0,0,0,0,0,0
15332,0,0,0,0,0,0
15337,0,0,0,0,0,0
15345,0,0,0,0,0,0
15359,0,0,0,0,0,0
15375,0,0,0,0,0,0
15394,0,0,0,0,0,0
15401,0,0,0,0,0,0
15412,0,0,0,0,0,0
15419,0,0,0,0,0,0
15428,0,0,0,0,0,0
15436,0,0,0,0,0,0
15445,0,0,0,0,0,0
15455,0,0,0,0,0,0
15464,0,0,0,0,0,0
15477,0,0,0,0,0,0
15485,0,0,0,0,0,0
15493,0,0,0,0,0,0
15499,0,0,0,0,0,0
15507,0,0,0,0,0,0
15515,0,0,0,0,0,0
15523,0,0,0,0,0,0
15531,0,0,0,0,0,0
15539,0,0,0,0,0,0
15547,0,0,0,0,0,0
15553,0,0,0,0,0,0
15564,0,0,0,0,0,0
15569,0,0,0,0,0,0
15577,0,0,0,0,0,0
15585,0,0,0,0,0,0
15592,0,0,0,0,0,0
15608,0,0,0,0,0,0
15618,0,0,0,0,0,0
15625,0,0,0,0,0,0
15632,0,0,0,0,0,0
15642,0,0,0,0,0,0
15650,0,0,0,0,0,0
15657,0,0,0,0,0,0
15665,0,0,0,0,0,0
15674,0,0,0,0,0,0
15684,0,0,0,0,0,0
15692,0,0,0,0,0,0
15701,0,0,0,0,0,0
15709,0,0,0,0,0,0
15734,0,0,0,0,0,0
15740,0,0,0,0,0,0
15748,0,0,0,0,0,0
15756,0,0,0,0,0,0
15764,0,0,0,0,0,0
15771,0,0,0,0,0,0
15779,0,0,0,0,0,0
15787,0,0,0,0,0,0
15795,0,0,0,0,0,0
15804,0,0,0,0,0,0
15812,0,0,0,0,0,0
15820,0,0,0,0,0,0
15828,0,0,0,0,0,0
15836,0,0,0,0,0,0
15844,0,0,0,0,0,0
15852,0,0,0,0,0,0
15861,0,0,0,0,0,0
15871,0,0,0,0,0,0
15880,0,0,0,0,0,0
15885,0,0,0,0,0,0
15893,0,0,0,0,0,0
15901,0,0,0,0,0,0
15909,0,0,0,0,0,0
15917,0,0,0,0,0,0
15924,0,0,0,0,0,0
15931,0,0,0,0,0,0
15939,0,0,0,0,0,0
15949,0,0,0,0,0,0
15956,0,0,0,0,0,0
15977,0,0,0,0,0,0
15987,0,0,0,0,0,0
15994,0,0,0,0,0,0
16005,0,0,0,0,0,0
16013,0,0,0,0,0,0
16028,0,0,0,0,0,0
16036,0,0,0,0,0,0
16044,0,0,0,0,0,0
16051,0,0,0,0,0,0
16062,0,0,0,0,0,0
16070,0,0,0,0,0,0
16077,0,0,0,0,0,0
16091,0,0,0,0,0,0
16099,0,0,0,0,0,0
16106,0,0,0,0,0,0
16115,0,0,0,0,0,0
16124,0,0,0,0,0,0
16132,0,0,0,0,0,0
16137,0,0,0,0,0,0
16145,0,0,0,0,0,0
16152,0,0,0,0,0,0
16160,0,0,0,0,0,0
16168,0,0,0,0,0,0
16175,0,0,0,0,0,0
16187,0,0,0,0,0,0
16195,0,0,0,0,0,0
16201,0,0,0,0,0,0
16209,0,0,0,0,0,0
16217,0,0,0,0,0,0
16225,0,0,0,0,0,0
16233,0,0,0,0,0,0
16241,0,0,0,0,0,0
16248,0,0,0,0,0,0
16258,0,0,0,0,0,0
16265,0,0,0,0,0,0
16273,0,0,0,0,0,0
16283,0,0,0,0,0,0
16298,0,0,0,0,0,0
16308,0,0,0,0,0,0
16316,0,0,0,0,0,0
16324,0,0,0,0,0,0
16333,0,0,0,0,0,0
16340,0,0,0,0,0,0
16349,0,0,0,0,0,0
16357,0,0,0,0,0,0
16366,0,0,0,0,0,0
16372,0,0,0,0,0,0
16381,0,0,0,0,0,0
16391,0,0,0,0,0,0
16399,0,0,0,0,0,0
16407,0,0,0,0,0,0
16416,0,0,0,0,0,0
16424,0,0,0,0,0,0
16432,0,0,0,0,0,0
16440,0,0,0,0,0,0
16448,0,0,0,0,0,0
16465,0,0,0,0,0,0
16473,0,0,0,0,0,0
16482,0,0,0,0,0,0
16492,0,0,0,0,0,0
16497,0,0,0,0,0,0
16505,0,0,0,0,0,0
16513,0,0,0,0,0,0
16521,0,0,0,0,0,0
16529,0,0,0,0,0,0
16538,0,0,0,0,0,0
16544,0,0,0,0,0,0
16556,0,0,0,0,0,0
16562,0,0,0,0,0,0
16573,0,0,0,0,0,0
16580,0,0,0,0,0,0
16593,0,0,0,0,0,0
16596,0,0,0,0,0,0
16606,0,0,0,0,0,0
16616,0,0,0,0,0,0
16627,0,0,0,0,0,0
16635,0,0,0,0,0,0
16641,0,0,0,0,0,0
16649,0,0,0,0,0,0
16657,0,0,0,0,0,0
16665,0,0,0,0,0,0
16673,0,0,0,0,0,0
16681,0,0,0,0,0,0
16687,0,0,0,0,0,0
16695,0,0,0,0,0,0
16726,0,0,0,0,0,0
16734,0,0,0,0,0,0
16740,0,0,0,0,0,0
16758,0,0,0,0,0,0
16766,0,0,0,0,0,0
16825,0,0,0,0,0,0
16858,0,0,0,0,0,0
16870,0,0,0,0,0,0
16875,0,0,0,0,0,0
16888,0,0,0,0,0,0
16893,0,0,0,0,0,0
16904,0,0,0,0,0,0
16912,0,0,0,0,0,0
16919,0,0,0,0,0,0
16927,0,0,0,0,0,0
16942,0,0,0,0,0,0
16951,0,0,0,0,0,0
16957,0,0,0,0,0,0
16983,0,0,0,0,0,0
16988,0,0,0,0,0,0
16995,0,0,0,0,0,0
17002,0,0,0,0,0,0
17010,0,0,0,0,0,0
17075,0,0,0,0,0,0
17085,0,0,0,0,0,0
17130,0,0,0,0,0,0
17141,0,0,0,0,0,0
17155,0,0,0,0,0,0
17164,0,0,0,0,0,0
17173,0,0,0,0,0,0
17192,0,0,0,0,0,0
17212,0,0,0,0,0,0
17229,0,0,0,0,0,0
17236,0,0,0,0,0,0
17244,0,0,0,0,0,0
17290,0,0,0,0,0,0
17308,0,0,0,0,0,0
17352,0,0,0,0,0,0
17388,0,0,0,0,0,0
17424,0,0,0,0,0,0
17435,0,0,0,0,0,0
17479,0,0,0,0,0,0
17488,0,0,0,0,0,0
17497,0,0,0,0,0,0
17506,0,0,0,0,0,0
17517,0,0,0,0,0,0
17525,0,0,0,0,0,0
17535,0,0,0,0,0,0
17544,0,0,0,0,0,0
17558,0,0,0,0,0,0
17567,0,0,0,0,0,0
17575,0,0,0,0,0,0
17584,0,0,0,0,0,0
17592,0,0,0,0,0,0
17599,0,0,0,0,0,0
17604,0,0,0,0,0,0
17613,0,0,0,0,0,0
17621,0,0,0,0,0,0
17629,0,0,0,0,0,0
17637,0,0,0,0,0,0
17644,0,0,0,0,0,0
17653,0,0,0,0,0,0
17657,0,0,0,0,0,0
17665,0,0,0,0,0,0
17673,0,0,0,0,0,0
17681,0,0,0,0,0,0
17689,0,0,0,0,0,0
17697,0,0,0,0,0,0
17705,0,0,0,0,0,0
17714,0,0,0,0,0,0
17723,0,0,0,0,0,0
17731,0,0,0,0,0,0
17747,0,0,0,0,0,0
17755,0,0,0,0,0,0
17763,0,0,0,0,0,0
17772,0,0,0,0,0,0
17784,0,0,0,0,0,0
17796,0,0,0,0,0,0
17804,0,0,0,0,0,0
17819,0,0,0,0,0,0
17829,0,0,0,0,0,0
17837,0,0,0,0,0,0
17845,0,0,0,0,0,0
17853,0,0,0,0,0,0
17860,0,0,0,0,0,0
17868,0,0,0,0,0,0
17878,0,0,0,0,0,0
17885,0,0,0,0,0,0
17893,0,0,0,0,0,0
17913,0,0,0,0,0,0
17954,0,0,0,0,0,0
17962,0,0,0,0,0,0
17970,0,0,0,0,0,0
17978,0,0,0,0,0,0
17986,0,0,0,0,0,0
17994,0,0,0,0,0,0
18004,0,0,0,0,0,0
18017,0,0,0,0,0,0
18026,0,0,0,0,0,0
18035,0,0,0,0,0,0
18043,0,0,0,0,0,0
18051,0,0,0,0,0,0
18059,0,0,0,0,0,0
18064,0,0,0,0,0,0
18073,0,0,0,0,0,0
18079,0,0,0,0,0,0
18088,0,0,0,0,0,0
18096,0,0,0,0,0,0
18103,0,0,0,0,0,0
18111,0,0,0,0,0,0
18120,0,0,0,0,0,0
18128,0,0,0,0,0,0
18136,0,0,0,0,0,0
18159,0,0,0,0,0,0
18167,0,0,0,0,0,0
18175,0,0,0,0,0,0
18184,0,0,0,0,0,0
18191,0,0,0,0,0,0
18200,0,0,0,0,0,0
18209,0,0,0,0,0,0
18217,0,0,0,0,0,0
18224,0,0,0,0,0,0
18234,0,0,0,0,0,0
18244,0,0,0,0,0,0
18271,0,0,0,0,0,0
18280,0,0,0,0,0,0
18296,0,0,0,0,0,0
18304,0,0,0,0,0,0
18312,0,0,0,0,0,0
18320,0,0,0,0,0,0
18327,0,0,0,0,0,0
18334,0,0,0,0,0,0
18343,0,0,0,0,0,0
18368,0,0,0,0,0,0
18376,0,0,0,0,0,0
18384,0,0,0,0,0,0
18400,0,0,0,0,0,0
18411,0,0,0,0,0,0
18415,0,0,0,0,0,0
18427,0,0,0,0,0,0
18433,0,0,0,0,0,0
18443,0,0,0,0,0,0
18453,0,0,0,0,0,0
18460,0,0,0,0,0,0
18476,0,0,0,0,0,0
18486,0,0,0,0,0,0
18498,0,0,0,0,0,0
18508,0,0,0,0,0,0
18517,0,0,0,0,0,0
18527,0,0,0,0,0,0
18537,0,0,0,0,0,0
18544,0,0,0,0,0,0
18559,0,0,0,0,0,0
18568,0,0,0,0,0,0
18577,0,0,0,0,0,0
18584,0,0,0,0,0,0
18591,0,0,0,0,0,0
18598,0,0,0,0,0,0
18604,0,0,0,0,0,0
18612,0,0,0,0,0,0
18620,0,0,0,0,0,0
18627,0,0,0,0,0,0
18634,0,0,0,0,0,0
18642,0,0,0,0,0,0
18647,0,0,0,0,0,0
18654,0,0,0,0,0,0
18661,0,0,0,0,0,0
18668,0,0,0,0,0,0
18678,0,0,0,0,0,0
18682,0,0,0,0,0,0
18689,0,0,0,0,0,0
18696,0,0,0,0,0,0
18702,0,0,0,0,0,0
18709,0,0,0,0,0,0
18723,0,0,0,0,0,0
18738,0,0,0,0,0,0
18755,0,0,0,0,0,0
18762,0,0,0,0,0,0
18769,0,0,0,0,0,0
18774,0,0,0,0,0,0
18791,0,0,0,0,0,0
18798,0,0,0,0,0,0
18805,0,0,0,0,0,0
18811,0,0,0,0,0,0
18818,0,0,0,0,0,0
18825,0,0,0,0,0,0
18832,0,0,0,0,0,0
18847,0,0,0,0,0,0
18856,0,0,0,0,0,0
18865,0,0,0,0,0,0
18873,0,0,0,0,0,0
18882,0,0,0,0,0,0
18891,0,0,0,0,0,0
18898,0,0,0,0,0,0
18905,0,0,0,0,0,0
18912,0,0,0,0,0,0
18919,0,0,0,0,0,0
18926,0,0,0,0,0,0
18933,0,0,0,0,0,0
18941,0,0,0,0,0,0
18948,0,0,0,0,0,0
18953,0,0,0,0,0,0
18969,0,0,0,0,0,0
18978,0,0,0,0,0,0
18984,0,0,0,0,0,0
18998,0,0,0,0,0,0
19004,0,0,0,0,0,0
19011,0,0,0,0,0,0
19021,0,0,0,0,0,0
19030,0,0,0,0,0,0
19041,0,0,0,0,0,0
19048,0,0,0,0,0,0
19054,0,0,0,0,0,0
19061,0,0,0,0,0,0
19068,0,0,0,0,0,0
19075,0,0,0,0,0,0
19081,0,0,0,0,0,0
19089,0,0,0,0,0,0
19098,0,0,0,0,0,0
19106,0,0,0,0,0,0
19113,0,0,0,0,0,0
19131,0,0,0,0,0,0
19138,0,0,0,0,0,0
19144,0,0,0,0,0,0
19152,0,0,0,0,0,0
19160,0,0,0,0,0,0
19167,0,0,0,0,0,0
19174,0,0,0,0,0,0
19181,0,0,0,0,0,0
19189,0,0,0,0,0,0
19196,0,0,0,0,0,0
19226,0,0,0,0,0,0
19239,0,0,0,0,0,0
19249,0,0,0,0,0,0
19255,0,0,0,0,0,0
19265,0,0,0,0,0,0
19272,0,0,0,0,0,0
19288,0,0,0,0,0,0
19296,0,0,0,0,0,0
19310,0,0,0,0,0,0
19317,0,0,0,0,0,0
19323,0,0,0,0,0,0
19332,0,0,0,0,0,0
19339,0,0,0,0,0,0
19346,0,0,0,0,0,0
19351,0,0,0,0,0,0
19358,0,0,0,0,0,0
19371,0,0,0,0,0,0
19379,0,0,0,0,0,0
19387,0,0,0,0,0,0
19400,0,0,0,0,0,0
19406,0,0,0,0,0,0
19415,0,0,0,0,0,0
19423,0,0,0,0,0,0
19430,0,0,0,0,0,0
19437,0,0,0,0,0,0
19452,0,0,0,0,0,0
19460,0,0,0,0,0,0
19482,0,0,0,0,0,0
19492,0,0,0,0,0,0
19499,0,0,0,0,0,0
19507,0,0,0,0,0,0
19520,0,0,0,0,0,0
19543,0,0,0,0,0,0
19550,0,0,0,0,0,0
19559,0,0,0,0,0,0
19568,0,0,0,0,0,0
19575,0,0,0,0,0,0
19589,0,0,0,0,0,0
19596,0,0,0,0,0,0
19620,0,0,0,0,0,0
19630,0,0,0,0,0,0
19648,0,0,0,0,0,0
19656,0,0,0,0,0,0
19678,0,0,0,0,0,0
19685,0,0,0,0,0,0
19693,0,0,0,0,0,0
19708,0,0,0,2,2,0
19715,0,0,0,0,0,0
19722,0,0,0,0,0,0
19727,0,0,0,0,0,0
19734,1,7,0,0,0,7
19740,0,0,0,0,0,0
19746,0,0,0,0,0,0
19755,0,0,0,0,0,0
19763,0,0,0,0,0,0
19770,0,0,0,0,0,0
19777,0,0,0,0,0,0
19783,0,0,0,0,0,0
19791,0,0,0,0,0,0
19799,0,0,0,0,0,0
19805,0,0,0,0,0,0
19813,0,0,0,0,0,0
19819,0,0,0,0,0,0
19827,0,0,0,0,0,0
19833,0,1,0,0,0,0
19841,0,0,0,0,0,0
19848,0,0,0,0,0,0
19855,0,0,0,0,0,0
19863,0,0,0,0,0,0
19870,0,0,0,0,0,0
19876,0,0,0,0,0,0
19883,0,0,0,0,0,0
19892,0,0,0,0,0,0
19901,0,0,0,0,0,0
19908,0,0,0,0,0,0
19911,0,0,0,0,0,0
19921,0,0,0,0,0,0
19928,0,0,0,0,0,0
19937,0,0,0,1,0,0
19943,0,0,0,1,1,0
19950,1,6,0,1,1,6
19957,0,0,0,0,0,0
19964,0,0,0,0,0,0
19973,0,0,0,0,0,0
19981,0,0,0,0,0,0
19990,0,0,0,0,0,0
19996,1,4,0,0,0,4
20004,8,1,0,0,0,7
20010,0,0,0,0,0,0
20016,0,0,0,0,0,0
20023,0,0,0,0,0,0
20030,0,0,0,0,0,0
20038,0,0,0,0,0,0
20045,0,0,0,0,0,0
20052,0,0,0,0,0,0
20059,0,0,0,0,0,0
20065,0,0,0,0,0,0
20073,0,0,0,0,0,0
20079,0,0,0,0,0,0
20086,0,0,0,0,0,0
20093,0,0,0,0,0,0
20100,0,0,0,0,0,0
20107,0,0,0,0,0,0
20114,0,0,0,0,0,0
20129,0,0,0,0,0,0
20136,0,0,0,0,0,0
20143,0,0,0,0,0,0
20150,0,0,0,0,0,0
20158,0,0,0,0,0,0
20165,0,0,0,0,0,0
20172,0,0,0,2,2,0
20178,0,0,0,0,0,0
20185,0,0,0,2,2,0
20192,0,0,0,0,1,0
20200,0,0,0,0,0,0
20206,0,0,0,0,0,0
20212,0,0,0,1,0,0
20219,0,0,0,0,0,0
20226,0,0,0,0,0,0
20233,0,0,0,0,0,0
20239,1,5,0,0,0,5
20247,8,0,0,0,0,6
20254,0,0,0,0,0,0
20261,0,0,0,0,0,0
20268,0,0,0,0,0,0
20276,0,0,0,0,0,0
20282,0,0,0,0,0,0
20290,0,0,0,0,0,0
20296,0,0,0,0,0,0
20303,0,0,0,0,0,0
20312,0,0,0,0,0,0
20319,0,2,0,0,0,0
20326,0,0,0,0,0,0
20341,0,0,0,0,0,0
20354,0,0,0,0,0,0
20361,0,0,0,0,0,0
20368,0,0,0,0,0,0
20381,0,0,0,0,0,0
20388,0,0,0,0,0,0
20395,0,0,0,0,0,0
20402,0,0,0,0,0,0
20416,0,0,0,0,0,0
20423,0,0,0,0,0,0
20429,0,0,0,0,0,0
20436,0,0,0,0,0,0
20443,0,0,0,0,0,0
20449,0,0,0,0,0,0
20456,0,0,0,0,0,0
20463,0,1,0,0,0,0
20470,0,0,0,0,0,0
20477,0,0,0,0,0,0
20487,0,0,0,0,0,0
20491,0,0,0,0,0,0
20498,0,0,0,0,0,0
20504,0,0,0,0,0,0
20510,0,0,0,0,0,0
20517,0,0,0,0,0,0
20525,0,0,0,0,0,0
20532,0,0,0,0,0,0
20540,0,0,0,0,0,0
20547,0,0,0,0,0,0
20552,0,0,0,0,0,0
20559,0,0,0,0,0,0
20566,0,0,0,0,0,0
20572,0,0,0,0,0,0
20580,0,0,0,0,0,0
20586,0,0,0,0,0,0
20592,0,0,0,0,0,0
20599,0,0,0,0,0,0
20607,0,0,0,0,0,0
20614,0,0,0,0,0,0
20621,0,0,0,0,0,0
20626,0,0,0,0,0,0
20634,0,0,2,0,0,0
20641,0,0,0,0,0,0
20648,0,0,0,0,0,0
20655,0,0,0,0,0,0
20662,0,0,0,0,0,0
20669,0,0,0,0,0,0
20676,0,0,0,0,0,0
20681,0,0,0,0,0,0
20689,0,0,0,0,0,0
20695,0,0,0,0,0,0
20702,0,0,0,0,0,0
20707,0,0,0,0,0,0
20713,0,0,0,0,0,0
20720,0,0,0,0,0,0
20729,0,0,0,0,0,0
20737,0,0,0,0,0,0
20750,0,0,0,0,0,0
20757,0,0,0,0,0,0
20764,0,0,0,0,0,0
20771,0,0,0,0,0,0
20784,0,0,0,0,0,0
20791,0,0,0,0,0,0
20796,0,0,3,0,0,0
20804,0,0,0,0,0,0
20811,0,0,0,0,0,0
20818,0,0,0,0,0,0
20826,0,0,0,0,0,0
20840,0,0,0,0,0,0
20847,0,0,0,0,0,0
20854,0,0,0,0,0,0
20862,0,0,0,0,0,0
20875,0,0,0,0,0,0
20882,0,0,0,0,0,0
20889,0,0,0,0,0,0
20893,0,0,0,0,0,0
20899,0,0,0,0,0,0
20913,0,0,1,0,0,0
20920,0,0,0,0,0,0
20927,0,0,0,0,0,0
20935,0,0,0,0,0,0
20941,0,0,0,0,0,0
20948,0,0,0,0,0,0
20955,0,0,0,0,0,0
20962,0,0,0,0,0,0
20969,0,0,0,0,0,0
20976,0,3,0,0,0,0
20990,0,0,0,0,0,0
20998,0,0,0,0,0,0
21028,0,0,0,0,0,0
21036,0,0,0,0,0,0
21042,0,0,0,0,0,0
21050,0,0,0,0,0,0
21056,0,0,0,0,0,0
21071,0,0,0,0,0,0
21078,0,0,0,0,0,0
21092,0,0,0,0,0,0
21100,0,0,0,0,0,0
21107,0,0,0,0,0,0
21115,0,0,0,0,0,0
21135,0,0,0,0,0,0
21168,0,0,0,0,0,0
21190,0,0,0,0,0,0
21197,0,0,0,0,0,0
21204,0,0,0,0,0,0
21218,0,0,0,0,0,0
21232,0,0,0,0,0,0
21253,0,0,0,0,0,0
21262,0,0,0,0,0,0
21269,0,0,0,0,0,0
21276,0,0,0,0,0,0
21290,0,0,0,0,0,0
21297,0,0,0,0,0,0
21304,0,0,0,0,0,0
21324,0,0,0,0,0,0
21332,0,0,0,0,0,0
21349,0,0,0,0,0,0
21371,0,0,0,0,0,0
21378,0,0,0,0,0,0
21442,0,0,0,0,0,0
21451,0,0,0,0,0,0
21457,0,0,0,0,0,0
21465,0,0,0,0,0,0
21494,0,0,0,0,0,0
21513,0,0,0,0,0,0
21520,0,0,0,0,0,0
21540,0,0,0,0,0,0
21584,0,0,0,0,0,0
21591,0,0,0,0,0,0
21604,0,0,0,0,0,0
21610,0,0,0,0,0,0
21683,0,0,0,0,0,0
21690,0,0,0,0,0,0
21704,0,0,0,0,0,0
21764,0,0,0,0,0,0
21771,0,0,0,0,0,0
21785,0,0,0,0,0,0
21798,0,0,0,0,0,0
21825,0,0,0,0,0,0
21854,0,0,0,0,0,0
21861,0,0,0,0,0,0
21875,0,0,0,0,0,0
21883,0,0,0,0,0,0
21888,0,0,0,0,0,0
21897,0,0,0,0,0,0
21904,0,0,0,0,0,0
21911,0,0,0,0,0,0
21919,0,0,0,0,0,0
21931,0,0,0,0,0,0
21938,0,0,0,0,0,0
21946,0,0,0,0,0,0
21952,0,0,0,0,0,0
21960,0,0,0,0,0,0
21967,0,0,0,0,0,0
21974,0,0,0,0,0,0
21981,0,0,0,0,0,0
21988,0,0,0,0,0,0
21995,0,0,0,0,0,0
22002,0,0,0,0,0,0
22009,0,0,0,0,0,0
22016,0,0,0,0,0,0
22023,0,0,0,0,0,0
22041,0,0,0,0,0,0
22049,0,0,0,0,0,0
22056,0,0,0,0,0,0
22063,0,0,0,0,0,0
22070,0,0,0,0,0,0
22077,0,0,0,0,0,0
22084,0,0,0,0,0,0
22090,0,0,0,0,0,0
22097,0,0,0,0,0,0
22104,0,0,0,0,0,0
22111,0,0,0,0,0,0
22118,0,0,0,0,0,0
22125,0,0,0,1,1,0
22138,0,0,0,0,0,0
22145,0,0,0,0,0,0
22153,0,0,0,0,0,0
22159,0,0,0,0,0,0
22165,0,0,0,0,0,0
22172,0,0,0,0,0,0
22179,0,0,0,0,0,0
22186,0,0,0,0,0,0
22193,0,0,0,0,0,0
22207,0,0,0,0,0,0
22214,0,0,0,0,0,0
22222,0,0,0,0,0,0
22229,0,0,0,0,0,0
22236,0,0,0,0,0,0
22244,0,0,0,0,0,0
22250,0,0,0,0,0,0
22258,0,0,0,0,0,0
22265,0,0,0,0,0,0
22272,0,0,0,0,0,0
22279,0,0,0,0,0,0
22287,0,0,0,0,0,0
22305,0,0,0,0,0,0
22312,0,0,0,0,0,0
22320,0,0,0,0,0,0
22342,0,0,0,0,0,0
22350,0,0,0,0,0,0
22369,0,0,0,1,1,0
22383,0,0,0,0,0,0
22390,0,0,0,0,0,0
22397,0,0,0,0,0,0
22405,0,0,0,0,0,0
22411,0,0,0,0,0,0
22417,0,0,0,0,0,0
22424,0,0,0,0,0,0
22429,0,0,0,0,0,0
22435,0,0,0,0,0,0
22442,0,0,0,0,0,0
22450,0,0,0,0,0,0
22456,0,0,0,0,0,0
22463,0,0,0,0,0,0
22478,0,0,0,0,0,0
22485,0,0,0,0,0,0
22490,0,0,0,0,0,0
22497,0,0,0,0,0,0
22504,0,0,0,0,0,0
22511,0,0,0,0,0,0
22541,0,0,0,0,0,0
22555,0,0,0,0,0,0
22567,0,0,0,0,0,0
22573,0,0,0,0,0,0
22582,0,0,0,0,0,0
22591,0,0,0,0,0,0
22603,0,0,0,0,0,0
22614,0,0,0,0,0,0
22621,0,0,0,0,0,0
22627,0,0,0,0,0,0
22642,0,0,0,0,0,0
22648,0,0,0,0,0,0
22654,0,0,0,0,0,0
22669,0,0,0,0,0,0
22675,0,0,0,0,0,0
22681,0,0,0,0,0,0
22689,0,0,0,0,0,0
22696,0,0,0,0,0,0
22702,0,0,0,0,0,0
22708,0,0,0,0,0,0
22714,0,0,0,0,0,0
22720,0,0,0,0,0,0
22725,0,0,0,0,0,0
22732,0,0,0,0,0,0
22739,0,0,0,0,0,0
22745,0,0,0,0,0,0
22752,0,0,0,0,0,0
22758,0,0,0,0,0,0
22764,0,0,0,0,0,0
22771,0,0,0,0,0,0
22779,0,0,0,0,0,0
22791,0,0,0,0,0,0
22797,0,0,0,0,0,0
22811,0,0,0,0,0,0
22817,0,0,0,0,0,0
22822,0,0,0,0,0,0
22828,0,0,0,0,0,0
22833,0,0,0,0,0,0
22840,0,0,0,0,0,0
22846,0,0,0,0,0,0
22853,0,0,0,0,0,0
22859,0,0,0,0,0,0
22865,0,0,0,0,0,0
22872,0,0,0,0,0,0
22876,0,0,0,0,0,0
22884,0,0,0,0,0,0
22890,0,0,0,0,0,0
22896,0,0,0,0,0,0
22902,0,0,0,0,0,0
22907,0,0,0,0,0,0
22916,0,0,0,0,0,0
22922,0,0,0,0,0,0
22928,0,0,0,0,0,0
22934,0,0,0,0,0,0
22946,0,0,0,0,0,0
22952,0,0,0,0,0,0
22959,0,0,0,0,0,0
22970,0,0,0,0,0,0
22979,0,0,0,0,0,0
22985,0,0,0,0,0,0
22991,0,0,0,0,0,0
22996,0,0,0,0,0,0
23002,0,0,0,0,0,0
23014,0,0,0,0,0,0
23027,0,0,0,0,0,0
23033,0,0,0,0,0,0
23044,0,0,0,0,0,0
23053,0,0,0,0,0,0
23059,0,0,0,0,0,0
23068,0,0,0,0,0,0
23080,0,0,0,0,0,0
23098,0,0,0,0,0,0
23104,0,0,0,0,0,0
23110,0,0,0,0,1,0
23116,0,0,0,0,0,0
23121,0,0,0,0,0,0
23128,0,0,0,0,0,0
23134,0,0,0,0,0,0
23138,0,0,0,0,0,0
23143,0,0,0,0,0,0
23149,0,0,0,0,0,0
23156,0,0,0,0,0,0
23162,0,0,0,0,0,0
23168,0,0,0,0,0,0
23180,0,0,0,0,0,0
23186,0,0,0,0,0,0
23198,0,0,0,0,0,0
23206,0,0,0,0,0,0
23212,0,0,0,0,0,0
23220,0,0,0,0,0,0
23232,0,0,0,0,0,0
23243,0,0,0,0,0,0
23249,0,0,0,0,0,0
23266,0,0,0,0,0,0
23283,0,0,0,0,0,0
23295,0,0,0,0,0,0
23301,0,0,0,0,0,0
23312,0,0,0,0,0,0
23322,0,0,0,0,0,0
23337,0,0,0,0,0,0
23347,0,0,0,0,0,0
23365,0,0,0,0,0,0
23373,0,0,0,0,0,0
23404,0,0,0,0,0,0
23410,0,0,0,0,0,0
23437,0,0,0,0,0,0
23455,0,0,0,0,0,0
23475,0,0,0,0,0,0
23490,0,0,0,0,0,0
23499,0,0,0,0,0,0
23511,0,0,0,0,0,0
23519,0,0,0,0,0,0
23531,0,0,0,0,0,0
23537,0,0,0,0,0,0
23548,0,0,0,0,0,0
23555,0,0,0,0,0,0
23567,0,0,0,0,0,0
23598,0,0,0,0,0,0
23618,0,0,0,0,0,0
23670,0,0,0,0,0,0
23689,0,0,0,0,0,0
23708,0,0,0,0,0,0
23726,0,0,0,0,0,0
23744,0,0,0,0,0,0
23753,0,0,0,0,0,0
23760,0,0,0,0,0,0
23779,0,0,0,0,0,0
23798,0,0,0,0,0,0
23823,0,0,0,0,0,0
23842,0,0,0,0,0,0
23859,0,0,0,0,0,0
23877,0,0,0,0,0,0
23914,0,0,0,0,0,0
23940,0,0,0,0,0,0
23967,0,0,0,0,0,0
24013,0,0,0,0,0,0
24021,0,0,0,0,0,0
24040,0,0,0,0,0,0
24059,0,0,0,0,0,0
24065,0,0,0,0,0,0
24071,0,0,0,0,0,0
24082,0,0,0,0,0,0
24088,0,0,0,0,0,0
24094,0,0,0,0,0,0
24101,0,0,0,0,0,0
24108,0,0,0,0,0,0
24119,0,0,0,0,0,0
24124,0,0,0,0,0,0
24136,0,0,0,0,0,0
24155,0,0,0,0,0,0
24161,0,0,0,0,0,0
24167,0,0,0,0,0,0
24174,0,0,0,0,0,0
24180,0,0,0,0,0,0
24186,0,0,0,0,0,0
24192,0,0,0,0,0,0
24199,0,0,0,0,0,0
24205,0,0,0,0,0,0
24210,0,0,0,0,0,0
24216,0,0,0,0,0,0
24222,0,0,0,0,0,0
24228,0,0,0,0,0,0
24234,0,0,0,0,0,0
24240,0,0,0,0,0,0
24246,0,0,0,0,0,0
24252,0,0,0,0,0,0
24258,0,0,0,0,0,0
24264,0,0,0,0,0,0
24270,0,0,0,0,0,0
24276,0,0,0,0,0,0
24281,0,0,0,0,0,0
24287,0,0,0,0,0,0
24293,0,0,0,0,0,0
24303,0,0,0,0,0,0
24317,0,0,0,0,0,0
24323,0,0,0,0,1,0
24328,0,0,0,0,0,0
24335,0,0,0,0,0,0
24340,0,0,0,0,0,0
24352,0,0,0,0,0,0
24360,0,0,0,0,0,0
24365,0,0,0,0,0,0
24370,0,0,0,0,0,0
24377,0,0,0,0,0,0
24382,0,0,0,0,0,0
24388,0,0,0,0,0,0
24394,0,0,0,0,0,0
24400,0,0,0,0,0,0
24406,0,0,0,0,0,0
24413,0,0,0,0,0,0
24418,0,0,0,0,0,0
24424,0,0,0,0,0,0
24430,0,0,0,0,0,0
24436,0,0,0,0,0,0
24442,0,0,0,0,0,0
24448,0,0,0,0,0,0
24452,0,0,0,0,0,0
24457,0,0,0,0,0,0
24464,0,0,0,0,0,0
24471,0,0,0,0,0,0
24478,0,0,0,0,0,0
24484,0,0,0,0,0,0
24490,0,0,0,0,0,0
24496,0,0,0,0,0,0
24502,0,0,0,0,0,0
24505,0,0,0,0,0,0
24511,0,0,0,0,0,0
24517,0,0,0,0,0,0
24521,0,0,0,0,0,0
24527,0,0,0,0,0,0
24535,0,0,0,0,0,0
24542,0,0,0,0,0,0
24549,0,0,0,0,0,0
24557,0,0,0,1,1,0
24565,0,0,0,1,1,0
24576,0,0,0,0,0,0
24586,0,0,0,0,0,0
24592,0,0,0,0,0,0
24604,0,0,0,0,0,0
24610,0,0,0,0,0,0
24616,0,0,0,0,0,0
24622,0,0,0,0,0,0
24628,0,0,0,0,0,0
24634,0,0,0,0,0,0
24640,0,0,0,0,0,0
24646,0,0,0,0,0,0
24652,0,0,0,0,0,0
24657,0,0,0,0,0,0
24663,0,0,0,0,0,0
24670,0,0,0,0,0,0
24675,0,0,0,0,0,0
24681,0,0,0,0,0,0
24687,0,0,0,0,0,0
24695,0,0,0,0,0,0
24700,0,0,0,0,0,0
24707,0,0,0,0,0,0
24719,0,0,0,0,0,0
24725,0,0,0,0,0,0
24737,0,0,0,0,0,0
24744,0,0,0,0,0,0
24751,0,0,0,0,0,0
24756,0,0,0,0,0,0
24762,0,0,0,0,0,0
24767,0,0,0,0,0,0
24774,0,0,0,0,0,0
24781,0,0,0,0,0,0
24793,0,0,0,0,0,0
24802,0,0,0,0,0,0
24808,0,0,0,0,0,0
24820,0,0,0,0,0,0
24826,0,0,0,0,0,0
24832,0,0,0,0,0,0
24839,0,0,0,0,0,0
24847,0,0,0,0,0,0
24855,0,0,0,0,0,0
24861,0,0,0,0,0,0
24867,0,0,0,0,0,0
24876,0,0,0,0,0,0
24883,0,0,0,0,0,0
24889,0,0,0,0,0,0
24895,0,0,0,0,0,0
24902,0,0,0,0,0,0
24908,0,0,0,0,0,0
24916,0,0,0,0,0,0
24930,0,0,0,0,0,0
24937,0,0,0,0,0,0
24942,0,0,0,0,0,0
24950,0,0,0,0,0,0
24957,0,0,0,0,0,0
24963,0,0,0,0,0,0
24970,0,0,0,0,0,0
24977,0,0,0,0,0,0
24984,0,0,0,0,0,0
24991,0,0,0,0,0,0
24999,0,0,0,0,0,0
25005,0,0,0,0,0,0
25010,0,0,0,0,0,0
25017,0,0,0,0,0,0
25023,0,0,0,0,0,0
25028,0,0,0,0,0,0
25035,0,0,0,0,0,0
25041,0,0,0,0,0,0
25047,0,0,0,0,0,0
25055,0,0,0,0,0,0
25060,0,0,0,0,0,0
25071,0,0,0,0,0,0
25078,0,0,0,0,0,0
25088,0,0,0,0,0,0
25097,0,0,0,0,0,0
25107,0,0,0,0,0,0
25112,0,0,0,0,0,0
25117,0,0,0,0,0,0
25122,0,0,0,0,0,0
25128,0,0,0,0,0,0
25134,0,0,0,0,0,0
25140,0,0,0,0,0,0
25145,0,0,0,0,0,0
25150,0,0,0,0,0,0
25161,0,0,0,0,0,0
25167,0,0,0,0,0,0
25172,0,0,0,0,0,0
25178,0,0,0,0,0,0
25183,0,0,0,0,0,0
25190,0,0,0,0,0,0
25202,0,0,0,0,0,0
25214,0,0,0,0,0,0
25220,0,0,0,0,0,0
25227,0,0,0,0,0,0
25232,0,0,0,0,0,0
25238,0,0,0,0,0,0
25244,0,0,0,0,0,0
25250,0,0,0,0,0,0
25256,0,0,0,0,0,0
25263,0,0,0,0,0,0
25269,0,0,0,0,0,0
25275,0,0,0,0,0,0
25281,0,0,0,0,0,0
25289,0,0,0,0,0,0
25297,0,0,0,0,0,0
25302,0,0,0,0,0,0
25308,0,0,0,0,0,0
25316,0,0,0,0,0,0
25322,0,0,0,0,0,0
25334,0,0,0,0,0,0
25340,0,0,0,0,0,0
25348,0,0,0,0,0,0
25373,0,0,0,0,0,0
25380,0,0,0,0,0,0
25386,0,0,0,0,0,0
25392,0,0,0,0,0,0
25398,0,0,0,0,0,0
25404,0,0,0,0,0,0
25410,0,0,0,0,0,0
25415,0,0,0,0,0,0
25421,0,0,0,0,0,0
25426,0,0,0,0,0,0
25432,0,0,0,0,0,0
25438,0,0,0,0,0,0
25443,0,0,0,0,0,0
25454,0,0,0,0,0,0
25463,0,0,0,0,0,0
25470,0,0,0,0,0,0
25482,0,0,0,0,0,0
25488,0,0,0,0,0,0
25500,0,0,0,0,0,0
25511,0,0,0,0,0,0
25539,0,0,0,0,0,0
25544,0,0,0,0,0,0
25567,0,0,0,0,0,0
25575,0,0,0,0,0,0
25584,0,0,0,0,0,0
25592,0,0,0,0,0,0
25605,0,0,0,0,0,0
25611,0,0,0,0,0,0
25618,0,0,0,0,0,0
25623,0,0,0,0,0,0
25632,0,0,0,0,0,0
25639,0,0,0,0,0,0
25646,0,0,0,0,0,0
25652,0,0,0,0,0,0
25661,0,0,0,0,0,0
25670,0,0,0,0,0,0
25677,0,0,0,0,0,0
25689,0,0,0,0,0,0
25695,0,0,0,0,0,0
25708,0,0,0,0,0,0
25714,0,0,0,0,0,0
25720,0,0,0,0,0,0
25725,0,0,0,0,0,0
25730,0,0,0,0,0,0
25736,0,0,0,0,0,0
25742,0,0,0,0,0,0
25748,0,0,0,0,0,0
25752,0,0,0,0,0,0
25761,0,0,0,0,0,0
25781,0,0,0,0,0,0
25787,0,0,0,0,0,0
25796,0,0,0,0,0,0
25807,0,0,0,0,0,0
25814,0,0,0,0,0,0
25827,0,0,0,0,0,0
25852,0,0,0,0,0,0
25859,0,0,0,0,0,0
25869,0,0,0,0,0,0
25876,0,0,0,0,0,0
25888,0,0,0,0,0,0
25898,0,0,0,0,0,0
25904,0,0,0,0,0,0
25915,0,0,0,0,0,0
25939,0,0,0,0,0,0
25950,0,0,0,0,0,0
25956,0,0,0,0,0,0
25969,0,0,0,0,0,0
25976,0,0,0,0,0,0
25986,0,0,0,0,0,0
25992,0,0,0,0,0,0
26021,0,0,0,0,0,0
26030,0,0,0,0,0,0
26038,0,0,0,0,0,0
26058,0,0,0,0,0,0
26069,0,0,0,0,0,0
26076,0,0,0,0,0,0
26092,0,0,0,0,0,0
26103,0,0,0,0,0,0
26110,0,0,0,0,0,0
26132,0,0,0,0,0,0
26137,0,0,0,0,0,0
26155,0,0,0,0,0,0
26175,0,0,0,0,0,0
26183,0,0,0,0,0,0
26201,0,0,0,0,0,0
26228,0,0,0,0,0,0
26247,0,0,0,0,0,0
26253,0,0,0,0,0,0
26260,0,0,0,1,1,0
26266,0,0,0,0,0,0
26282,0,0,0,0,0,0
26289,0,0,0,0,0,0
26297,0,0,0,0,0,0
26303,0,0,0,0,0,0
26308,0,0,0,0,0,0
26315,0,0,0,0,0,0
26321,0,0,0,0,0,0
26327,0,0,0,0,0,0
26334,0,0,0,0,0,0
26340,0,0,0,0,0,0
26347,0,0,0,0,0,0
26353,0,0,0,0,0,0
26359,0,0,0,0,0,0
26365,0,0,0,0,0,0
26371,0,0,0,0,0,0
26377,0,0,0,0,0,0
26383,0,0,0,0,0,0
26390,0,0,0,0,0,0
26398,0,0,0,0,0,0
26405,0,0,0,0,0,0
26411,0,0,0,0,0,0
26417,0,0,0,0,0,0
26423,0,0,0,0,0,0
26429,0,0,0,0,0,0
26434,0,0,0,0,0,0
26440,0,0,0,0,0,0
26447,0,0,0,0,0,0
26453,0,0,0,0,0,0
26459,0,0,0,0,0,0
26465,0,0,0,0,0,0
26472,0,0,0,0,0,0
26478,0,0,0,0,0,0
26484,0,2,0,0,0,0
26490,0,0,0,1,1,0
26495,0,0,0,1,1,0
26501,0,0,0,0,0,0
26514,0,0,0,0,0,0
26521,0,0,0,0,0,0
26527,0,0,0,0,0,0
26533,0,0,0,0,0,0
26538,4,4,0,0,0,5
26546,0,0,0,0,0,0
26551,0,0,0,0,0,0
26557,0,1,0,0,0,1
26564,0,0,0,0,0,0
26570,0,0,0,0,0,0
26577,0,0,0,0,0,0
26583,0,0,0,0,0,0
26589,0,0,0,0,0,0
26595,0,0,0,0,0,0
26601,0,0,1,0,0,0
26608,0,0,0,0,0,0
26614,0,0,0,0,0,0
26619,0,1,0,0,0,0
26625,0,0,0,0,0,0
26631,0,0,0,0,0,0
26637,0,1,0,0,0,0
26643,0,0,0,0,0,0
26655,0,0,0,0,0,0
26662,0,0,0,0,0,0
26668,0,0,0,0,0,0
26674,0,0,0,0,0,0
26679,0,0,0,0,0,0
26685,0,0,0,0,0,0
26691,0,0,0,0,0,0
26697,0,0,0,0,0,0
26702,0,0,0,0,0,0
26708,0,0,0,0,0,0
26714,0,0,0,0,0,0
26720,0,0,0,0,0,0
26726,0,0,0,0,0,0
26732,0,0,0,1,1,0
26737,0,0,0,2,2,0
26743,0,0,0,2,2,0
26749,0,0,0,0,1,0
26755,0,0,0,3,2,0
26760,0,0,0,0,0,0
26768,0,0,0,0,0,0
26775,0,0,0,0,0,0
26782,0,0,0,0,0,0
26788,0,0,0,0,0,0
26794,0,0,0,0,0,0
26800,0,0,0,0,0,0
26806,0,0,0,0,0,0
26812,0,0,0,0,0,0
26817,0,0,0,0,0,0
26823,0,0,0,0,0,0
26829,0,0,0,0,0,0
26835,0,0,0,0,0,0
26841,0,0,0,0,0,0
26847,0,0,0,0,0,0
26853,0,0,0,0,0,0
26859,0,0,0,0,0,0
26864,0,0,0,0,0,0
26871,0,2,0,0,0,0
26877,0,0,0,0,0,0
26883,0,0,0,0,0,0
26889,0,5,0,0,0,5
26906,0,0,0,0,0,0
26918,0,0,0,0,0,0
26924,0,0,0,0,0,0
26930,0,0,0,0,0,0
26936,0,0,0,0,0,0
26942,0,0,0,0,0,0
26948,0,0,0,0,0,0
26953,0,0,0,0,0,0
26960,0,0,0,0,0,0
26966,0,0,0,0,0,0
26971,0,0,0,0,0,0
26977,0,0,0,0,0,0
26983,0,0,0,0,0,0
26989,0,0,0,0,0,0
26995,0,0,0,0,0,0
27001,0,0,0,0,0,0
27007,0,0,0,0,0,0
27013,0,0,0,0,0,0
27018,0,0,0,0,0,0
27026,0,0,0,0,0,0
27032,0,0,0,0,0,0
27038,0,0,0,0,0,0
27045,0,0,0,0,0,0
27053,0,0,0,0,0,0
27059,0,0,0,0,0,0
27065,0,0,0,0,0,0
27071,0,0,0,0,0,0
27077,0,0,0,0,0,0
27083,0,0,0,0,0,0
27088,0,0,0,0,0,0
27094,0,0,0,0,0,0
27100,0,0,0,0,0,0
27106,0,0,0,0,0,0
27113,0,0,0,0,0,0
27119,0,0,0,0,0,0
27125,0,0,0,0,0,0
27132,0,1,0,0,0,0
27139,0,0,0,0,0,0
27145,0,0,0,0,0,0
27151,0,0,0,0,0,0
27157,0,0,0,0,0,0
27163,0,0,0,0,0,0
27168,0,0,0,0,0,0
27173,0,0,0,0,0,0
27181,0,0,0,0,0,0
27184,0,0,0,0,0,0
27191,0,0,0,0,0,0
27197,0,0,0,0,0,0
27203,0,0,0,0,0,0
27209,0,0,0,0,0,0
27215,0,0,0,0,0,0
27221,0,0,0,0,0,0
27228,0,0,0,0,0,0
27234,0,0,0,0,0,0
27240,0,0,0,0,1,0
27247,0,0,0,0,0,0
27253,0,0,0,0,0,0
27258,0,1,0,0,0,0
27265,0,0,0,0,0,0
27271,0,0,0,0,0,0
27276,0,2,1,0,0,0
27282,0,0,0,0,0,0
27287,0,0,0,0,0,0
27291,0,0,0,0,0,0
27296,0,0,0,0,0,0
27300,0,0,0,0,0,0
27305,0,0,0,0,0,0
27311,0,0,0,0,0,0
27316,0,0,0,0,0,0
27322,0,0,0,0,0,0
27327,0,0,0,0,0,0
27333,0,0,0,0,0,0
27338,0,0,0,0,0,0
27342,0,0,0,0,0,0
27349,0,0,0,0,0,0
27355,0,0,0,0,0,0
27360,0,0,0,0,0,0
27366,0,1,2,0,0,0
27373,0,0,0,0,0,0
27379,0,0,0,0,0,0
27391,0,0,0,0,0,0
27397,0,0,0,0,0,0
27404,0,0,0,0,0,0
27408,0,0,0,0,0,0
27415,0,0,0,0,0,0
27423,0,0,0,0,0,0
27429,0,0,1,0,0,0
27435,0,0,0,0,0,0
27442,0,0,0,0,0,0
27449,0,0,0,0,0,0
27455,0,0,0,0,0,0
27460,0,0,0,0,0,0
27466,0,0,0,0,0,0
27473,0,0,0,0,0,0
27479,0,0,0,0,0,0
27484,0,0,0,0,0,0
27491,0,0,0,0,0,0
27497,0,0,0,0,0,0
27505,0,0,0,0,0,0
27511,0,0,0,0,1,0
27518,0,0,0,0,0,0
27524,0,0,0,0,0,0
27532,0,0,0,0,0,0
27538,0,0,0,0,1,0
27544,0,0,0,0,0,0
27550,0,0,0,0,0,0
27556,0,0,0,0,0,0
27562,0,0,0,0,0,0
27567,0,0,0,0,0,0
27572,0,0,0,0,0,0
27578,0,0,0,0,0,0
27584,0,0,0,0,0,0
27589,0,0,0,0,0,0
27594,0,0,0,0,0,0
27598,0,0,0,0,0,0
27604,0,0,0,0,0,0
27610,0,0,0,0,0,0
27618,0,2,0,0,0,0
27625,0,0,0,0,0,0
27631,0,0,0,0,0,0
27643,0,0,0,0,0,0
27649,0,0,0,0,0,0
27660,0,0,0,0,0,0
27671,0,0,0,0,0,0
27676,0,0,0,0,0,0
27683,0,0,0,0,0,0
27689,0,0,0,0,0,0
27695,0,0,0,0,0,0
27701,0,0,0,0,0,0
27724,0,0,0,0,0,0
27730,0,0,0,0,0,0
27742,0,0,0,0,0,0
27760,0,0,0,0,0,0
27777,0,0,0,0,0,0
27783,0,0,0,0,0,0
27797,0,0,0,0,0,0
27803,0,0,0,0,0,0
27815,0,0,0,0,0,0
27821,0,0,0,0,0,0
27840,0,0,0,0,0,0
27846,0,0,0,0,0,0
27857,0,0,0,0,0,0
27863,0,0,0,0,0,0
27869,0,0,0,0,0,0
27876,0,0,0,0,0,0
27882,0,0,0,0,0,0
27888,0,0,0,0,0,0
27894,0,0,0,0,0,0
27900,0,0,0,0,0,0
27905,0,0,0,0,0,0
27911,0,0,0,0,0,0
27922,0,0,0,0,0,0
27927,0,0,0,0,0,0
27931,0,0,0,0,0,0
27936,0,0,0,0,0,0
27941,0,0,0,0,0,0
27983,0,0,0,0,0,0
28000,0,0,0,0,0,0
28010,0,0,0,0,0,0
28022,0,0,0,0,0,0
28046,0,0,0,0,0,0
28065,0,0,0,0,0,0
28074,0,0,0,0,0,0
28094,0,0,0,0,0,0
28100,0,0,0,0,0,0
28106,0,0,0,0,0,0
28110,0,0,0,0,0,0
28117,0,0,0,0,0,0
28128,0,0,0,0,0,0
28134,0,0,0,0,0,0
28147,0,0,0,0,0,0
28154,0,0,0,0,0,0
28166,0,0,0,0,0,0
28172,0,0,0,0,0,0
28179,0,0,0,0,0,0
28216,0,0,0,0,0,0
28227,0,0,0,0,0,0
28234,0,0,0,0,0,0
28244,0,0,0,0,0,0
28260,0,0,0,0,0,0
28289,0,0,0,0,0,0
28309,0,0,0,0,0,0
28315,0,0,0,0,0,0
28326,0,0,0,0,0,0
28332,0,0,0,0,0,0
28346,0,0,0,0,0,0
28370,0,0,0,0,0,0
28387,0,0,0,0,0,0
28407,0,0,0,0,0,0
28416,0,0,0,0,0,0
28422,0,0,0,0,0,0
28434,0,0,0,0,0,0
28440,0,0,0,0,0,0
28448,0,0,0,0,0,0
28454,0,0,0,0,0,0
28465,0,0,0,0,0,0
28471,0,0,0,0,0,0
28475,0,0,0,0,0,0
28481,0,0,0,0,0,0
28489,0,0,0,0,0,0
28497,0,0,0,0,0,0
28513,0,0,0,0,0,0
28519,0,0,0,0,0,0
28525,0,0,0,0,0,0
28530,0,0,0,0,0,0
28536,0,0,0,0,0,0
28542,0,0,0,0,0,0
28546,0,0,0,0,0,0
28552,0,0,0,0,0,0
28557,0,0,0,0,0,0
28564,0,0,0,0,0,0
28570,0,0,0,0,0,0
28574,0,0,0,0,0,0
28580,0,0,0,0,0,0
28586,0,0,0,0,0,0
28599,0,0,0,0,0,0
28605,0,0,0,0,0,0
28617,0,0,0,0,0,0
28624,0,0,0,0,0,0
28630,0,0,0,0,0,0
28636,0,0,0,0,0,0
28642,0,0,0,0,0,0
28648,0,0,0,0,0,0
28654,0,0,0,0,0,0
28660,0,0,0,0,0,0
28665,0,0,0,0,0,0
28671,0,0,0,0,0,0
28677,0,0,0,1,1,0
28682,0,0,0,0,0,0
28688,0,0,0,0,0,0
28698,0,0,0,1,1,0
28704,0,0,0,0,0,0
28716,0,0,0,0,0,0
28723,0,0,0,0,0,0
28729,0,0,0,0,0,0
28735,0,0,0,0,0,0
28741,0,0,0,0,0,0
28746,0,0,0,0,0,0
28754,0,0,0,0,0,0
28760,0,0,0,0,0,0
28766,0,0,0,0,0,0
28772,0,0,0,0,0,0
28777,0,0,0,0,0,0
28783,0,0,0,0,0,0
28789,0,0,0,0,0,0
28794,0,0,0,0,0,0
28800,0,0,0,0,0,0
28806,0,0,0,0,0,0
28815,0,0,0,0,0,0
28821,0,0,0,0,0,0
28826,0,0,0,0,0,0
28831,0,0,0,0,0,0
28838,0,0,0,0,0,0
28857,0,0,0,0,0,0
28863,0,0,0,0,0,0
28875,0,0,0,0,0,0
28881,0,0,0,0,0,0
28887,0,0,0,0,0,0
28893,0,0,0,0,0,0
28899,0,0,0,0,0,0
28908,0,0,0,0,0,0
28915,0,0,0,0,0,0
28921,0,0,0,1,1,0
28933,0,0,0,1,1,0
28939,0,0,0,2,2,0
28950,0,0,0,0,0,0
28956,0,0,0,0,0,0
28962,0,0,0,0,0,0
28969,0,0,0,0,1,0
28976,0,0,0,0,0,0
28981,0,0,0,0,0,0
28986,0,0,0,0,0,0
28992,0,0,0,0,0,0
28999,0,0,0,0,0,0
29005,0,0,0,0,0,0
29011,0,0,0,0,0,0
29017,0,0,0,0,0,0
29023,0,0,0,0,0,0
29029,0,0,0,0,0,0
29035,0,0,0,0,0,0
29040,0,0,0,0,0,0
29046,0,0,0,0,0,0
29052,0,0,0,0,0,0
29059,0,0,0,0,0,0
29065,0,0,0,0,0,0
29071,0,0,0,0,0,0
29076,0,0,0,0,0,0
29082,0,0,0,0,0,0
29093,0,0,0,0,0,0
29099,0,0,0,0,0,0
29110,0,0,0,0,0,0
29116,0,0,0,0,0,0
29128,0,0,0,0,0,0
29134,0,0,0,0,0,0
29146,0,0,0,0,0,0
29152,0,0,0,0,0,0
29159,0,0,0,0,0,0
29165,0,0,0,0,0,0
29174,0,0,0,0,0,0
29181,0,0,0,0,0,0
29194,0,0,0,0,0,0
29200,0,0,0,0,0,0
29221,0,0,0,0,0,0
29229,0,0,0,0,0,0
29235,0,0,0,0,0,0
29241,0,0,0,0,0,0
29249,0,0,0,0,0,0
29255,0,0,0,0,0,0
29261,0,0,0,0,0,0
29269,0,0,0,0,0,0
29275,0,0,0,0,0,0
29281,0,0,0,0,0,0
29288,0,0,0,0,0,0
29294,0,0,0,0,0,0
29300,0,0,0,0,0,0
29306,0,0,0,0,0,0
29312,0,0,0,0,0,0
29318,0,0,0,0,0,0
29323,0,0,0,0,0,0
29330,0,0,0,0,0,0
29335,0,0,0,0,0,0
29341,0,0,0,0,0,0
29347,0,0,0,0,0,0
29353,0,0,0,0,0,0
29360,0,0,0,0,0,0
29366,0,0,0,0,0,0
29371,0,0,0,0,0,0
29378,0,0,0,0,0,0
29384,0,0,0,0,0,0
29390,0,0,0,0,0,0
29397,0,0,0,0,0,0
29407,0,0,0,0,0,0
29413,0,0,0,0,0,0
29420,0,0,0,0,0,0
29427,0,0,0,2,1,0
29432,0,0,0,0,0,0
29438,0,0,0,0,0,0
29444,0,0,0,0,0,0
29454,0,0,0,0,0,0
29460,0,0,0,0,0,0
29465,0,0,0,0,0,0
29471,0,0,0,0,0,0
29478,0,0,0,0,0,0
29482,0,0,0,0,0,0
29488,0,0,0,0,0,0
29493,0,0,0,0,0,0
29505,0,0,0,0,0,0
29511,0,0,0,0,0,0
29517,0,0,0,0,0,0
29523,0,0,0,0,0,0
29529,0,0,0,0,0,0
29535,0,0,0,0,0,0
29540,0,0,0,0,0,0
29546,0,0,0,0,0,0
29551,0,0,0,0,0,0
29556,0,0,0,0,0,0
29562,0,0,0,0,0,0
29568,0,0,0,0,0,0
29575,0,0,0,0,0,0
29588,0,0,0,0,0,0
29594,0,0,0,0,0,0
29606,0,0,0,0,0,0
29611,0,0,0,0,0,0
29617,0,0,0,0,0,0
29631,0,0,0,0,0,0
29638,0,0,0,0,0,0
29644,0,0,0,0,0,0
29650,0,0,0,1,1,0
29661,0,0,0,1,1,0
29666,0,0,0,0,0,0
29675,0,0,0,0,0,0
29684,0,0,0,0,0,0
29691,0,0,0,0,0,0
29698,0,0,0,0,0,0
29704,0,0,0,0,0,0
29711,0,0,0,0,0,0
29716,0,0,0,0,0,0
29723,0,0,0,0,0,0
29729,0,0,0,0,0,0
29740,0,0,0,0,0,0
29747,0,0,0,0,0,0
29759,0,0,0,0,0,0
29765,0,0,0,0,0,0
29773,0,0,0,0,0,0
29780,0,0,0,0,0,0
29786,0,0,0,0,0,0
29790,0,0,0,0,0,0
29797,0,0,0,0,0,0
29803,0,0,0,0,0,0
29808,0,0,0,0,0,0
29818,0,0,0,0,0,0
29826,0,0,0,0,0,0
29837,0,0,0,0,0,0
29849,0,0,0,0,0,0
29855,0,0,0,0,0,0
29876,0,0,0,0,0,0
29883,0,0,0,0,0,0
29889,0,0,0,0,0,0
29899,0,0,0,0,0,0
29911,0,0,0,0,0,0
29916,0,0,0,0,0,0
29929,0,0,0,0,0,0
29936,0,0,0,0,0,0
29953,0,0,0,0,0,0
29965,0,0,0,0,0,0
29990,0,0,0,0,0,0
30001,0,0,0,0,0,0
30006,0,0,0,0,0,0
30025,0,0,0,0,0,0
30037,0,0,0,0,0,0
30047,0,0,0,0,0,0
30055,0,0,0,0,0,0
30063,0,0,0,0,0,0
30069,0,0,0,0,0,0
30082,0,0,0,0,0,0
30088,0,0,0,0,0,0
30100,0,0,0,0,0,0
30106,0,0,0,0,0,0
30118,0,0,0,0,0,0
30125,0,0,0,0,0,0
30131,0,0,0,0,0,0
30153,0,0,0,0,0,0
30160,0,0,0,0,0,0
30178,0,0,0,0,0,0
30191,0,0,0,0,0,0
30232,0,0,0,0,0,0
30243,0,0,0,0,0,0
30250,0,0,0,0,0,0
30261,0,0,0,0,0,0
30267,0,0,0,0,0,0
30279,0,0,0,0,0,0
30285,0,0,0,0,0,0
30321,0,0,0,0,0,0
30340,0,0,0,0,0,0
30352,0,0,0,0,0,0
30358,0,0,0,0,0,0
30371,0,0,0,0,0,0
30395,0,0,0,0,0,0
30402,0,0,0,0,0,0
30423,0,0,0,0,0,0
30440,0,0,0,0,0,0
30448,0,0,0,0,0,0
30467,0,0,0,0,0,0
30474,0,0,0,0,0,0
30492,0,0,0,0,0,0
30512,0,0,0,0,0,0
30529,0,0,0,0,0,0
30537,0,0,0,0,0,0
30555,0,0,0,0,0,0
30573,0,0,0,0,0,0
30592,0,0,0,0,0,0
30610,0,0,0,0,0,0
30623,0,0,0,0,0,0
30633,0,0,0,0,0,0
30651,0,0,0,0,0,0
30658,0,0,0,0,0,0
30671,0,0,0,0,0,0
30678,0,0,0,0,0,0
30685,0,0,0,0,0,0
30698,0,0,0,0,0,0
30710,0,0,0,0,0,0
30717,0,0,0,0,0,0
30725,0,0,0,0,0,0
30730,0,0,0,0,0,0
30736,0,0,0,0,0,0
30743,0,0,0,0,0,0
30749,0,0,0,0,0,0
30755,0,0,0,0,0,0
30761,0,0,0,0,0,0
30767,0,0,0,0,0,0
30779,0,0,0,0,0,0
30797,0,0,0,0,0,0
30803,0,0,0,0,0,0
30809,0,0,0,0,0,0
30816,0,0,0,0,0,0
30821,0,0,0,0,0,0
30827,0,0,0,0,0,0
30834,0,0,0,0,0,0
30841,0,0,0,0,0,0
30847,0,0,0,0,0,0
30853,0,0,0,0,0,0
30859,0,0,0,0,0,0
30865,0,0,0,0,0,0
30873,0,0,0,1,1,0
30878,0,0,0,0,0,0
30884,0,0,0,0,1,0
30893,0,0,0,0,0,0
30899,0,0,0,0,0,0
30905,0,0,0,0,0,0
30912,0,0,0,0,0,0
30918,0,0,0,0,0,0
30930,0,0,0,0,0,0
30936,0,0,0,0,0,0
30941,0,0,0,0,0,0
30947,0,0,0,0,0,0
30953,0,0,0,0,0,0
30959,0,0,0,0,0,0
30967,0,0,0,0,0,0
30974,0,0,0,0,0,0
30980,0,0,0,0,0,0
30986,0,0,0,0,0,0
30991,0,0,0,0,0,0
30997,0,0,0,0,0,0
31005,0,0,0,0,0,0
31011,0,0,0,0,0,0
31017,0,0,0,0,0,0
31035,0,0,0,0,0,0
31039,0,0,0,0,0,0
31044,0,0,0,0,0,0
31050,0,0,0,0,0,0
31057,0,0,0,0,0,0
31063,0,0,0,0,0,0
31069,0,0,0,0,0,0
31074,0,0,0,0,0,0
31080,0,0,0,0,0,0
31086,0,0,0,0,0,0
31092,0,0,0,0,0,0
31098,0,0,0,0,0,0
31103,0,0,0,0,0,0
31109,0,0,0,0,0,0
31116,0,0,0,1,1,0
31127,0,0,0,1,1,0
31138,0,0,0,0,0,0
31145,0,0,0,0,0,0
31156,0,0,0,0,0,0
31162,0,0,0,0,0,0
31174,0,0,0,0,0,0
31180,0,0,0,0,0,0
31187,0,0,0,0,0,0
31193,0,0,0,0,0,0
31199,0,0,0,0,0,0
31205,0,0,0,0,0,0
31211,0,0,0,0,0,0
31217,0,0,0,0,0,0
31223,0,0,0,0,0,0
31229,0,0,0,0,0,0
31235,0,0,0,0,0,0
31241,0,0,0,0,0,0
31247,0,0,0,0,0,0
31253,0,0,0,0,0,0
31259,0,0,0,0,0,0
31264,0,0,0,0,0,0
31269,0,0,0,0,0,0
31280,0,0,0,0,0,0
31286,0,0,0,0,0,0
31292,0,0,0,0,0,0
31298,0,0,0,0,0,0
31304,0,0,0,0,0,0
31309,0,0,0,0,0,0
31315,0,0,0,0,0,0
31321,0,0,0,0,0,0
31327,0,0,0,0,0,0
31334,0,0,0,0,0,0
31340,0,0,0,0,0,0
31345,0,0,0,0,0,0
31352,0,0,0,0,0,0
31363,0,0,0,0,0,0
31368,0,0,0,0,0,0
31374,0,0,0,0,0,0
31381,0,0,0,0,0,0
31387,0,0,0,0,0,0
31400,0,0,0,0,0,0
31407,0,0,0,0,0,0
31414,0,0,0,0,0,0
31425,0,0,0,0,0,0
31430,0,0,0,0,0,0
31437,0,0,0,0,0,0
31442,0,0,0,0,0,0
31449,0,0,0,0,0,0
31455,0,0,0,0,0,0
31462,0,0,0,0,0,0
31469,0,0,0,0,0,0
31479,0,0,0,0,0,0
31484,0,0,0,0,0,0
31500,0,0,0,0,0,0
31506,0,0,0,0,0,0
31513,0,0,0,0,0,0
31518,0,0,0,0,0,0
31524,0,0,0,0,0,0
31530,0,0,0,0,0,0
31537,0,0,0,0,0,0
31542,0,0,0,0,0,0
31547,0,0,0,0,0,0
31553,0,0,0,0,0,0
31559,0,0,0,0,0,0
31564,0,0,0,0,0,0
31571,0,0,0,0,0,0
31577,0,0,0,0,0,0
31588,0,0,0,0,0,0
31595,0,0,0,0,0,0
31609,0,0,0,0,0,0
31616,0,0,0,0,0,0
31623,0,0,0,0,0,0
31629,0,0,0,0,0,0
31635,0,0,0,0,0,0
31643,0,0,0,0,0,0
31649,0,0,0,0,0,0
31658,0,0,0,0,0,0
31666,0,0,0,0,0,0
31677,0,0,0,0,0,0
31683,0,0,0,0,0,0
31689,0,0,0,0,0,0
31695,0,0,0,0,0,0
31701,0,0,0,0,0,0
31707,0,0,0,0,0,0
31714,0,0,0,0,0,0
31720,0,0,0,0,0,0
31725,0,0,0,0,0,0
31732,0,0,0,0,0,0
31738,0,0,0,0,0,0
31743,0,0,0,0,0,0
31749,0,0,0,0,0,0
31756,0,0,0,0,0,0
31762,0,0,0,0,0,0
31768,0,0,0,0,0,0
31774,0,0,0,0,0,0
31779,0,0,0,0,0,0
31785,0,0,0,0,0,0
31791,0,0,0,0,0,0
31794,0,0,0,0,0,0
31801,0,0,0,0,0,0
31807,0,0,0,0,0,0
31813,0,0,0,0,0,0
31819,0,0,0,0,0,0
31825,0,0,0,0,0,0
31832,0,0,0,0,0,0
31840,0,0,0,0,0,0
31845,0,0,0,0,0,0
31851,0,0,0,0,0,0
31859,0,0,0,0,0,0
31865,0,0,0,0,0,0
31873,0,0,0,0,0,0
31885,0,0,0,0,0,0
31890,0,0,0,0,0,0
31896,0,0,0,0,0,0
31904,0,0,0,0,0,0
31909,0,0,0,0,0,0
31925,0,0,0,0,0,0
31930,0,0,0,0,0,0
31937,0,0,0,0,0,0
31949,0,0,0,0,0,0
31955,0,0,0,0,0,0
31962,0,0,0,0,0,0
31966,0,0,0,0,0,0
31972,0,0,0,0,0,0
31977,0,0,0,0,0,0
31983,0,0,0,0,0,0
31989,0,0,0,0,0,0
31994,0,0,0,0,0,0
32006,0,0,0,0,0,0
32016,0,0,0,0,0,0
32023,0,0,0,0,0,0
32036,0,0,0,0,0,0
32044,0,0,0,0,0,0
32050,0,0,0,0,0,0
32057,0,0,0,0,0,0
32062,0,0,0,0,0,0
32068,0,0,0,0,0,0
32074,0,0,0,0,0,0
32091,0,0,0,0,0,0
32097,0,0,0,0,0,0
32108,0,0,0,0,0,0
32128,0,0,0,0,0,0
32136,0,0,0,0,0,0
32143,0,0,0,0,0,0
32151,0,0,0,0,0,0
32172,0,0,0,0,0,0
32178,0,0,0,0,0,0
32185,0,0,0,0,0,0
32192,0,0,0,0,0,0
32197,0,0,0,0,0,0
32208,0,0,0,0,0,0
32215,0,0,0,0,0,0
32221,0,0,0,0,0,0
32227,0,0,0,0,0,0
32233,0,0,0,0,0,0
32239,0,0,0,0,0,0
32244,0,0,0,0,0,0
32251,0,0,0,0,0,0
32258,0,0,0,0,0,0
32264,0,0,0,0,0,0
32269,0,0,0,0,0,0
32275,0,0,0,0,0,0
32281,0,0,0,0,0,0
32288,0,0,0,0,0,0
32294,0,0,0,0,0,0
32300,0,0,0,0,0,0
32306,0,0,0,0,0,0
32312,0,0,0,0,0,0
32322,0,0,0,0,0,0
32342,0,0,0,0,0,0
32351,0,0,0,0,0,0
32360,0,0,0,0,0,0
32370,0,0,0,0,0,0
32376,0,0,0,0,0,0
32381,0,0,0,0,0,0
32398,0,0,0,0,0,0
32409,0,0,0,0,0,0
32421,0,0,0,0,0,0
32428,0,0,0,0,0,0
32440,0,0,0,0,0,0
32446,0,0,0,0,0,0
32453,0,0,0,0,0,0
32459,0,0,0,0,0,0
32466,0,0,0,0,0,0
32470,0,0,0,0,0,0
32477,0,0,0,0,0,0
32501,0,0,0,0,0,0
32512,0,0,0,0,0,0
32519,0,0,0,0,0,0
32531,0,0,0,0,0,0
32537,0,0,0,0,0,0
32549,0,0,0,0,0,0
32555,0,0,0,0,0,0
32560,0,0,0,0,0,0
32584,0,0,0,0,0,0
32594,0,0,0,0,0,0
32602,0,0,0,0,0,0
32612,0,0,0,0,0,0
32621,0,0,0,0,0,0
32627,0,0,0,0,0,0
32637,0,0,0,0,0,0
32642,0,0,0,0,0,0
32666,0,0,0,0,0,0
32672,0,0,0,0,0,0
32684,0,0,0,0,0,0
32689,0,0,0,0,0,0
32700,0,0,0,0,0,0
32706,0,0,0,0,0,0
32719,0,0,0,0,0,0
32725,0,0,0,0,0,0
32736,0,0,0,0,0,0
32747,0,0,0,0,0,0
32752,0,0,0,0,0,0
32763,0,0,0,0,0,0
32769,0,0,0,0,0,0
32781,0,0,0,0,0,0
32787,0,0,0,0,0,0
32799,0,0,0,0,0,0
32805,0,0,0,0,0,0
32812,0,0,0,1,1,0
32818,0,0,0,0,0,0
32823,0,0,0,1,1,0
32831,0,0,0,0,0,0
32837,0,0,0,0,0,0
32841,0,0,0,0,0,0
32851,0,0,0,0,0,0
32858,0,0,0,0,0,0
32864,0,0,0,0,0,0
32875,0,0,0,0,0,0
32881,0,0,0,0,0,0
32886,0,0,0,0,0,0
32892,0,0,0,0,0,0
32898,0,0,0,0,0,0
32903,0,0,0,0,0,0
32909,0,0,0,0,0,0
32915,0,0,0,0,0,0
32921,0,0,0,0,0,0
32926,0,0,0,0,0,0
32932,0,0,0,0,0,0
32938,0,0,0,0,0,0
32944,0,0,0,0,0,0
32949,0,0,0,0,0,0
32955,0,2,0,0,0,1
32960,0,0,0,0,0,0
32975,0,0,0,0,0,0
32981,0,0,0,0,0,0
32993,0,0,0,0,0,0
32999,0,0,0,0,0,0
33005,0,0,0,0,0,0
33011,0,0,0,0,0,0
33017,0,0,0,0,0,0
33024,0,0,0,0,0,0
33030,0,0,0,0,0,0
33038,0,0,0,0,0,0
33044,0,0,0,0,0,0
33058,0,0,0,0,1,0
33069,0,0,0,2,2,0
33075,3,0,0,0,0,3
33084,2,0,0,0,0,2
33092,0,0,0,0,0,0
33097,0,0,0,0,0,0
33103,0,0,0,0,0,0
33108,8,0,0,0,0,6
33114,0,0,0,0,0,0
33127,0,0,0,0,0,0
33134,0,0,0,0,0,0
33140,0,0,0,0,0,0
33147,0,0,0,0,0,0
33153,0,0,0,1,0,0
33159,0,0,0,0,0,0
33165,0,0,0,0,0,0
33171,0,0,0,0,0,0
33177,0,0,0,0,0,0
33184,0,0,0,0,0,0
33190,0,0,0,0,0,0
33196,0,0,0,0,0,0
33202,0,0,0,0,0,0
33209,0,0,0,0,0,0
33215,0,0,0,0,0,0
33227,0,0,0,0,0,0
33233,0,0,0,0,0,0
33239,0,0,0,0,0,0
33245,0,0,0,0,0,0
33251,0,0,0,0,0,0
33257,0,0,0,0,0,0
33262,0,0,0,0,0,0
33269,0,0,0,0,0,0
33275,0,0,0,0,0,0
33282,0,0,0,0,0,0
33288,0,0,0,0,0,0
33294,0,0,0,0,2,0
33300,3,2,0,1,1,3
33307,0,0,0,4,3,0
33313,0,0,0,2,2,0
33319,0,0,0,0,0,0
33324,4,6,0,0,0,8
33330,0,0,0,1,0,0
33336,3,0,0,0,0,3
33344,0,0,0,0,0,0
33350,0,0,0,0,0,0
33355,0,0,0,0,0,0
33360,8,0,0,0,0,4
33366,2,0,0,0,0,0
33372,0,0,0,0,0,0
33379,0,0,0,0,0,0
33384,0,0,0,0,0,0
33389,0,0,0,0,0,0
33394,0,0,0,0,0,0
33400,0,0,0,0,0,0
33407,0,0,0,0,0,0
33413,0,0,0,0,0,0
33419,0,0,0,0,0,0
33424,0,0,0,0,0,0
33431,0,0,0,0,0,0
33437,0,0,0,0,0,0
33444,0,0,0,0,0,0
33450,1,6,0,0,0,6
33456,0,0,0,0,0,0
33468,0,0,0,0,0,0
33474,0,0,0,0,0,0
33485,0,0,0,0,0,0
33505,0,0,0,0,0,0
33511,0,0,0,0,0,0
33522,0,0,0,0,0,0
33528,0,0,0,0,0,0
33534,0,0,0,0,0,0
33540,0,0,0,0,0,0
33547,0,0,0,0,0,0
33554,0,0,0,0,0,0
33563,0,0,0,0,0,0
33568,0,0,0,0,0,0
33573,0,0,0,0,0,0
33576,0,0,0,0,0,0
33582,0,0,0,0,0,0
33589,0,0,0,0,0,0
33595,0,0,0,0,0,0
33600,0,0,0,0,0,0
33606,0,0,0,0,0,0
33612,0,2,0,0,0,2
33618,0,0,0,0,0,0
33625,0,0,0,0,0,0
33631,0,0,0,0,0,0
33637,0,0,0,0,0,0
33643,0,0,0,0,0,0
33649,0,0,0,0,0,0
33656,0,0,0,0,0,0
33662,0,0,0,0,0,0
33669,0,0,0,0,0,0
33677,0,0,0,0,0,0
33684,0,0,0,0,0,0
33690,0,0,0,0,0,0
33696,0,0,0,0,0,0
33701,0,0,0,0,0,0
33706,0,0,0,0,0,0
33712,0,0,0,0,0,0
33718,0,0,0,0,0,0
33724,0,0,0,0,0,0
33730,0,0,0,0,0,0
33736,0,0,0,0,0,0
33742,0,0,0,0,0,0
33748,0,0,0,0,0,0
33755,0,0,0,0,0,0
33760,0,0,0,0,0,0
33766,0,0,0,0,0,0
33772,0,0,0,0,0,0
33778,0,0,0,0,0,0
33783,0,0,0,0,0,0
33789,0,0,0,2,2,0
33793,0,0,0,0,0,0
33799,0,0,0,1,1,0
33805,0,0,0,0,0,0
33813,0,0,0,0,0,0
33819,0,0,0,1,1,0
33826,0,0,0,0,0,0
33831,0,0,0,0,0,0
33837,0,1,0,1,0,0
33843,0,0,0,0,0,0
33847,0,0,0,0,0,0
33851,0,0,0,0,0,0
33862,0,0,0,0,0,0
33869,0,0,0,0,0,0
33876,0,0,0,0,0,0
33882,0,0,0,0,0,0
33888,0,0,0,0,0,0
33896,0,0,0,0,0,0
33901,0,0,0,0,0,0
33907,0,0,0,0,0,0
33913,0,0,0,0,0,0
33917,0,0,0,0,0,0
33923,0,0,0,0,0,0
33929,0,0,0,0,0,0
33937,0,0,0,0,0,0
33942,0,0,0,0,0,0
33948,0,0,0,0,0,0
33955,0,0,0,0,0,0
33960,0,0,0,0,0,0
33967,0,0,0,0,0,0
33974,0,0,0,0,0,0
33980,0,0,0,0,0,0
33986,0,0,0,0,0,0
33992,0,0,0,0,0,0
33998,0,0,0,0,0,0
34004,0,0,0,0,0,0
34009,0,0,0,0,0,0
34015,0,0,0,0,0,0
34022,0,0,0,0,0,0
34027,0,0,0,0,0,0
34034,0,0,0,2,1,0
34040,0,0,0,0,1,0
34046,0,0,0,0,0,0
34053,0,1,0,1,1,0
34059,0,0,0,0,0,0
34065,0,0,0,0,0,0
34071,0,1,0,1,1,0
34077,0,0,0,0,0,0
34081,0,0,0,1,1,0
34086,0,0,0,0,0,0
34092,0,0,0,0,0,0
34100,0,0,0,0,0,0
34107,0,0,0,0,0,0
34112,0,0,0,0,0,0
34118,0,0,0,0,0,0
34124,0,0,0,0,0,0
34130,0,0,0,0,0,0
34136,0,0,0,0,0,0
34142,0,0,0,0,0,0
34148,0,0,0,0,0,0
34151,0,0,0,0,0,0
34157,0,0,0,0,0,0
34163,0,0,0,0,0,0
34169,0,0,0,0,0,0
34174,0,0,0,0,0,0
34180,0,0,0,0,0,0
34185,0,0,0,0,0,0
34191,0,0,0,0,0,0
34196,0,0,0,0,0,0
34202,0,0,0,0,0,0
34208,0,0,0,0,0,0
34215,0,0,0,0,0,0
34221,0,0,0,0,0,0
34227,0,0,0,0,0,0
34233,0,0,0,0,0,0
34239,0,0,0,0,0,0
34245,0,0,0,0,0,0
34251,0,1,0,0,0,0
34257,0,0,0,0,0,0
34292,0,0,0,0,0,0
34299,0,0,0,0,0,0
34317,0,0,0,0,0,0
34337,0,0,0,0,0,0
34344,0,0,0,0,0,0
34356,0,0,0,0,0,0
34362,0,0,0,0,0,0
34384,0,0,0,0,0,0
34390,0,0,0,0,0,0
34396,0,0,0,0,0,0
34401,0,0,0,0,0,0
34406,0,0,0,0,0,0
34412,0,0,0,0,0,0
34418,0,0,0,0,0,0
34425,0,0,0,0,0,0
34437,0,0,0,0,0,0
34443,0,0,0,0,0,0
34453,0,0,0,0,0,0
34460,0,0,0,0,0,0
34467,0,0,0,0,0,0
34473,0,0,0,0,0,0
34480,0,0,0,0,0,0
34487,0,0,0,0,0,0
34494,0,0,0,0,0,0
34500,0,0,0,0,0,0
34573,0,0,0,0,0,0
34580,0,0,0,0,0,0
34607,0,0,0,0,0,0
34624,0,0,0,0,0,0
34636,0,0,0,0,0,0
34644,0,0,0,0,0,0
34650,0,0,0,0,0,0
34663,0,0,0,0,0,0
34669,0,0,0,0,0,0
34686,0,0,0,0,0,0
34698,0,0,0,0,0,0
34709,0,0,0,0,0,0
34715,0,0,0,0,0,0
34721,0,0,0,0,0,0
34738,0,0,0,0,0,0
34744,0,0,0,0,0,0
34814,0,0,0,0,0,0
34826,0,0,0,0,0,0
34868,0,0,0,0,0,0
34886,0,0,0,0,0,0
34893,0,0,0,0,0,0
34904,0,0,0,0,0,0
34931,0,0,0,0,0,0
34950,0,0,0,0,0,0
34960,0,0,0,0,0,0
34965,0,0,0,0,0,0
34979,0,0,0,0,0,0
34985,0,0,0,0,0,0
34997,0,0,0,0,0,0
35004,0,0,0,2,0,0
35010,0,0,0,3,2,0
35018,0,0,0,0,0,0
35025,0,0,0,0,0,0
35034,0,0,0,0,0,0
35040,0,0,0,0,0,0
35052,0,0,0,0,0,0
35062,0,0,0,0,0,0
35069,0,0,0,0,0,0
35074,0,0,0,0,0,0
35080,0,0,0,0,0,0
35087,0,0,0,0,0,0
35093,0,0,0,0,0,0
35099,0,0,0,0,0,0
35104,0,0,0,0,0,0
35110,0,0,0,0,0,0
35117,0,0,0,0,0,0
35123,0,0,0,0,0,0
35129,0,0,0,0,0,0
35136,0,0,0,0,0,0
35142,0,0,0,0,0,0
35147,0,0,0,0,0,0
35160,0,0,0,0,0,0
35166,0,0,0,0,0,0
35178,0,0,0,0,0,0
35184,0,0,0,0,0,0
35196,0,0,0,0,0,0
35202,0,0,0,0,0,0
35208,0,0,0,0,0,0
35214,0,0,0,0,0,0
35220,0,0,0,0,0,0
35227,0,0,0,0,0,0
35233,0,0,0,0,0,0
35239,0,0,0,1,1,0
35244,0,0,0,1,1,0
35252,0,0,0,0,0,0
35257,0,0,0,2,2,0
35270,0,0,0,0,0,0
35275,0,0,0,0,0,0
35286,0,0,0,0,0,0
35292,0,0,0,0,0,0
35299,0,0,0,0,0,0
35305,0,0,0,0,0,0
35311,0,0,0,0,0,0
35317,0,0,0,0,0,0
35323,0,0,0,0,0,0
35329,0,0,0,0,0,0
35335,0,0,0,0,0,0
35341,0,0,0,0,0,0
35347,0,0,0,0,0,0
35353,0,0,0,0,0,0
35358,0,0,0,0,0,0
35364,0,0,0,0,0,0
35370,0,0,0,0,0,0
35375,0,0,0,0,0,0
35381,0,0,0,0,0,0
35389,0,0,0,0,0,0
35393,0,0,0,0,0,0
35405,0,0,0,0,0,0
35410,0,0,0,0,0,0
35414,0,0,0,0,0,0
35420,0,0,0,0,0,0
35426,0,0,0,0,0,0
35432,0,0,0,0,0,0
35438,0,0,0,0,0,0
35444,0,0,0,0,0,0
35450,0,0,0,0,0,0
35456,0,0,0,0,0,0
35462,0,0,0,0,0,0
35468,0,0,0,0,0,0
35474,0,0,0,0,0,0
35480,0,0,0,0,1,0
35486,0,0,0,1,1,0
35492,0,0,0,2,2,0
35499,0,0,0,2,2,0
35505,1,0,0,0,0,1
35512,0,0,0,0,0,0
35519,0,0,0,0,0,0
35523,0,0,0,0,0,0
35530,0,0,0,2,0,0
35537,0,0,0,0,0,0
35543,0,0,0,0,0,0
35548,0,0,0,0,0,0
35554,0,0,0,0,0,0
35561,0,0,0,0,0,0
35567,0,0,0,0,0,0
35573,0,0,0,0,0,0
35580,0,0,0,0,0,0
35590,0,0,0,0,0,0
35596,0,0,0,0,0,0
35601,0,0,0,0,0,0
35607,0,0,0,0,0,0
35613,0,0,0,0,0,0
35620,0,0,0,0,0,0
35626,0,0,0,0,0,0
35632,0,0,0,0,0,0
35638,0,0,0,0,0,0
35644,0,0,0,0,0,0
35662,0,0,0,0,0,0
35682,0,0,0,0,0,0
35688,0,0,0,0,0,0
35693,0,0,0,0,0,0
35699,0,0,0,0,0,0
35705,0,0,0,0,0,0
35710,0,0,0,0,0,0
35716,0,0,0,0,0,0
35727,0,0,0,0,0,0
35733,0,0,0,0,0,0
35745,0,0,0,0,0,0
35752,0,0,0,0,0,0
35757,0,0,0,0,0,0
35765,0,0,0,0,0,0
35769,0,0,0,0,0,0
35781,0,0,0,0,0,0
35787,0,0,0,0,0,0
35793,0,0,0,0,0,0
35800,0,0,0,0,0,0
35805,0,0,0,0,0,0
35811,0,0,0,0,0,0
35817,0,0,0,0,0,0
35824,0,0,0,0,0,0
35831,0,0,0,0,0,0
35837,0,0,0,0,0,0
35843,0,0,0,0,0,0
35849,0,0,0,0,0,0
35856,0,0,0,0,0,0
35862,0,0,0,0,0,0
35868,0,0,0,0,0,0
35875,0,0,0,0,0,0
35881,0,0,0,0,0,0
35887,0,0,0,0,0,0
35893,0,0,0,0,0,0
35899,0,0,0,0,0,0
35906,0,0,0,0,0,0
35912,0,0,0,0,0,0
35918,0,0,0,0,0,0
35924,0,0,0,0,0,0
35930,0,0,0,0,0,0
35937,0,0,0,0,0,0
35941,0,0,0,0,0,0
35947,0,0,0,0,0,0
35953,0,0,0,0,0,0
35959,0,0,0,0,0,0
35970,0,0,0,1,1,0
35980,0,0,0,2,1,0
35986,0,0,0,0,0,0
35999,0,0,0,0,0,0
36007,0,0,0,0,0,0
36012,0,0,0,0,0,0
36017,0,0,0,0,0,0
36023,0,0,0,0,0,0
36034,0,0,0,0,0,0
36040,0,0,0,0,0,0
36046,0,0,0,0,0,0
36053,0,0,0,0,0,0
36059,0,0,0,0,0,0
36065,0,0,0,0,0,0
36072,0,0,0,0,0,0
36078,0,0,0,0,0,0
36084,0,0,0,0,0,0
36089,0,0,0,0,0,0
36095,0,0,0,0,0,0
36101,0,0,0,0,0,0
36108,0,0,0,0,0,0
36114,0,0,0,0,0,0
36120,0,0,0,0,0,0
36125,0,0,0,0,0,0
36138,0,0,0,0,0,0
36144,0,0,0,0,0,0
36150,0,0,0,0,0,0
36156,0,0,0,0,0,0
36162,0,0,0,0,0,0
36168,0,0,0,0,0,0
36174,0,0,0,0,0,0
36179,0,0,0,0,0,0
36186,0,0,0,0,0,0
36192,0,0,0,0,0,0
36199,0,0,0,0,0,0
36204,0,0,0,0,0,0
36210,0,0,0,1,0,0
36216,0,0,0,0,0,0
36224,0,0,0,2,1,0
36231,0,0,0,2,2,0
36238,0,0,0,0,0,0
36249,0,0,0,2,1,0
36256,0,0,0,0,0,0
36262,0,0,0,0,0,0
36270,0,0,0,0,0,0
36277,0,0,0,0,0,0
36284,0,0,0,0,0,0
36289,0,0,0,0,0,0
36295,0,0,0,0,0,0
36302,0,0,0,0,0,0
36308,0,0,0,0,0,0
36314,0,0,0,0,0,0
36319,0,0,0,0,0,0
36325,0,0,0,0,0,0
36331,0,0,0,0,0,0
36336,0,0,0,0,0,0
36342,0,0,0,0,0,0
36348,0,0,0,0,0,0
36354,0,0,0,0,0,0
36361,0,0,0,0,0,0
36367,0,0,0,0,0,0
36374,0,0,0,0,0,0
36381,0,0,0,0,0,0
36392,0,0,0,0,0,0
36398,0,0,0,0,0,0
36410,0,0,0,0,0,0
36416,0,0,0,0,0,0
36422,0,0,0,0,0,0
36430,0,0,0,0,0,0
36438,0,0,0,0,0,0
36444,0,0,0,0,0,0
36451,0,0,0,0,0,0
36477,0,0,0,0,0,0
36488,0,0,0,0,0,0
36498,0,0,0,0,0,0
36503,0,0,0,0,0,0
36509,0,0,0,0,0,0
36518,0,0,0,0,0,0
36524,0,0,0,0,0,0
36532,0,0,0,0,0,0
36541,0,0,0,0,0,0
36546,0,0,0,0,0,0
36552,0,0,0,0,0,0
36558,0,0,0,0,0,0
36563,0,0,0,0,0,0
36568,0,0,0,0,0,0
36574,0,0,0,0,0,0
36580,0,0,0,0,0,0
36585,0,0,0,0,0,0
36593,0,0,0,0,0,0
36599,0,0,0,0,0,0
36605,0,0,0,0,0,0
36623,0,0,0,0,0,0
36629,0,0,0,0,0,0
36636,0,0,0,0,0,0
36644,0,0,0,0,0,0
36649,0,0,0,0,0,0
36656,0,0,0,0,0,0
36662,0,0,0,0,0,0
36668,0,0,0,0,0,0
36674,0,0,0,0,0,0
36680,0,0,0,0,0,0
36686,0,0,0,0,0,0
36692,0,0,0,0,0,0
36698,0,0,0,0,0,0
36707,0,0,0,0,0,0
36713,0,0,0,0,0,0
36724,0,0,0,0,0,0
36731,0,0,0,0,0,0
36741,0,0,0,0,0,0
36756,0,0,0,0,0,0
36769,0,0,0,0,0,0
36786,0,0,0,0,0,0
36792,0,0,0,0,0,0
36804,0,0,0,0,0,0
36815,0,0,0,0,0,0
36821,0,0,0,0,0,0
36840,0,0,0,0,0,0
36845,0,0,0,0,0,0
36851,0,0,0,0,0,0
36866,0,0,0,0,0,0
36873,0,0,0,0,0,0
36885,0,0,0,0,0,0
36891,0,0,0,0,0,0
36904,0,0,0,0,0,0
36910,0,0,0,0,0,0
36921,0,0,0,0,0,0
36927,0,0,0,0,0,0
36931,0,0,0,0,0,0
36968,0,0,0,0,0,0
36974,0,0,0,0,0,0
36991,0,0,0,0,0,0
36999,0,0,0,0,0,0
37013,0,0,0,0,0,0
37037,0,0,0,0,0,0
37054,0,0,0,0,0,0
37062,0,0,0,0,0,0
37074,0,0,0,0,0,0
37080,0,0,0,0,0,0
37092,0,0,0,0,0,0
37117,0,0,0,0,0,0
37136,0,0,0,0,0,0
37148,0,0,0,0,0,0
37155,0,0,0,0,0,0
37161,0,0,0,0,0,0
37172,0,0,0,0,0,0
37186,0,0,0,0,0,0
37196,0,0,0,0,0,0
37203,0,0,0,0,1,0
37210,0,0,0,0,0,0
37220,0,0,0,0,0,0
37231,0,0,0,0,0,0
37239,0,0,0,0,0,0
37245,0,0,0,0,0,0
37258,0,0,0,0,0,0
37264,0,0,0,0,0,0
37270,0,0,0,0,0,0
37275,0,0,0,0,0,0
37281,0,0,0,0,0,0
37284,0,0,0,0,0,0
37292,0,0,0,0,0,0
37302,0,0,0,0,0,0
37308,0,0,0,0,0,0
37314,0,0,0,0,0,0
37321,0,0,0,0,0,0
37327,0,0,0,0,0,0
37334,0,0,0,0,0,0
37348,0,0,0,0,0,0
37354,0,0,0,0,0,0
37366,0,0,0,0,0,0
37372,0,0,0,0,0,0
37378,0,0,0,0,0,0
37384,0,0,0,0,0,0
37388,0,0,0,0,0,0
37394,0,0,0,0,0,0
37400,0,0,0,0,0,0
37405,0,0,0,0,0,0
37412,0,0,0,0,0,0
37417,0,0,0,0,0,0
37430,0,0,0,0,0,0
37436,0,0,0,0,0,0
37443,0,0,0,2,2,0
37455,0,0,0,0,0,0
37466,0,0,0,0,0,0
37471,0,0,0,0,0,0
37484,0,0,0,0,0,0
37489,0,0,0,0,0,0
37500,0,0,0,0,0,0
37506,0,0,0,0,0,0
37512,0,0,0,0,0,0
37518,0,0,0,0,0,0
37524,0,0,0,0,0,0
37531,0,0,0,0,0,0
37536,0,0,0,0,0,0
37542,0,0,0,0,0,0
37547,0,0,0,0,0,0
37553,0,0,0,0,0,0
37559,0,0,0,0,0,0
37565,0,0,0,0,0,0
37571,0,0,0,0,0,0
37577,0,0,0,0,0,0
37582,0,0,0,0,0,0
37588,0,0,0,0,0,0
37600,0,0,0,0,0,0
37606,0,0,0,0,0,0
37618,0,0,0,0,0,0
37624,0,0,0,0,0,0
37637,0,0,0,0,0,0
37643,0,0,0,0,0,0
37648,0,0,0,0,0,0
37654,0,0,0,0,0,0
37660,0,0,0,0,0,0
37678,0,0,0,1,2,0
37690,0,0,0,2,2,0
37696,0,0,0,0,0,0
37705,0,0,0,0,0,0
37716,0,0,0,0,0,0
37721,0,0,0,0,0,0
37728,0,0,0,0,0,0
37736,0,0,0,0,0,0
37742,0,0,0,0,0,0
37748,0,0,0,0,0,0
37754,0,0,0,0,0,0
37760,0,0,0,0,0,0
37766,0,0,0,0,0,0
37772,0,0,0,0,0,0
37778,0,0,0,0,0,0
37784,0,0,0,0,0,0
37790,0,0,0,0,0,0
37796,0,0,0,0,0,0
37808,0,0,0,0,0,0
37813,0,0,0,0,0,0
37818,0,0,0,0,0,0
37826,0,0,0,0,0,0
37832,0,0,0,0,0,0
37844,0,0,0,0,0,0
37850,0,0,0,0,0,0
37856,0,0,0,0,0,0
37862,0,0,0,0,0,0
37867,0,0,0,0,0,0
37873,0,0,0,0,0,0
37887,0,0,0,0,0,0
37892,0,0,0,0,0,0
37905,0,0,0,0,0,0
37911,0,0,0,0,0,0
37924,0,0,0,0,0,0
37932,0,0,0,0,0,0
37941,0,0,0,0,0,0
37947,0,0,0,0,0,0
37953,0,0,0,0,0,0
37960,0,0,0,0,0,0
37967,0,0,0,0,0,0
37976,0,0,0,0,0,0
37983,0,0,0,0,0,0
37989,0,0,0,0,0,0
37996,0,0,0,0,0,0
38002,0,0,0,0,0,0
38008,0,0,0,0,0,0
38015,0,0,0,0,0,0
38021,0,0,0,0,0,0
38030,0,0,0,0,0,0
38040,0,0,0,0,0,0
38046,0,0,0,0,0,0
38051,0,0,0,0,0,0
38058,0,0,0,0,0,0
38062,0,0,0,0,0,0
38069,0,0,0,0,0,0
38082,0,0,0,0,0,0
38087,0,0,0,0,0,0
38093,0,0,0,0,0,0
38100,0,0,0,0,0,0
38104,0,0,0,0,0,0
38110,0,0,0,0,0,0
38115,0,0,0,0,0,0
38122,0,0,0,0,0,0
38129,0,0,0,0,0,0
38135,0,0,0,0,0,0
38139,0,0,0,0,0,0
38145,0,0,0,0,0,0
38150,0,0,0,0,0,0
38156,0,0,0,0,0,0
38167,0,0,0,0,0,0
38173,0,0,0,0,0,0
38184,0,0,0,0,0,0
38193,0,0,0,0,0,0
38199,0,0,0,0,0,0
38212,0,0,0,0,0,0
38218,0,0,0,0,0,0
38230,0,0,0,0,0,0
38236,0,0,0,0,0,0
38240,0,0,0,0,0,0
38247,0,0,0,0,0,0
38251,0,0,0,0,0,0
38257,0,0,0,0,0,0
38263,0,0,0,0,0,0
38276,0,0,0,0,0,0
38282,0,0,0,0,0,0
38285,0,0,0,0,0,0
38291,0,0,0,0,0,0
38302,0,0,0,0,0,0
38308,0,0,0,0,0,0
38316,0,0,0,0,0,0
38320,0,0,0,0,0,0
38336,0,0,0,0,0,0
38340,0,0,0,0,0,0
38348,0,0,0,0,0,0
38354,0,0,0,0,0,0
38360,0,0,0,0,0,0
38365,0,0,0,0,0,0
38371,0,0,0,0,0,0
38377,0,0,0,0,0,0
38383,0,0,0,0,0,0
38390,0,0,0,0,0,0
38400,0,0,0,0,0,0
38406,0,0,0,0,0,0
38412,0,0,0,0,0,0
38419,0,0,0,0,0,0
38425,0,0,0,0,0,0
38430,0,0,0,0,0,0
38446,0,0,0,0,0,0
38452,0,0,0,0,0,0
38464,0,0,0,0,0,0
38470,0,0,0,0,0,0
38489,0,0,0,0,0,0
38500,0,0,0,0,0,0
38506,0,0,0,0,0,0
38511,0,0,0,0,0,0
38517,0,0,0,0,0,0
38523,0,0,0,0,0,0
38530,0,0,0,0,0,0
38538,0,0,0,0,0,0
38544,0,0,0,0,0,0
38550,0,0,0,0,0,0
38555,0,0,0,0,0,0
38572,0,0,0,0,0,0
38578,0,0,0,0,0,0
38584,0,0,0,0,0,0
38590,0,0,0,0,0,0
38595,0,0,0,0,0,0
38601,0,0,0,0,0,0
38607,0,0,0,0,0,0
38613,0,0,0,0,0,0
38619,0,0,0,0,0,0
38624,0,0,0,0,0,0
38628,0,0,0,0,0,0
38635,0,0,0,0,0,0
38653,0,0,0,0,0,0
38658,0,0,0,0,0,0
38670,0,0,0,0,0,0
38680,0,0,0,0,0,0
38695,0,0,0,0,0,0
38705,0,0,0,0,0,0
38713,0,0,0,0,0,0
38728,0,0,0,0,0,0
38735,0,0,0,0,0,0
38741,0,0,0,0,0,0
38748,0,0,0,0,0,0
38757,0,0,0,0,0,0
38769,0,0,0,0,0,0
38774,0,0,0,0,0,0
38780,0,0,0,0,0,0
38784,0,0,0,0,0,0
38788,0,0,0,0,0,0
38794,0,0,0,0,0,0
38811,0,0,0,0,0,0
38817,0,0,0,0,0,0
38825,0,0,0,0,0,0
38831,0,0,0,0,0,0
38835,0,0,0,0,0,0
38842,0,0,0,0,0,0
38848,0,0,0,0,0,0
38854,0,0,0,0,0,0
38860,0,0,0,0,0,0
38865,0,0,0,0,0,0
38871,0,0,0,0,0,0
38877,0,0,0,0,0,0
38886,0,0,0,0,0,0
38893,0,0,0,0,0,0
38904,0,0,0,0,0,0
38911,0,0,0,0,0,0
38922,0,0,0,0,0,0
38933,0,0,0,0,0,0
38942,0,0,0,0,0,0
38948,0,0,0,0,0,0
38955,0,0,0,0,0,0
38967,0,0,0,0,0,0
38973,0,0,0,0,0,0
38983,0,0,0,0,0,0
38991,0,0,0,0,0,0
39001,0,0,0,0,0,0
39008,0,0,0,0,0,0
39015,0,0,0,0,0,0
39022,0,0,0,0,0,0
39029,0,0,0,0,0,0
39035,0,0,0,0,0,0
39043,0,0,0,0,0,0
39066,0,0,0,0,0,0
39071,0,0,0,0,0,0
39079,0,0,0,0,0,0
39084,0,0,0,0,0,0
39089,0,0,0,0,0,0
39094,0,0,0,0,0,0
39100,0,0,0,0,0,0
39105,0,0,0,0,0,0
39111,0,0,0,0,0,0
39117,0,0,0,0,0,0
39122,0,0,0,0,0,0
39130,0,0,0,0,0,0
39139,0,0,0,0,0,0
39144,0,0,0,0,0,0
39149,0,0,0,0,0,0
39157,0,0,0,0,0,0
39163,0,0,0,0,0,0
39173,0,0,0,0,0,0
39182,0,0,0,0,0,0
39191,0,0,0,0,0,0
39199,0,0,0,0,0,0
39223,0,0,0,0,0,0
39229,0,0,0,0,0,0
39235,0,0,0,0,0,0
39240,0,0,0,0,0,0
39247,0,0,0,0,0,0
39253,0,0,0,0,0,0
39257,0,0,0,0,0,0
39262,0,0,0,0,0,0
39267,0,0,0,0,0,0
39274,0,0,0,0,0,0
39280,0,0,0,0,0,0
39285,0,0,0,0,0,0
39297,0,0,0,0,0,0
39306,0,0,0,0,0,0
39312,0,0,0,0,0,0
39324,0,0,0,0,0,0
39330,0,0,0,0,0,0
39342,0,0,0,0,0,0
39349,0,0,0,0,0,0
39359,0,0,0,0,0,0
39371,0,0,0,0,0,0
39381,0,0,0,2,2,0
39387,0,0,0,2,1,0
39393,0,0,0,0,0,0
39399,1,5,0,1,0,6
39405,0,0,0,0,0,0
39411,0,0,0,0,0,0
39418,0,0,0,0,0,0
39424,0,0,0,0,0,0
39430,0,0,0,0,0,0
39437,0,0,0,0,0,0
39443,0,0,0,0,0,0
39449,0,0,0,0,0,0
39455,0,0,0,0,0,0
39461,0,0,0,0,0,0
39467,0,0,0,0,0,0
39473,0,0,0,0,0,0
39478,0,0,0,0,0,0
39484,0,0,0,0,0,0
39490,0,0,0,0,0,0
39496,0,0,0,0,0,0
39502,0,0,0,0,0,0
39507,0,2,0,0,0,0
39514,0,0,0,0,0,0
39521,0,0,0,0,0,0
39527,0,0,0,0,0,0
39533,0,0,0,0,0,0
39539,0,0,0,0,0,0
39545,0,0,0,0,0,0
39550,0,0,0,0,0,0
39556,0,0,0,0,0,0
39563,0,0,0,0,0,0
39569,0,0,0,0,0,0
39575,0,0,0,0,0,0
39582,0,0,0,0,0,0
39588,0,1,1,0,0,0
39594,0,0,0,0,0,0
39600,0,0,0,0,0,0
39606,0,2,0,0,0,0
39618,0,0,0,0,0,0
39625,0,0,0,3,2,0
39631,0,0,0,1,1,0
39636,0,0,0,0,0,0
39643,0,0,0,1,1,0
39649,0,0,0,0,0,0
39654,0,0,0,0,0,0
39662,0,0,0,0,0,0
39666,2,0,0,0,0,1
39671,0,0,0,0,0,0
39677,0,0,0,0,0,0
39683,0,0,0,0,0,0
39689,0,0,0,0,0,0
39695,0,0,0,0,0,0
39701,0,0,0,0,0,0
39708,0,0,0,0,0,0
39714,0,0,0,0,0,0
39720,0,0,0,0,0,0
39726,0,0,0,0,0,0
39732,0,1,0,0,0,0
39738,0,0,0,0,0,0
39742,0,0,0,0,0,0
39748,0,0,0,0,0,0
39754,0,0,0,0,0,0
39761,0,0,0,0,0,0
39768,1,5,0,0,0,6
39774,0,0,0,0,0,0
39786,0,0,0,0,0,0
39792,0,0,0,0,0,0
39798,0,0,0,0,0,0
39811,0,0,0,0,0,0
39823,0,0,0,0,0,0
39829,0,0,0,0,0,0
39834,0,0,0,0,0,0
39840,0,2,0,0,0,0
39846,0,0,0,0,0,0
39853,0,0,0,4,3,0
39859,0,0,0,3,2,0
39865,0,0,0,0,1,0
39870,0,0,0,1,0,0
39878,0,0,0,5,3,0
39884,0,0,0,0,0,0
39896,0,0,0,1,0,0
39903,7,1,0,0,0,6
39911,0,0,0,0,0,0
39921,14,0,0,0,0,8
39929,0,0,0,0,0,0
39934,0,0,0,0,0,0
39940,0,0,0,0,0,0
39946,0,0,0,0,0,0
39953,0,0,0,0,0,0
39960,0,0,0,0,0,0
39966,0,0,0,0,0,0
39972,0,0,0,0,0,0
39977,0,0,0,0,0,0
39983,0,0,0,0,0,0
39989,0,0,0,0,0,0
39995,0,0,0,0,0,0
40001,0,0,0,0,0,0
40007,0,0,0,0,0,0
40021,0,0,0,0,0,0
40027,0,0,0,0,0,0
40039,0,0,0,0,0,0
40045,0,0,0,0,0,0
40051,0,0,0,0,0,0
40057,0,0,0,0,0,0
40063,0,0,0,0,0,0
40069,0,0,0,0,0,0
40075,0,0,0,0,0,0
40081,0,0,0,0,0,0
40087,0,0,0,0,0,0
40093,0,0,0,0,0,0
40099,0,0,0,0,0,0
40105,0,0,0,0,0,0
40110,0,0,0,0,0,0
40116,0,0,0,0,1,0
40121,0,0,0,0,0,0
40127,0,0,0,0,0,0
40133,0,0,0,0,0,0
40145,0,0,0,0,0,0
40151,0,0,0,0,0,0
40159,0,0,0,0,0,0
40166,0,0,0,0,0,0
40172,0,0,0,0,0,0
40178,0,0,0,0,0,0
40184,0,0,0,0,0,0
40190,0,0,0,0,0,0
40197,0,0,0,0,0,0
40202,0,0,0,0,0,0
40210,0,0,0,0,0,0
40217,0,0,0,0,0,0
40224,0,0,0,0,0,0
40230,0,0,0,0,0,0
40236,0,1,1,0,0,0
40243,0,0,0,0,0,0
40250,0,0,0,0,0,0
40256,0,0,0,0,0,0
40262,0,0,0,0,0,0
40268,0,0,0,0,0,0
40274,0,0,0,0,0,0
40280,0,0,0,0,0,0
40286,0,0,0,0,0,0
40292,0,0,0,0,0,0
40298,0,0,0,0,0,0
40304,0,0,0,0,0,0
40310,0,0,0,0,0,0
40317,0,0,2,0,0,0
40323,0,0,0,0,0,0
40329,0,0,0,0,0,0
40336,0,0,0,0,0,0
40343,0,0,0,0,0,0
40349,0,0,0,0,0,0
40355,0,0,0,0,0,0
40360,0,0,0,0,1,0
40366,0,0,0,0,0,0
40372,0,0,0,0,0,0
40378,0,0,0,0,0,0
40384,0,0,0,0,0,0
40391,0,0,0,0,0,0
40395,0,0,0,0,0,0
40401,0,0,0,0,0,0
40407,0,2,0,1,1,0
40414,0,0,0,0,0,0
40420,0,0,0,0,0,0
40426,0,0,0,0,0,0
40432,0,0,0,0,0,0
40438,0,0,0,0,0,0
40445,0,0,0,0,0,0
40453,0,0,0,0,0,0
40460,0,0,0,0,0,0
40466,0,0,0,0,0,0
40472,0,0,0,0,0,0
40478,0,0,0,0,0,0
40484,0,0,0,0,0,0
40490,0,0,0,0,0,0
40497,0,2,1,0,0,0
40506,0,0,0,0,0,0
40512,0,0,0,0,0,0
40517,0,0,0,0,0,0
40522,0,0,0,0,0,0
40529,0,0,0,0,0,0
40534,0,0,0,0,0,0
40541,0,0,0,0,0,0
40544,0,0,0,0,0,0
40550,0,0,0,0,0,0
40555,0,0,0,0,0,0
40560,0,0,2,0,0,0
40566,0,0,0,0,0,0
40572,0,0,0,0,0,0
40577,0,0,0,0,0,0
40583,0,0,0,0,1,0
40589,0,0,0,0,0,0
40595,0,0,0,0,1,0
40601,0,0,0,0,1,0
40606,0,0,0,0,1,0
40612,0,0,0,0,0,0
40618,0,0,0,0,0,0
40624,0,0,0,0,0,0
40631,0,0,0,0,0,0
40637,0,0,0,0,0,0
40644,0,0,0,0,0,0
40652,0,0,0,0,0,0
40658,0,0,0,0,0,0
40664,0,0,0,0,0,0
40670,0,0,0,0,0,0
40676,0,0,0,0,0,0
40682,0,0,0,0,0,0
40686,0,0,0,0,0,0
40692,0,0,0,0,0,0
40697,0,0,0,0,0,0
40703,0,0,0,0,0,0
40709,0,0,0,0,0,0
40716,0,0,0,0,0,0
40721,0,0,0,0,0,0
40726,0,0,0,0,0,0
40731,0,1,1,0,0,0
40737,0,0,0,0,0,0
40741,0,0,0,0,0,0
40747,0,0,0,0,0,0
40753,0,0,0,0,0,0
40764,0,0,0,0,0,0
40770,0,0,0,0,0,0
40778,0,0,0,0,0,0
40783,0,0,0,0,0,0
40791,0,0,0,0,0,0
40799,0,0,0,0,0,0
40805,0,0,0,0,0,0
40811,0,0,0,0,0,0
40817,0,0,0,0,0,0
40823,0,0,0,0,0,0
40834,0,0,0,0,0,0
40852,0,0,0,0,0,0
40863,0,0,0,0,0,0
40868,0,0,0,0,0,0
40878,0,0,0,0,0,0
40895,0,0,0,0,0,0
40914,0,0,0,0,0,0
40927,0,0,0,0,0,0
40933,0,0,0,0,0,0
40945,0,0,0,0,0,0
40951,0,0,0,0,0,0
40957,0,0,0,0,0,0
40964,0,0,0,0,0,0
40970,0,0,0,0,0,0
40976,0,0,0,0,0,0
40982,0,0,0,0,0,0
40987,0,0,0,0,0,0
40994,0,0,0,0,0,0
41002,0,0,0,0,0,0
41008,0,0,0,0,0,0
41016,0,0,0,0,0,0
41022,0,0,0,0,0,0
41028,0,0,0,0,0,0
41036,0,0,0,0,0,0
41042,0,0,0,0,0,0
41048,0,0,0,0,0,0
41056,0,0,0,0,0,0
41063,0,0,0,0,0,0
41069,0,0,0,0,0,0
41080,0,0,0,0,0,0
41086,0,0,0,0,0,0
41098,0,0,0,0,0,0
41103,0,0,0,0,0,0
41113,0,0,0,0,0,0
41118,0,0,0,0,0,0
41131,0,0,0,0,0,0
41140,0,0,0,0,0,0
41147,0,0,0,0,0,0
41153,0,0,0,0,0,0
41159,0,0,0,0,0,0
41171,0,0,0,0,0,0
41187,0,0,0,0,0,0
41193,0,0,0,0,0,0
41197,0,0,0,0,0,0
41203,0,0,0,0,0,0
41215,0,0,0,0,0,0
41225,0,0,0,0,0,0
41231,0,0,0,0,0,0
41240,0,0,0,0,0,0
41250,0,0,0,0,0,0
41258,0,0,0,0,0,0
41265,0,0,0,0,0,0
41277,0,0,0,0,0,0
41283,0,0,0,0,0,0
41295,0,0,0,0,0,0
41303,0,0,0,0,0,0
41309,0,0,0,0,0,0
41315,0,0,0,0,0,0
41321,0,0,0,0,0,0
41334,0,0,0,0,0,0
41346,0,0,0,0,0,0
41354,0,0,0,0,0,0
41360,0,0,0,0,0,0
41366,0,0,0,0,0,0
41371,0,0,0,0,0,0
41376,0,0,1,0,0,0
41383,0,0,0,0,0,0
41390,0,0,0,0,0,0
41394,0,0,0,0,0,0
41402,0,0,0,0,0,0
41414,0,0,0,0,0,0
41420,0,0,0,0,0,0
41432,0,0,0,0,0,0
41438,0,0,0,0,0,0
41449,0,0,0,0,0,0
41457,0,0,0,0,0,0
41466,0,0,0,0,0,0
41472,0,0,0,0,0,0
41484,0,0,0,0,0,0
41491,0,0,0,0,0,0
41503,0,0,0,0,0,0
41509,0,0,0,0,0,0
41521,0,0,0,0,0,0
41526,0,0,0,0,0,0
41531,0,0,0,0,0,0
41537,0,0,0,0,0,0
41556,0,0,0,2,1,0
41562,0,0,0,1,2,0
41569,0,0,0,2,1,0
41575,0,0,0,2,1,0
41583,0,0,0,0,0,0
41597,0,0,0,0,0,0
41602,0,0,0,0,0,0
41611,0,0,0,0,0,0
41623,0,0,0,0,0,0
41629,0,0,0,0,0,0
41635,0,0,0,0,0,0
41641,0,0,0,0,0,0
41646,0,0,0,0,0,0
41653,0,0,0,0,0,0
41659,0,0,0,0,0,0
41665,0,0,0,0,0,0
41670,0,0,0,0,0,0
41677,0,0,0,0,0,0
41683,0,0,0,0,0,0
41689,0,0,0,0,0,0
41694,0,0,0,0,0,0
41700,0,0,0,0,0,0
41706,0,0,0,0,0,0
41722,0,0,0,0,0,0
41729,0,0,0,0,0,0
41741,0,0,0,0,0,0
41747,0,0,0,0,0,0
41754,0,0,0,0,0,0
41758,0,0,0,0,0,0
41765,0,0,0,0,0,0
41770,0,0,0,0,0,0
41776,0,0,0,0,0,0
41782,0,0,0,0,0,0
41788,0,0,0,0,0,0
41795,0,0,0,0,0,0
41801,0,0,0,1,1,0
41812,0,0,0,2,1,0
41818,0,0,0,1,2,0
41824,0,0,0,0,0,0
41830,0,0,0,0,0,0
41837,0,0,0,0,0,0
41842,0,0,0,0,0,0
41849,0,0,0,0,0,0
41855,0,0,0,0,0,0
41862,0,0,0,0,0,0
41874,0,0,0,0,0,0
41880,0,0,0,0,0,0
41885,0,0,0,0,0,0
41890,0,0,0,0,0,0
41899,0,0,0,0,0,0
41904,0,0,0,0,0,0
41909,0,0,0,0,0,0
41915,0,0,0,0,0,0
41923,0,0,0,0,0,0
41929,0,0,0,0,0,0
41936,0,0,0,0,0,0
41942,0,0,0,0,0,0
41949,0,0,0,0,0,0
41956,0,0,0,0,0,0
41961,0,0,0,0,0,0
41973,0,0,0,0,0,0
41979,0,0,0,0,0,0
41986,0,0,0,0,0,0
41992,0,0,0,0,0,0
41998,0,0,0,0,0,0
42004,0,0,0,0,0,0
42010,0,0,0,0,0,0
42015,0,0,0,0,0,0
42020,0,0,0,0,0,0
42026,0,0,0,0,0,0
42032,0,0,0,0,0,0
42038,0,0,0,0,0,0
42044,0,0,0,2,1,0
42051,0,0,0,1,2,0
42057,0,1,0,0,3,0
42064,0,0,0,2,2,0
42070,0,0,0,0,0,0
42076,0,0,0,0,0,0
42082,0,0,0,0,1,0
42089,0,0,0,0,0,0
42094,0,0,0,0,0,0
42099,0,0,0,0,0,0
42105,0,0,0,0,0,0
42119,0,0,0,0,0,0
42124,0,0,0,0,0,0
42130,0,0,0,0,0,0
42136,0,0,0,0,0,0
42142,0,0,0,0,0,0
42148,0,0,0,0,0,0
42154,0,0,0,0,0,0
42159,0,0,0,0,0,0
42165,0,0,0,0,0,0
42171,0,0,0,0,0,0
42178,0,0,0,0,0,0
42184,0,0,0,0,0,0
42190,0,0,0,0,0,0
42196,0,0,0,0,0,0
42214,0,0,0,0,0,0
42231,0,0,0,0,0,0
42237,0,0,0,0,0,0
42249,0,0,0,0,0,0
42255,0,0,0,0,0,0
42267,0,0,0,0,0,0
42273,0,0,0,0,0,0
42280,0,0,0,0,0,0
42288,0,0,0,0,1,0
42294,0,0,0,0,0,0
42308,0,0,0,0,0,0
42315,0,0,0,0,0,0
42322,0,0,0,0,0,0
42335,0,0,0,0,0,0
42343,0,0,0,0,0,0
42348,0,0,0,0,0,0
42353,0,0,0,0,0,0
42359,0,0,0,0,0,0
42365,0,0,0,0,0,0
42371,0,0,0,0,0,0
42376,0,0,0,0,0,0
42382,0,0,0,0,0,0
42388,0,0,0,0,0,0
42394,0,0,0,0,0,0
42400,0,0,0,0,0,0
42409,0,0,0,0,0,0
42415,0,0,0,0,0,0
42423,0,0,0,0,0,0
42428,0,0,0,0,0,0
42435,0,0,0,0,0,0
42440,0,0,0,0,0,0
42445,0,0,0,0,0,0
42453,0,0,0,0,0,0
42458,0,0,0,0,0,0
42463,0,0,0,0,0,0
42469,0,0,0,0,0,0
42475,0,0,0,0,0,0
42480,0,0,0,0,0,0
42485,0,0,0,0,0,0
42491,0,0,0,0,0,0
42497,0,0,0,0,0,0
42503,0,0,0,0,0,0
42508,0,0,0,0,0,0
42512,0,0,0,0,0,0
42518,0,0,0,0,0,0
42523,0,0,0,0,0,0
42528,0,0,0,0,0,0
42540,0,0,0,2,2,0
42547,0,0,0,0,0,0
42560,0,0,0,0,0,0
42566,0,0,0,0,0,0
42576,0,0,0,2,1,0
42584,0,0,0,0,0,0
42591,0,0,0,0,0,0
42596,0,0,0,0,0,0
42602,0,0,0,0,0,0
42610,0,0,0,0,0,0
42616,0,0,0,0,0,0
42629,0,0,0,0,0,0
42634,0,0,0,0,0,0
42640,0,0,0,0,0,0
42647,0,0,0,0,0,0
42653,0,0,0,0,0,0
42659,0,0,0,0,0,0
42665,0,0,0,0,0,0
42669,0,0,0,0,0,0
42675,0,0,0,0,0,0
42681,0,0,0,0,0,0
42687,0,0,0,0,0,0
42692,0,0,0,0,0,0
42699,0,0,0,0,0,0
42708,0,0,0,0,0,0
42714,0,0,0,0,0,0
42726,0,0,0,0,0,0
42732,0,0,0,0,0,0
42745,0,0,0,0,0,0
42751,0,0,0,0,0,0
42758,0,0,0,0,0,0
42763,0,0,0,0,0,0
42774,0,0,0,1,1,0
42780,0,0,0,1,2,0
42786,0,0,0,1,2,0
42800,0,0,0,0,0,0
42811,0,0,0,0,1,0
42817,0,0,0,1,1,0
42828,0,0,0,0,0,0
42837,0,0,0,0,0,0
42843,0,0,0,0,0,0
42847,0,0,0,0,0,0
42854,0,0,0,0,0,0
42859,0,0,0,0,0,0
42871,0,0,0,0,0,0
42877,0,0,0,0,0,0
42889,0,0,0,0,0,0
42895,0,0,0,0,0,0
42902,0,0,0,0,0,0
42908,0,0,0,0,0,0
42914,0,0,0,0,0,0
42921,0,0,0,0,0,0
42927,0,0,0,0,0,0
42934,0,0,0,0,0,0
42942,0,0,0,0,0,0
42952,0,0,0,0,0,0
42958,0,0,0,0,0,0
42968,0,0,0,0,0,0
42980,0,0,0,0,0,0
42986,0,0,0,0,0,0
42998,0,0,0,0,0,0
43004,0,0,0,0,0,0
43022,0,0,0,0,0,0
43039,0,0,0,0,0,0
43048,0,0,0,0,0,0
43066,0,0,0,0,0,0
43079,0,0,0,0,0,0
43085,0,0,0,0,0,0
43096,0,0,0,0,0,0
43102,0,0,0,0,0,0
43114,0,0,0,0,0,0
43120,0,0,0,0,0,0
43138,0,0,0,0,0,0
43149,0,0,0,0,0,0
43155,0,0,0,0,0,0
43167,0,0,0,0,0,0
43178,0,0,0,0,0,0
43187,0,0,0,0,0,0
43193,0,0,0,0,0,0
43205,0,0,0,0,0,0
43210,0,0,0,0,0,0
43222,0,0,0,0,0,0
43229,0,0,0,0,0,0
43240,0,0,0,0,0,0
43247,0,0,0,0,0,0
43253,0,0,0,0,0,0
43265,0,0,0,0,0,0
43274,0,0,0,0,0,0
43282,0,0,0,0,0,0
43294,0,0,0,0,0,0
43303,0,0,0,0,0,0
43310,0,0,0,0,0,0
43322,0,0,0,0,0,0
43327,0,0,0,0,0,0
43339,0,0,0,0,0,0
43345,0,0,0,0,0,0
43358,0,0,0,0,0,0
43364,0,0,0,0,0,0
43372,0,0,0,0,0,0
43383,0,0,0,0,0,0
43392,0,0,0,0,0,0
43399,0,0,0,0,0,0
43411,0,0,0,0,0,0
43417,0,0,0,0,0,0
43429,0,0,0,0,0,0
43436,0,0,0,0,0,0
43447,0,0,0,0,0,0
43454,0,0,0,0,0,0
43464,0,0,0,0,0,0
43470,0,0,0,0,0,0
43480,0,0,0,0,0,0
43492,0,0,0,0,0,0
43497,0,0,0,0,0,0
43517,0,0,0,0,0,0
43524,0,0,0,0,0,0
43533,0,0,0,0,0,0
43546,0,0,0,0,0,0
43552,0,0,0,0,0,0
43561,0,0,0,0,0,0
43572,0,0,0,0,0,0
43589,0,0,0,0,0,0
43625,0,0,0,0,0,0
43634,0,0,0,0,0,0
43645,0,0,0,0,0,0
43650,0,0,0,0,0,0
43677,0,0,0,0,0,0
43696,0,0,0,0,0,0
43713,0,0,0,0,0,0
43724,0,0,0,0,0,0
43746,0,0,0,0,0,0
43753,0,0,0,2,1,0
43765,0,0,0,1,1,0
43770,0,0,0,0,0,0
43781,0,0,0,0,0,0
43793,0,0,0,0,0,0
43799,0,0,0,0,0,0
43820,0,0,0,0,0,0
43826,0,0,0,0,0,0
43838,0,0,0,0,0,0
43844,0,0,0,0,0,0
43851,0,0,0,0,0,0
43854,0,0,0,0,0,0
43860,0,0,0,0,0,0
43868,0,0,0,0,0,0
43876,0,0,0,0,0,0
43883,0,0,0,0,0,0
43888,0,0,0,0,0,0
43893,0,0,0,0,0,0
43899,0,0,0,0,0,0
43910,0,0,0,0,0,0
43916,0,0,0,0,0,0
43928,0,0,0,0,0,0
43934,0,0,0,0,0,0
43940,0,0,0,0,0,0
43945,0,0,0,0,0,0
43952,0,0,0,0,0,0
43957,0,0,0,0,0,0
43963,0,0,0,0,0,0
43969,0,0,0,0,0,0
43975,0,0,0,0,0,0
43982,0,0,0,0,0,0
43989,0,0,0,1,1,0
43995,0,0,0,1,1,0
44007,0,0,0,2,1,0
44013,0,0,0,0,0,0
44026,0,0,0,0,0,0
44032,0,0,0,0,0,0
44045,0,0,0,0,0,0
44052,0,0,0,0,0,0
44063,0,0,0,0,0,0
44069,0,0,0,0,0,0
44075,0,0,0,0,0,0
44081,0,0,0,0,0,0
44087,0,0,0,0,0,0
44093,0,0,0,0,0,0
44099,0,0,0,0,0,0
44105,0,0,0,0,0,0
44113,0,0,0,0,0,0
44118,0,0,0,0,0,0
44124,0,0,0,0,0,0
44130,0,0,0,0,0,0
44136,0,0,0,0,0,0
44142,0,0,0,0,0,0
44148,0,0,0,0,0,0
44160,0,0,0,0,0,0
44166,0,0,0,0,0,0
44171,0,0,0,0,0,0
44176,0,0,0,0,0,0
44186,0,0,0,0,0,0
44191,0,0,0,0,0,0
44196,0,0,0,0,0,0
44201,0,0,0,0,0,0
44206,0,0,0,0,0,0
44211,0,0,0,0,0,0
44217,0,0,0,0,0,0
44222,0,0,0,0,0,0
44242,0,0,0,1,1,0
44247,0,0,0,1,2,0
44252,0,0,0,1,1,0
44257,0,0,0,0,0,0
44266,0,0,0,0,0,0
44277,0,0,0,2,2,0
44287,0,0,0,0,0,0
44292,0,0,0,0,0,0
44297,0,0,0,0,0,0
44302,0,0,0,0,0,0
44312,0,0,0,0,0,0
44317,0,0,0,0,0,0
44326,0,0,0,0,0,0
44338,0,0,0,0,0,0
44343,0,0,0,0,0,0
44349,0,0,0,0,0,0
44354,0,0,0,0,0,0
44358,0,0,0,0,0,0
44363,0,0,0,0,0,0
44367,0,0,0,0,0,0
44372,0,0,0,0,0,0
44378,0,0,0,0,0,0
44383,0,0,0,0,0,0
44393,0,0,0,0,0,0
44402,0,0,0,0,0,0
44412,0,0,0,0,0,0
44417,0,0,0,0,0,0
44422,0,0,0,0,0,0
44427,0,0,0,0,0,0
44432,0,0,0,0,0,0
44437,0,0,0,0,0,0
44442,0,0,0,0,0,0
44447,0,0,0,0,0,0
44452,0,0,0,0,0,0
44458,0,0,0,0,0,0
44464,0,0,0,0,0,0
44469,0,0,0,0,0,0
44476,0,0,0,0,0,0
44481,0,0,0,0,0,0
44486,0,0,0,0,0,0
44491,0,0,0,0,0,0
44502,0,0,0,0,0,0
44511,0,0,0,0,0,0
44521,0,0,0,0,0,0
44526,0,0,0,0,0,0
44531,0,0,0,0,0,0
44536,0,0,0,0,0,0
44547,0,0,0,0,0,0
44556,0,0,0,0,0,0
44562,0,0,0,0,0,0
44567,0,0,0,0,0,0
44572,0,0,0,0,0,0
44577,0,0,0,0,0,0
44584,0,0,0,0,0,0
44589,0,0,0,0,0,0
44594,0,0,0,0,0,0
44599,0,0,0,0,0,0
44604,0,0,0,0,0,0
44609,0,0,0,0,0,0
44619,0,0,0,0,0,0
44623,0,0,0,0,0,0
44629,0,0,0,0,0,0
44634,0,0,0,0,0,0
44650,0,0,0,0,0,0
44656,0,0,0,0,0,0
44660,0,0,0,0,0,0
44666,0,0,0,0,0,0
44671,0,0,0,0,0,0
44676,0,0,0,0,0,0
44681,0,0,0,0,0,0
44687,0,0,0,0,0,0
44694,0,0,0,0,0,0
44699,0,0,0,0,0,0
44704,0,0,0,0,0,0
44709,0,0,0,0,0,0
44715,0,0,0,0,0,0
44720,0,0,0,0,0,0
44728,0,0,0,0,0,0
44733,0,0,0,0,0,0
44738,0,0,0,0,0,0
44745,0,0,0,0,0,0
44753,0,0,0,0,0,0
44760,0,0,0,0,0,0
44765,0,0,0,0,0,0
44769,0,0,0,0,0,0
44774,0,0,0,0,0,0
44779,0,0,0,0,0,0
44790,0,0,0,0,0,0
44807,0,0,0,0,0,0
44816,0,0,0,0,0,0
44827,0,0,0,0,0,0
44832,0,0,0,0,0,0
44837,0,0,0,0,0,0
44842,0,0,0,0,0,0
44847,0,0,0,0,0,0
44852,0,0,0,0,0,0
44862,0,0,0,0,0,0
44872,0,0,0,0,0,0
44877,0,0,0,0,0,0
44880,0,0,0,0,0,0
44885,0,0,0,0,0,0
44891,0,0,0,0,0,0
44895,0,0,0,0,0,0
44898,0,0,0,0,0,0
44903,0,0,0,0,0,0
44909,0,0,0,0,0,0
44914,0,0,0,0,0,0
44919,0,0,0,0,0,0
44924,0,0,0,0,0,0
44929,0,0,0,0,0,0
44934,0,0,0,0,0,0
44941,0,0,0,0,0,0
44944,0,0,0,0,0,0
44949,0,0,0,0,0,0
44954,0,0,0,0,0,0
44959,0,0,0,1,0,0
44964,0,0,0,1,1,0
44971,0,0,0,0,0,0
44976,0,0,0,0,0,0
44981,0,0,0,0,0,0
44986,0,0,0,0,0,0
44991,0,0,0,0,0,0
44998,0,0,0,0,0,0
45004,0,0,0,0,0,0
45009,0,0,0,0,0,0
45015,0,0,0,0,0,0
45025,0,0,0,0,0,0
45033,0,0,0,0,0,0
45050,0,0,0,0,0,0
45059,0,0,0,0,0,0
45070,0,0,0,0,0,0
45076,0,0,0,0,0,0
45080,0,0,0,0,0,0
45085,0,0,0,0,0,0
45090,0,0,0,0,0,0
45095,0,0,0,0,0,0
45100,0,0,0,0,0,0
45105,0,0,0,0,0,0
45113,0,0,0,0,0,0
45119,0,0,0,0,0,0
45129,0,0,0,0,0,0
45138,0,0,0,0,0,0
45144,0,0,0,0,0,0
45149,0,0,0,0,0,0
45154,0,0,0,0,0,0
45159,0,0,0,0,0,0
45163,0,0,0,0,0,0
45168,0,0,0,0,0,0
45173,0,0,0,0,0,0
45179,0,0,0,0,0,0
45184,0,0,0,0,0,0
45189,0,0,0,0,0,0
45194,0,0,0,0,0,0
45206,0,0,0,0,0,0
45214,0,0,0,0,0,0
45224,0,0,0,0,0,0
45232,0,0,0,0,0,0
45240,0,0,0,0,0,0
45247,0,0,0,0,0,0
45259,0,0,0,0,0,0
45274,0,0,0,0,0,0
45280,0,0,0,0,0,0
45286,0,0,0,0,0,0
45296,0,0,0,0,0,0
45328,0,0,0,0,0,0
45341,0,0,0,0,0,0
45352,0,0,0,0,0,0
45367,0,0,0,0,0,0
45372,0,0,0,0,0,0
45382,0,0,0,0,0,0
45387,0,0,0,0,0,0
45392,0,0,0,0,0,0
45397,0,0,0,0,0,0
45403,0,0,0,0,0,0
45408,0,0,0,0,0,0
45412,0,0,0,0,0,0
45417,0,0,0,0,0,0
45422,0,0,0,0,0,0
45427,0,0,0,0,0,0
45429,0,0,0,0,0,0
45433,0,0,0,0,0,0
45439,0,0,0,0,0,0
45456,0,0,0,0,0,0
45466,0,0,0,0,0,0
45474,0,0,0,0,0,0
45482,0,0,0,0,0,0
45494,0,0,0,0,0,0
45510,0,0,0,0,0,0
45521,0,0,0,0,0,0
45532,0,0,0,0,0,0
45537,0,0,0,0,0,0
45543,0,0,0,0,0,0
45547,0,0,0,0,0,0
45552,0,0,0,0,0,0
45563,0,0,0,0,0,0
45568,0,0,0,0,0,0
45573,0,0,0,0,0,0
45578,0,0,0,0,0,0
45589,0,0,0,0,0,0
45592,0,0,0,0,0,0
45597,0,0,0,0,0,0
45602,0,0,0,0,0,0
45604,0,0,0,0,0,0
45612,0,0,0,0,0,0
45622,0,0,0,0,0,0
45627,0,0,0,0,0,0
45632,0,0,0,0,0,0
45639,0,0,0,0,0,0
45644,0,0,0,0,0,0
45648,0,0,0,0,0,0
45653,0,0,0,0,0,0
45659,0,0,0,0,0,0
45669,0,0,0,0,0,0
45673,0,0,0,0,0,0
45678,0,0,0,0,0,0
45683,0,0,0,0,0,0
45697,0,0,0,0,0,0
45716,0,0,0,0,0,0
45722,0,0,0,0,0,0
45727,0,0,0,0,0,0
45734,0,0,0,0,0,0
45737,0,0,0,0,0,0
45744,0,0,0,0,0,0
45754,0,0,0,0,0,0
45763,0,0,0,0,0,0
45766,0,0,0,0,0,0
45783,0,0,0,0,0,0
45788,0,0,0,0,0,0
45793,0,0,0,0,0,0
45803,0,0,0,0,0,0
45814,0,0,0,0,0,0
45821,0,0,0,0,0,0
45829,0,0,0,0,0,0
45841,0,0,0,0,0,0
45858,0,0,0,0,0,0
45868,0,0,0,0,0,0
45877,0,0,0,0,0,0
45885,0,0,0,0,0,0
45894,0,0,0,0,0,0
45904,0,0,0,0,0,0
45909,0,0,0,0,0,0
45914,0,0,0,0,0,0
45919,0,0,0,0,0,0
45936,0,0,0,1,1,0
45941,0,0,0,1,1,0
45946,0,0,0,0,1,0
45952,0,0,0,3,3,0
45956,0,0,0,0,0,0
45962,0,0,0,0,0,0
45967,0,0,0,0,0,0
45971,0,0,0,0,0,0
45976,0,0,0,0,0,0
45982,0,0,0,0,0,0
45986,0,0,0,0,0,0
45991,0,0,0,0,0,0
45998,0,0,0,0,0,0
46003,0,0,0,0,0,0
46007,0,0,0,0,0,0
46012,0,0,0,0,0,0
46017,0,0,0,0,0,0
46022,0,0,0,0,0,0
46027,0,0,0,0,0,0
46032,0,0,0,0,0,0
46037,0,0,0,0,0,0
46043,0,0,0,0,0,0
46048,0,0,0,0,0,0
46053,0,0,0,0,0,0
46058,0,0,0,0,0,0
46063,0,0,0,0,0,0
46070,0,0,0,0,0,0
46074,0,0,0,0,0,0
46079,0,0,0,0,0,0
46084,0,0,0,0,0,0
46094,0,0,0,0,0,0
46105,0,0,0,0,0,0
46110,0,0,0,0,0,0
46114,0,0,0,0,0,0
46119,0,0,0,0,0,0
46124,0,0,0,0,0,0
46129,0,0,0,0,0,0
46139,0,0,0,0,0,0
46144,0,0,0,0,0,0
46149,0,1,1,0,0,0
46154,0,0,0,0,0,0
46159,0,0,0,0,0,0
46164,0,0,0,0,0,0
46169,0,0,0,0,0,0
46174,0,0,0,3,2,0
46178,0,0,0,4,2,0
46182,0,0,0,2,2,0
46187,0,0,0,5,4,0
46192,0,0,0,0,3,0
46197,3,0,0,0,0,3
46202,0,0,0,0,0,0
46207,0,0,0,0,0,0
46211,0,0,0,0,0,0
46222,0,0,0,0,0,0
46226,0,0,0,0,0,0
46232,0,0,0,0,0,0
46237,0,0,0,0,0,0
46241,0,0,0,0,0,0
46246,0,0,0,0,0,0
46250,0,0,0,0,0,0
46255,0,0,0,0,0,0
46259,0,0,0,0,0,0
46264,0,0,0,0,0,0
46268,0,0,0,0,0,0
46273,0,0,0,0,0,0
46277,0,0,0,1,0,0
46281,0,0,0,0,0,0
46286,0,0,0,0,0,0
46291,0,0,0,0,0,0
46296,0,0,0,0,0,0
46301,0,0,0,0,0,0
46306,0,0,0,0,0,0
46311,0,2,0,0,0,1
46316,0,0,0,0,0,0
46322,0,0,0,0,0,0
46327,0,0,0,0,0,0
46331,0,0,0,0,0,0
46336,0,0,0,0,0,0
46346,0,0,0,0,0,0
46356,0,0,0,0,0,0
46361,0,0,0,0,0,0
46366,0,0,0,0,0,0
46371,0,0,0,0,0,0
46376,0,0,0,0,0,0
46381,0,0,0,0,0,0
46386,0,0,0,0,0,0
46391,0,0,0,0,0,0
46396,0,0,0,0,0,0
46401,0,1,0,0,0,0
46406,0,0,0,0,0,0
46411,0,0,0,0,0,0
46416,0,0,0,3,1,0
46421,0,0,0,4,2,0
46426,0,0,0,1,1,0
46431,3,1,0,1,1,3
46437,2,5,0,5,3,4
46443,4,0,0,2,1,3
46447,0,0,0,3,2,0
46456,0,0,0,0,0,0
46461,1,0,0,2,2,0
46467,3,0,0,0,0,3
46473,13,1,0,0,0,8
46477,0,0,0,0,0,0
46482,12,0,0,0,0,6
46486,0,0,0,0,0,0
46491,5,0,0,0,0,3
46496,0,0,0,0,0,0
46501,0,0,0,0,0,0
46506,0,0,0,0,0,0
46511,0,0,0,0,0,0
46516,0,0,0,0,0,0
46521,0,0,0,0,0,0
46526,0,0,0,0,0,0
46531,0,0,0,0,0,0
46536,0,0,0,0,0,0
46541,0,0,0,0,0,0
46546,0,0,0,0,0,0
46551,0,0,0,0,0,0
46556,0,0,0,0,0,0
46561,0,0,0,0,0,0
46566,0,0,0,0,0,0
46572,4,6,0,0,0,8
46582,0,0,0,0,0,0
46587,0,0,0,0,0,0
46592,0,0,0,0,0,0
46597,0,0,0,0,0,0
46607,0,0,0,0,0,0
46617,0,0,0,0,0,0
46622,0,0,0,0,0,0
46627,0,0,0,0,0,0
46632,0,0,0,0,0,0
46638,0,0,0,0,0,0
46643,0,0,0,0,0,0
46648,0,0,0,0,0,0
46652,0,0,0,0,0,0
46657,0,0,0,0,0,0
46662,0,0,0,0,0,0
46672,0,0,0,0,0,0
46677,0,0,0,0,0,0
46682,0,0,0,0,1,0
46686,0,0,0,0,0,0
46691,0,0,0,0,0,0
46695,0,0,0,0,0,0
46698,0,0,0,1,0,0
46703,0,0,0,0,0,0
46709,0,0,0,0,0,0
46714,0,0,0,0,0,0
46719,0,0,0,0,0,0
46724,0,0,0,0,0,0
46729,0,0,0,0,0,0
46734,0,4,0,0,0,4
46740,0,0,0,0,0,0
46746,0,0,0,0,0,0
46751,0,0,0,0,0,0
46756,0,0,0,0,0,0
46761,0,0,0,0,0,0
46768,0,0,0,0,0,0
46773,0,0,0,0,0,0
46778,0,0,0,0,0,0
46783,0,0,0,0,0,0
46788,0,0,0,0,0,0
46793,0,0,0,0,0,0
46799,0,0,0,0,0,0
46804,0,0,0,0,0,0
46808,0,0,0,0,0,0
46813,0,0,0,0,0,0
46819,0,0,0,0,0,0
46824,0,0,0,0,0,0
46829,0,0,0,0,0,0
46834,0,0,0,0,0,0
46839,0,0,0,0,0,0
46844,0,0,0,0,0,0
46849,0,0,0,0,0,0
46852,0,0,0,0,0,0
46858,0,0,0,0,0,0
46862,0,0,0,0,0,0
46867,0,0,0,0,0,0
46872,0,0,0,0,0,0
46878,0,0,1,0,0,0
46883,0,0,0,0,0,0
46887,0,0,1,0,0,0
46893,0,0,0,0,0,0
46898,0,0,0,0,0,0
46903,0,0,0,1,1,0
46906,0,0,0,0,0,0
46911,0,0,0,2,3,0
46916,0,0,0,0,0,0
46922,0,0,0,2,3,0
46927,0,0,0,0,0,0
46933,0,0,0,0,0,0
46939,0,0,0,0,0,0
46945,0,0,0,0,0,0
46950,0,1,0,1,1,0
46955,0,0,0,0,0,0
46962,0,0,0,0,0,0
46967,0,0,0,0,0,0
46972,0,0,0,0,0,0
46980,0,0,0,0,0,0
46985,0,0,0,0,0,0
46990,0,0,0,0,0,0
46995,0,0,0,0,0,0
46999,0,0,0,0,0,0
47004,0,0,0,0,0,0
47009,0,0,0,0,0,0
47014,0,0,0,0,0,0
47019,0,0,0,0,0,0
47023,0,0,0,0,0,0
47028,0,0,0,0,0,0
47033,0,0,0,0,0,0
47039,0,0,0,0,0,0
47043,0,0,0,0,0,0
47046,0,0,0,0,0,0
47050,0,0,0,0,0,0
47055,0,0,0,0,0,0
47060,0,0,0,0,0,0
47065,0,0,0,0,0,0
47070,0,0,0,0,0,0
47075,0,0,0,0,0,0
47080,0,0,0,0,0,0
47085,0,0,0,0,0,0
47090,0,0,0,0,0,0
47095,0,0,0,0,0,0
47100,0,0,0,0,0,0
47105,0,0,0,0,0,0
47109,0,0,0,0,0,0
47114,0,0,0,0,0,0
47119,0,0,0,0,0,0
47125,0,0,0,0,0,0
47130,0,0,1,0,0,0
47137,0,0,0,0,0,0
47142,0,0,0,0,2,0
47147,0,0,0,1,1,0
47152,0,0,0,1,3,0
47157,0,0,0,1,1,0
47162,0,0,0,0,2,0
47167,0,0,0,0,1,0
47173,0,0,0,0,0,0
47178,0,0,0,0,0,0
47183,0,0,0,0,0,0
47188,0,0,0,0,0,0
47193,0,1,0,2,2,0
47198,0,0,0,0,0,0
47205,0,0,0,0,0,0
47210,0,0,0,0,0,0
47215,0,0,0,0,0,0
47221,0,0,0,2,2,0
47226,0,0,0,0,0,0
47231,0,0,0,0,0,0
47236,0,0,0,0,0,0
47242,0,0,0,0,0,0
47246,0,0,0,0,0,0
47252,0,0,0,0,0,0
47258,0,0,0,0,0,0
47262,0,0,0,0,0,0
47266,0,0,0,0,0,0
47271,0,0,0,0,0,0
47277,0,0,0,0,0,0
47281,0,0,0,0,0,0
47286,0,0,0,0,0,0
47291,0,0,0,0,0,0
47296,0,0,0,0,0,0
47301,0,2,0,0,0,0
47306,0,0,0,0,0,0
47311,0,0,0,0,0,0
47316,0,0,0,0,0,0
47321,0,0,0,0,0,0
47327,0,0,0,1,1,0
47331,0,0,0,0,0,0
47337,0,0,0,0,0,0
47342,0,0,0,0,0,0
47347,0,0,0,0,0,0
47353,0,0,0,0,0,0
47358,0,0,0,0,0,0
47363,0,0,0,0,0,0
47368,0,0,0,0,0,0
47373,0,1,1,0,0,0
47378,0,0,0,0,0,0
47383,0,0,0,0,0,0
47388,0,0,0,0,0,0
47393,0,0,0,0,0,0
47399,0,0,0,0,0,0
47404,0,0,0,0,0,0
47414,0,0,0,0,0,0
47420,0,0,0,0,0,0
47429,0,0,0,0,0,0
47434,0,0,0,0,0,0
47440,0,0,0,0,0,0
47446,0,0,0,0,0,0
47451,0,0,0,0,0,0
47456,0,0,0,0,0,0
47460,0,0,0,0,0,0
47469,0,0,0,0,0,0
47474,0,0,0,0,0,0
47479,0,0,0,0,0,0
47484,0,0,0,0,0,0
47489,0,0,0,0,0,0
47494,0,0,0,0,0,0
47505,0,0,0,0,0,0
47512,0,0,0,0,0,0
47516,0,0,0,0,0,0
47521,0,0,0,0,0,0
47526,0,0,0,0,0,0
47531,0,0,0,0,0,0
47536,0,0,0,0,0,0
47540,0,0,0,0,0,0
47547,0,0,0,0,0,0
47552,0,0,0,0,0,0
47557,0,0,0,0,0,0
47562,0,0,0,0,0,0
47567,0,0,0,0,0,0
47572,0,0,0,0,0,0
47577,0,0,0,0,0,0
47582,0,0,0,0,0,0
47587,0,0,0,0,0,0
47592,0,0,0,0,0,0
47596,0,0,0,0,0,0
47601,0,0,0,0,0,0
47603,0,0,0,0,0,0
47608,0,0,0,0,0,0
47613,0,0,0,0,0,0
47618,0,0,0,0,0,0
47626,0,0,0,0,0,0
47632,0,0,0,0,0,0
47637,0,0,0,0,0,0
47642,0,0,0,0,0,0
47647,0,0,0,0,0,0
47652,0,0,0,0,0,0
47657,0,0,0,0,0,0
47664,0,0,0,0,0,0
47670,0,0,0,0,0,0
47676,0,0,0,0,0,0
47680,0,0,0,0,0,0
47686,0,0,0,0,0,0
47691,0,0,0,0,0,0
47696,0,0,0,0,0,0
47701,0,0,0,0,0,0
47706,0,0,0,0,0,0
47711,0,0,0,0,0,0
47717,0,0,0,0,0,0
47722,0,0,0,0,0,0
47728,0,0,0,0,0,0
47733,0,0,0,0,0,0
47739,0,0,0,0,0,0
47744,0,0,0,0,0,0
47750,0,0,0,0,0,0
47755,0,0,0,0,0,0
47760,0,0,0,0,0,0
47765,0,0,0,0,0,0
47770,0,0,0,0,0,0
47778,0,0,1,0,0,0
47783,0,0,0,0,0,0
47794,0,0,0,0,0,0
47799,0,0,0,0,0,0
47804,0,0,0,0,0,0
47809,0,0,0,0,0,0
47814,0,0,0,0,0,0
47819,0,0,0,0,0,0
47823,0,0,0,0,0,0
47828,0,0,0,0,0,0
47833,0,0,0,0,0,0
47838,0,0,0,0,0,0
47843,0,0,0,0,0,0
47848,0,0,0,0,0,0
47853,0,0,0,0,0,0
47857,0,0,0,0,0,0
47862,0,0,0,0,0,0
47867,0,0,0,0,0,0
47870,0,0,0,0,0,0
47875,0,0,0,0,0,0
47880,0,0,0,0,0,0
47885,0,0,0,0,0,0
47891,0,0,0,0,0,0
47896,0,0,0,0,0,0
47902,0,0,0,0,0,0
47907,0,0,0,0,0,0
47912,0,0,0,0,0,0
47917,0,0,0,0,0,0
47922,0,0,0,0,0,0
47927,0,0,0,0,0,0
47931,0,0,2,0,0,0
47936,0,0,0,0,0,0
47941,0,0,1,0,0,0
47947,0,0,0,0,0,0
47952,0,0,0,0,0,0
47962,0,0,0,0,0,0
47972,0,0,0,0,0,0
47977,0,0,0,0,0,0
47983,0,0,0,0,0,0
47988,0,0,0,0,0,0
47993,0,0,0,0,0,0
47998,0,0,0,0,0,0
48008,0,0,0,0,0,0
48013,0,0,0,0,0,0
48018,0,0,0,0,0,0
48022,0,0,0,0,0,0
48028,0,0,0,0,0,0
48033,0,0,0,0,0,0
48038,0,0,0,0,0,0
48043,0,0,0,0,0,0
48055,0,0,0,0,0,0
48060,0,0,0,0,0,0
48063,0,0,0,0,0,0
48070,0,0,0,0,0,0
48080,0,0,0,0,0,0
48084,0,0,0,0,0,0
48090,0,0,0,0,0,0
48096,0,0,0,0,0,0
48100,0,0,0,0,0,0
48106,0,0,0,0,0,0
48109,0,0,0,0,0,0
48117,0,0,0,2,2,0
48121,0,0,0,1,0,0
48127,0,0,0,2,2,0
48131,0,0,0,0,0,0
48137,0,0,0,2,2,0
48148,0,0,0,0,0,0
48155,0,0,0,0,0,0
48165,0,0,0,0,0,0
48175,0,0,0,0,0,0
48180,0,0,0,0,0,0
48185,0,0,0,0,0,0
48190,0,0,0,0,0,0
48195,0,0,0,0,0,0
48200,0,0,0,0,0,0
48205,0,0,0,0,0,0
48210,0,0,0,0,0,0
48215,0,0,0,0,0,0
48223,0,0,0,0,0,0
48228,0,0,0,0,0,0
48238,0,0,0,0,0,0
48243,0,0,0,0,0,0
48247,0,0,0,0,0,0
48252,0,0,0,0,0,0
48256,0,0,0,0,0,0
48261,0,0,0,0,0,0
48265,0,0,0,0,0,0
48271,0,0,0,0,0,0
48281,0,0,0,0,0,0
48291,0,0,0,0,0,0
48301,0,0,0,0,0,0
48306,0,0,0,0,0,0
48311,0,0,0,0,0,0
48316,0,0,0,0,0,0
48326,0,0,0,0,0,0
48331,0,0,0,0,0,0
48336,0,0,0,0,0,0
48341,0,0,0,0,0,0
48345,0,0,0,0,0,0
48350,0,0,0,0,0,0
48356,0,0,0,0,0,0
48361,0,0,0,1,1,0
48371,0,0,0,1,2,0
48376,0,1,0,1,1,0
48381,0,0,0,2,2,0
48391,0,0,0,0,0,0
48396,0,0,0,0,0,0
48401,0,0,0,0,0,0
48407,0,0,0,0,0,0
48416,0,0,0,0,0,0
48426,0,0,0,0,0,0
48436,0,0,0,0,0,0
48441,0,0,0,0,0,0
48446,0,0,0,0,0,0
48451,0,0,0,0,0,0
48456,0,0,0,0,0,0
48461,0,0,0,0,0,0
48467,0,0,0,0,0,0
48473,0,0,0,0,0,0
48478,0,0,0,0,0,0
48483,0,0,0,0,0,0
48488,0,0,0,0,0,0
48493,0,0,0,0,0,0
48497,0,0,0,0,0,0
48502,0,0,0,0,0,0
48507,0,0,0,0,0,0
48512,0,0,0,0,0,0
48524,0,0,0,0,0,0
48534,0,0,0,0,0,0
48544,0,0,0,0,0,0
48549,0,0,0,0,0,0
48554,0,0,0,0,0,0
48559,0,0,0,0,0,0
48569,0,0,0,0,0,0
48574,0,0,0,0,0,0
48579,0,0,0,0,0,0
48584,0,0,0,0,0,0
48589,0,0,0,0,0,0
48594,0,0,0,0,0,0
48599,0,0,0,0,0,0
48605,0,0,0,1,2,0
48614,0,0,0,1,2,0
48625,0,0,0,2,2,0
48630,0,0,0,1,0,0
48635,0,0,0,0,0,0
48640,0,0,0,0,0,0
48650,0,0,0,0,0,0
48655,0,0,0,0,0,0
48660,0,0,0,0,0,0
48670,0,0,0,0,0,0
48675,0,0,0,0,0,0
48680,0,0,0,0,0,0
48685,0,0,0,0,0,0
48690,0,0,0,0,0,0
48695,0,0,0,0,0,0
48700,0,0,0,0,1,0
48705,0,0,0,0,0,0
48710,0,0,0,0,0,0
48715,0,0,0,0,0,0
48720,0,0,0,0,0,0
48725,0,0,0,0,0,0
48730,0,0,0,0,0,0
48736,0,0,0,0,0,0
48741,0,0,0,0,0,0
48746,0,0,0,0,0,0
48752,0,0,0,0,0,0
48757,0,0,0,0,0,0
48761,0,0,0,0,0,0
48766,0,0,0,0,0,0
48776,0,0,0,0,0,0
48786,0,0,0,0,0,0
48791,0,0,0,0,0,0
48796,0,0,0,0,0,0
48801,0,0,0,0,0,0
48806,0,0,0,0,0,0
48811,0,0,0,0,0,0
48815,0,0,0,0,0,0
48820,0,0,0,0,0,0
48830,0,0,0,0,0,0
48835,0,0,0,0,0,0
48840,0,0,0,0,0,0
48847,0,0,0,0,0,0
48851,0,0,0,1,1,0
48857,0,0,0,0,0,0
48866,0,0,0,0,0,0
48875,0,0,0,0,0,0
48885,0,0,0,0,0,0
48891,0,0,0,0,0,0
48896,0,0,0,0,0,0
48901,0,0,0,0,0,0
48906,0,0,0,0,0,0
48912,0,0,0,0,0,0
48918,0,0,0,0,0,0
48923,0,0,0,0,0,0
48928,0,0,0,0,0,0
48933,0,0,0,0,0,0
48938,0,0,0,0,0,0
48948,0,0,0,0,0,0
48953,0,0,0,0,0,0
48958,0,0,0,0,0,0
48963,0,0,0,0,0,0
48966,0,0,0,0,0,0
48971,0,0,0,0,0,0
48977,0,0,0,0,0,0
48982,0,0,0,0,0,0
48988,0,0,0,0,0,0
48993,0,0,0,0,0,0
49004,0,0,0,0,0,0
49009,0,0,0,0,0,0
49014,0,0,0,0,0,0
49019,0,0,0,0,0,0
49024,0,0,0,0,0,0
49029,0,0,0,0,0,0
49035,0,0,0,0,0,0
49040,0,0,0,0,0,0
49045,0,0,0,0,0,0
49050,0,0,0,0,0,0
49055,0,0,0,0,0,0
49060,0,0,0,0,0,0
49066,0,0,0,0,0,0
49071,0,0,0,0,0,0
49076,0,0,0,0,0,0
49080,0,0,0,0,0,0
49090,0,0,0,0,0,0
49100,0,0,0,0,0,0
49107,0,0,0,0,0,0
49112,0,0,0,2,2,0
49119,0,0,0,1,1,0
49126,0,0,0,0,0,0
49131,0,0,0,0,0,0
49136,0,0,0,0,0,0
49143,0,0,0,0,0,0
49147,0,0,0,0,0,0
49154,0,0,0,0,0,0
49161,0,0,0,0,0,0
49166,0,0,0,0,0,0
49171,0,0,0,0,0,0
49176,0,0,0,0,0,0
49181,0,0,0,0,0,0
49186,0,0,0,0,0,0
49191,0,0,0,0,0,0
49196,0,0,0,0,0,0
49201,0,0,0,0,0,0
49206,0,0,0,0,0,0
49211,0,0,0,0,0,0
49216,0,0,0,0,0,0
49221,0,0,0,0,0,0
49226,0,0,0,0,0,0
49231,0,0,0,0,0,0
49235,0,0,0,0,0,0
49240,0,0,0,0,0,0
49245,0,0,0,0,0,0
49250,0,0,0,0,0,0
49257,0,0,0,0,0,0
49262,0,0,0,0,0,0
49267,0,0,0,0,0,0
49272,0,0,0,0,0,0
49277,0,0,0,0,0,0
49282,0,0,0,0,0,0
49287,0,0,0,0,0,0
49292,0,0,0,0,0,0
49297,0,0,0,0,0,0
49302,0,0,0,0,0,0
49307,0,0,0,0,0,0
49313,0,0,0,0,0,0
49318,0,0,0,0,0,0
49322,0,0,0,0,0,0
49329,0,0,0,0,3,0
49335,0,0,0,3,3,0
49343,0,0,0,1,2,0
49355,0,0,0,2,2,0
49359,0,0,0,1,1,0
49364,0,0,0,0,1,0
49370,0,0,0,1,1,0
49374,0,0,0,0,0,0
49381,0,0,0,2,2,0
49386,0,0,0,0,0,0
49390,0,0,0,0,0,0
49401,0,0,0,0,0,0
49407,0,0,0,0,0,0
49411,0,0,0,0,0,0
49416,0,0,0,0,0,0
49421,0,0,0,0,0,0
49426,0,0,0,0,0,0
49431,0,0,0,0,0,0
49434,0,0,0,1,0,0
49440,0,0,0,0,0,0
49445,0,0,0,0,0,0
49450,0,0,0,0,0,0
49455,0,0,0,0,0,0
49460,0,0,0,0,0,0
49465,0,0,0,0,0,0
49470,0,0,0,0,0,0
49475,0,0,0,0,0,0
49481,0,0,0,0,0,0
49486,0,0,0,0,0,0
49489,0,0,0,0,0,0
49493,0,0,0,0,0,0
49504,0,0,0,0,0,0
49509,0,0,0,0,0,0
49514,0,0,0,0,0,0
49519,0,0,0,0,0,0
49528,0,0,0,0,0,0
49538,0,0,0,0,0,0
49543,0,0,0,0,0,0
49549,0,0,0,0,0,0
49554,0,0,0,0,0,0
49560,0,0,0,0,0,0
49565,0,0,0,0,0,0
49571,0,0,0,0,0,0
49576,0,0,0,0,0,0
49583,0,0,0,0,0,0
49600,0,0,0,0,0,0
49613,0,0,0,0,0,0
49619,0,0,0,0,0,0
49628,0,0,0,0,0,0
49639,0,0,0,0,0,0
49654,0,0,0,0,0,0
49664,0,0,0,0,0,0
49671,0,0,0,0,0,0
49676,0,0,0,0,0,0
49681,0,0,0,0,0,0
49685,0,0,0,0,0,0
49690,0,0,0,0,0,0
49696,0,0,0,0,0,0
49701,0,0,0,0,0,0
49711,0,0,0,0,0,0
49717,0,0,0,0,0,0
49723,0,0,0,0,0,0
49729,0,0,0,0,0,0
49732,0,0,0,0,0,0
49737,0,0,0,0,0,0
49747,0,0,0,0,0,0
49752,0,0,0,0,0,0
49757,0,0,0,0,0,0
49762,0,0,0,0,0,0
49767,0,0,0,0,0,0
49772,0,0,0,0,0,0
49777,0,0,0,0,0,0
49782,0,0,0,0,0,0
49787,0,0,0,0,0,0
49792,0,0,0,0,0,0
49797,0,0,0,0,0,0
49802,0,0,0,0,0,0
49807,0,0,0,0,0,0
49812,0,0,0,0,0,0
49825,0,0,0,0,0,0
49834,0,0,0,0,0,0
49844,0,0,0,0,0,0
49855,0,0,0,0,0,0
49865,0,0,0,0,0,0
49869,0,0,0,0,0,0
49880,0,0,0,0,0,0
49886,0,0,0,0,0,0
49890,0,0,0,0,0,0
49894,0,0,0,0,0,0
49899,0,0,0,0,0,0
49909,0,0,0,0,0,0
49914,0,0,0,0,0,0
49919,0,0,0,0,0,0
49924,0,0,0,0,0,0
49932,0,0,0,0,0,0
49943,0,0,0,0,0,0
49954,0,0,0,0,0,0
49959,0,0,0,0,0,0
49964,0,0,0,0,0,0
49969,0,0,0,0,0,0
49976,0,0,0,0,0,0
49981,0,0,0,0,0,0
49986,0,0,0,0,0,0
49991,0,0,0,0,0,0
49996,0,0,0,0,0,0
50006,0,0,0,0,0,0
50016,0,0,0,0,0,0
50025,0,0,0,0,0,0
50036,0,0,0,0,0,0
50043,0,0,0,0,0,0
50053,0,0,0,0,0,0
50057,0,0,0,0,0,0
50063,0,0,0,0,0,0
50068,0,0,0,0,0,0
50078,0,0,0,0,0,0
50085,0,0,0,0,0,0
50090,0,0,0,0,0,0
50095,0,0,0,0,0,0
50106,0,0,0,0,0,0
50116,0,0,0,0,0,0
50121,0,0,0,0,0,0
50126,0,0,0,0,0,0
50132,0,0,0,0,0,0
50142,0,0,0,0,0,0
50152,0,0,0,0,0,0
50157,0,0,0,0,0,0
50162,0,0,0,0,0,0
50167,0,0,0,0,0,0
50177,0,0,0,0,0,0
50187,0,0,0,0,0,0
50195,0,0,0,0,0,0
50205,0,0,0,0,0,0
50215,0,0,0,0,0,0
50220,0,0,0,0,0,0
50230,0,0,0,0,0,0
50240,0,0,0,0,0,0
50249,0,0,0,0,0,0
50259,0,0,0,0,0,0
50269,0,0,0,0,0,0
50274,0,0,0,0,0,0
50278,0,0,0,0,0,0
50284,0,0,0,0,0,0
50293,0,0,0,0,0,0
50302,0,0,0,0,0,0
50308,0,0,0,0,0,0
50314,0,0,0,1,1,0
50326,0,0,0,2,1,0
50335,0,0,0,0,0,0
50341,0,0,0,0,0,0
50350,0,0,0,0,0,0
50360,0,0,0,0,0,0
50385,0,0,0,0,0,0
50390,0,0,0,0,0,0
50395,0,0,0,0,0,0
50400,0,0,0,0,0,0
50405,0,0,0,0,0,0
50410,0,0,0,0,0,0
50415,0,0,0,0,0,0
50419,0,0,0,0,0,0
50425,0,0,0,0,0,0
50430,0,0,0,0,0,0
50435,0,0,0,0,0,0
50440,0,0,0,0,0,0
50445,0,0,0,0,0,0
50451,0,0,0,0,0,0
50456,0,0,0,0,0,0
50461,0,0,0,0,0,0
50467,0,0,0,0,0,0
50471,0,0,0,0,0,0
50475,0,0,0,0,0,0
50480,0,0,0,0,0,0
50486,0,0,0,0,0,0
50496,0,0,0,0,0,0
50500,0,0,0,0,0,0
50505,0,0,0,0,0,0
50511,0,0,0,0,0,0
50515,0,0,0,0,0,0
50520,0,0,0,0,0,0
50524,0,0,0,0,0,0
50530,0,0,0,0,0,0
50535,0,0,0,0,0,0
50540,0,0,0,0,0,0
50548,0,0,0,2,0,0
50560,0,0,0,2,2,0
50565,0,0,0,2,2,0
50570,0,0,0,2,1,0
50576,0,0,0,0,0,0
50587,0,0,0,0,0,0
50595,0,0,0,2,1,0
50601,0,0,0,0,0,0
50606,0,0,0,0,0,0
50610,0,0,0,0,0,0
50615,0,0,0,0,0,0
50620,0,0,0,0,0,0
50625,0,0,0,0,0,0
50632,0,0,0,0,0,0
50638,0,0,0,0,0,0
50643,0,0,0,0,0,0
50648,0,0,0,0,0,0
50659,0,0,0,0,0,0
50663,0,0,0,0,0,0
50675,0,0,0,0,0,0
50680,0,0,0,0,0,0
50685,0,0,0,0,0,0
50695,0,0,0,0,0,0
50700,0,0,0,0,0,0
50705,0,0,0,0,0,0
50711,0,0,0,0,0,0
50721,0,0,0,0,0,0
50731,0,0,0,0,0,0
50736,0,0,0,0,0,0
50741,0,0,0,0,0,0
50746,0,0,0,0,0,0
50756,0,0,0,0,0,0
50761,0,0,0,0,0,0
50765,0,0,0,0,0,0
50770,0,0,0,0,0,0
50774,0,0,0,0,0,0
50779,0,0,0,0,0,0
50784,0,0,0,0,0,0
50795,0,0,0,1,2,0
50799,0,0,0,1,2,0
50809,0,0,0,1,3,0
50827,0,0,0,0,0,0
50836,0,0,0,0,0,0
50847,0,0,0,0,0,0
50856,0,0,0,0,0,0
50866,0,0,0,0,0,0
50871,0,0,0,0,0,0
50877,0,0,0,0,0,0
50881,0,0,0,0,0,0
50887,0,0,0,0,0,0
50892,0,0,0,0,0,0
50897,0,0,0,0,0,0
50902,0,0,0,0,0,0
50907,0,0,0,0,0,0
50912,0,0,0,0,0,0
50917,0,0,0,0,0,0
50927,0,0,0,0,0,0
50932,0,0,0,0,0,0
50937,0,0,0,0,0,0
50947,0,0,0,0,0,0
50952,0,0,0,0,0,0
50957,0,0,0,0,0,0
50962,0,0,0,0,0,0
50972,0,0,0,0,0,0
50982,0,0,0,0,0,0
50987,0,0,0,0,0,0
50992,0,0,0,0,0,0
50997,0,0,0,0,0,0
51002,0,0,0,0,0,0
51007,0,0,0,0,0,0
51012,0,0,0,0,0,0
51017,0,0,0,0,0,0
51022,0,0,0,0,0,0
51027,0,0,0,0,0,0
51036,0,0,0,0,0,0
51043,0,0,0,0,0,0
51048,0,0,0,0,0,0
51055,0,0,0,0,0,0
51062,0,0,0,0,0,0
51071,0,0,0,0,0,0
51083,0,0,0,0,0,0
51088,0,0,0,0,0,0
51107,0,0,0,0,0,0
51126,0,0,0,0,0,0
51134,0,0,0,0,0,0
51143,0,0,0,0,0,0
51154,0,0,0,0,0,0
51161,0,0,0,0,0,0
51164,0,0,0,0,0,0
51169,0,0,0,0,0,0
51174,0,0,0,0,0,0
51180,0,0,0,0,0,0
51189,0,0,0,0,0,0
51201,0,0,0,0,0,0
51205,0,0,0,0,0,0
51214,0,0,0,0,0,0
51219,0,0,0,0,0,0
51224,0,0,0,0,0,0
51229,0,0,0,0,0,0
51234,0,0,0,0,0,0
51239,0,0,0,0,0,0
51243,0,0,0,0,0,0
51249,0,0,0,0,0,0
51253,0,0,0,0,0,0
51258,0,0,0,0,0,0
51263,0,0,0,0,0,0
51268,0,0,0,0,0,0
51273,0,0,0,0,0,0
51285,0,0,0,0,0,0
51290,0,0,0,0,0,0
51296,0,0,0,0,0,0
51305,0,0,0,0,0,0
51314,0,0,0,0,0,0
51323,0,0,0,0,0,0
51333,0,0,0,0,0,0
51341,0,0,0,0,0,0
51348,0,0,0,0,0,0
51353,0,0,0,0,0,0
51357,0,0,0,0,0,0
51362,0,0,0,0,0,0
51367,0,0,0,0,0,0
51372,0,0,0,0,0,0
51378,0,0,0,0,0,0
51381,0,0,0,0,0,0
51388,0,0,0,0,0,0
51394,0,0,0,0,0,0
51399,0,0,0,0,0,0
51404,0,0,0,0,0,0
51411,0,0,0,0,0,0
51415,0,0,0,0,0,0
51420,0,0,0,0,0,0
51425,0,0,0,0,0,0
51431,0,0,0,0,0,0
51436,0,0,0,0,0,0
51445,0,0,0,0,0,0
51450,0,0,0,0,0,0
51462,0,0,0,0,0,0
51467,0,0,0,0,0,0
51472,0,0,0,0,0,0
51477,0,0,0,0,0,0
51482,0,0,0,0,0,0
51487,0,0,0,0,0,0
51492,0,0,0,0,0,0
51495,0,0,0,0,0,0
51501,0,0,0,0,0,0
51506,0,0,0,0,0,0
51511,0,0,0,0,0,0
51521,0,0,0,1,1,0
51528,0,0,0,0,0,0
51533,0,0,0,0,1,0
51538,0,0,0,0,0,0
51542,0,0,0,0,1,0
51547,0,0,0,0,0,0
51559,0,0,0,0,0,0
51564,0,0,0,0,0,0
51569,0,0,0,0,0,0
51574,0,0,0,0,0,0
51585,0,0,0,0,0,0
51594,0,0,0,0,0,0
51597,0,0,0,0,0,0
51603,0,0,0,0,0,0
51613,0,0,0,0,0,0
51618,0,0,0,0,0,0
51623,0,0,0,0,0,0
51628,0,0,0,0,0,0
51633,0,0,0,0,0,0
51639,0,0,0,0,0,0
51643,0,0,0,0,0,0
51650,0,0,0,0,0,0
51655,0,0,0,0,0,0
51660,0,0,0,0,0,0
51665,0,0,0,0,0,0
51672,0,0,0,0,0,0
51675,0,0,0,0,0,0
51679,0,0,0,0,0,0
51686,0,0,0,0,0,0
51691,0,0,0,0,0,0
51695,0,0,0,0,0,0
51700,0,0,0,0,0,0
51705,0,0,0,0,0,0
51710,0,0,0,0,0,0
51716,0,0,0,0,0,0
51720,0,0,0,0,0,0
51725,0,0,0,0,0,0
51731,0,0,0,0,0,0
51736,0,0,0,0,0,0
51740,0,0,0,0,0,0
51745,0,0,0,0,0,0
51750,0,0,0,0,0,0
51755,0,0,0,0,0,0
51763,0,0,0,0,0,0
51776,0,0,0,0,0,0
51784,0,0,0,0,0,0
51789,0,0,0,0,0,0
51794,0,0,0,0,0,0
51808,0,0,0,0,0,0
51828,0,0,0,0,0,0
51836,0,0,0,0,0,0
51852,0,0,0,0,0,0
51857,0,0,0,0,0,0
51865,0,0,0,0,0,0
51887,0,0,0,0,0,0
51892,0,0,0,0,0,0
51897,0,0,0,0,0,0
51901,0,0,0,0,0,0
51907,0,0,0,0,0,0
51916,0,0,0,0,0,0
51920,0,0,0,0,0,0
51940,0,0,0,0,0,0
51952,0,0,0,0,0,0
51962,0,0,0,0,0,0
51968,0,0,0,0,0,0
51973,0,0,0,0,0,0
51979,0,0,0,0,0,0
51984,0,0,0,0,0,0
51989,0,0,0,0,0,0
51994,0,0,0,0,0,0
51999,0,0,0,0,0,0
52009,0,0,0,0,0,0
52025,0,0,0,0,0,0
52034,0,0,0,0,0,0
52037,0,0,0,0,0,0
52044,0,0,0,0,0,0
52046,0,0,0,0,0,0
52063,0,0,0,0,0,0
52069,0,0,0,0,0,0
52081,0,0,0,0,0,0
52084,0,0,0,0,0,0
52098,0,0,0,0,0,0
52105,0,0,0,0,0,0
52112,0,0,0,0,0,0
52118,0,0,0,0,0,0
52123,0,0,0,0,0,0
52127,0,0,0,0,0,0
52133,0,0,0,0,0,0
52139,0,0,0,0,0,0
52145,0,0,0,0,0,0
52149,0,0,0,0,0,0
52153,0,0,0,0,0,0
52158,0,0,0,0,0,0
52163,0,0,0,0,0,0
52177,3,1,0,0,0,3
52180,0,0,0,0,0,0
52185,0,0,0,0,0,0
52191,0,0,0,0,0,0
52196,0,0,0,0,0,0
52201,0,0,0,0,0,0
52206,0,0,0,0,0,0
52211,0,0,0,0,0,0
52216,0,0,0,0,0,0
52221,0,0,0,0,0,0
52226,0,0,0,0,0,0
52231,0,0,0,0,0,0
52236,0,0,0,0,0,0
52241,0,0,0,0,0,0
52262,0,0,0,0,0,0
52270,0,0,0,1,1,0
52275,0,0,0,0,0,0
52287,0,0,0,0,0,0
52289,0,0,0,0,0,0
52296,0,0,0,0,0,0
52304,0,0,0,0,0,0
52312,0,0,0,0,0,0
52323,0,0,0,0,0,0
52336,0,0,0,0,0,0
52341,0,0,0,0,0,0
52346,0,0,0,0,0,0
52357,0,0,0,0,0,0
52367,0,0,0,0,0,0
52372,0,0,0,0,0,0
52377,0,0,0,0,0,0
52382,0,0,0,0,0,0
52387,0,0,0,0,0,0
52393,0,0,0,0,0,0
52396,0,0,0,0,0,0
52401,0,0,0,0,0,0
52406,0,0,0,0,0,0
52417,0,0,0,0,0,0
52427,0,0,0,0,0,0
52435,0,0,0,0,0,0
52446,0,0,0,0,0,0
52456,0,0,0,0,0,0
52461,0,0,0,0,0,0
52466,0,0,0,0,0,0
52472,0,0,0,0,0,0
52483,0,0,0,0,0,0
52491,0,0,0,2,2,0
52498,0,1,0,1,4,0
52503,0,0,0,4,3,0
52507,0,0,0,1,3,0
52511,0,0,0,2,2,0
52518,0,0,0,0,0,0
52523,0,0,0,0,0,0
52527,0,0,0,1,0,0
52531,0,0,0,0,0,0
52536,0,0,0,0,1,0
52543,0,0,0,0,0,0
52548,8,0,0,0,0,6
52551,3,0,0,0,0,3
52558,0,0,0,0,0,0
52564,0,0,0,0,0,0
52568,0,0,0,0,0,0
52573,0,0,0,0,0,0
52579,0,0,0,0,0,0
52584,0,0,0,0,0,0
52589,0,0,0,0,0,0
52594,0,0,0,1,0,0
52599,0,0,0,0,0,0
52603,0,0,0,0,0,0
52608,0,0,0,0,0,0
52612,0,0,0,0,0,0
52616,0,0,0,0,0,0
52623,0,0,0,0,0,0
52628,0,0,0,0,0,0
52633,0,0,0,0,0,0
52638,0,2,0,0,0,2
52643,0,0,0,0,0,0
52655,0,0,0,0,0,0
52665,0,0,0,0,0,0
52675,0,0,0,0,0,0
52680,0,0,0,0,0,0
52685,0,0,0,0,0,0
52690,0,0,0,0,0,0
52700,0,0,0,0,0,0
52705,0,0,0,0,0,0
52710,0,1,0,0,0,0
52715,0,0,0,0,0,0
52720,0,0,0,0,0,0
52725,0,0,0,0,0,0
52730,0,0,0,0,0,0
52735,0,0,0,0,2,0
52737,0,0,0,4,4,0
52742,0,0,0,0,3,0
52749,0,4,0,1,2,0
52754,0,0,0,1,2,0
52760,0,0,0,0,0,0
52765,0,0,0,0,1,0
52769,0,0,0,1,1,0
52775,0,0,0,0,1,0
52780,0,0,0,1,0,0
52785,3,0,0,0,0,3
52790,0,0,0,0,0,0
52795,0,0,0,0,0,0
52800,10,0,0,0,0,6
52804,0,0,0,0,0,0
52810,0,0,0,0,0,0
52815,0,0,0,0,0,0
52820,0,0,0,0,1,0
52825,0,0,0,0,0,0
52830,0,0,0,0,0,0
52835,0,0,0,0,0,0
52840,0,0,0,0,0,0
52845,0,0,0,0,0,0
52850,0,0,0,0,0,0
52855,0,0,0,0,0,0
52861,0,0,0,0,0,0
52865,0,0,0,0,0,0
52870,0,0,0,0,0,0
52873,0,0,0,0,0,0
52878,0,0,0,0,0,0
52882,0,0,0,0,0,0
52887,0,0,0,0,0,0
52898,0,0,0,0,0,0
52908,0,0,0,0,0,0
52918,0,0,0,0,0,0
52923,0,0,0,0,0,0
52928,0,0,0,0,0,0
52933,0,0,0,0,0,0
52937,0,0,0,0,0,0
52942,0,0,0,0,0,0
52946,0,0,0,0,0,0
52951,0,0,0,0,0,0
52961,0,0,0,0,0,0
52966,0,0,0,0,0,0
52970,0,0,0,0,0,0
52987,0,0,0,1,3,0
52992,3,3,0,2,2,3
52997,0,0,0,1,3,0
53003,0,0,0,1,1,0
53008,0,0,0,3,0,0
53013,3,0,0,2,2,1
53018,0,0,0,0,0,0
53023,0,0,0,1,1,0
53028,3,0,0,0,0,3
53034,13,0,0,0,0,7
53044,0,0,0,0,0,0
53049,4,0,0,0,0,2
53055,0,0,0,0,0,0
53060,0,0,0,0,0,0
53065,0,0,0,1,1,0
53070,0,0,0,1,1,0
53075,0,0,0,1,2,0
53080,0,0,0,0,1,0
53085,0,0,0,0,0,0
53090,0,0,0,0,0,0
53095,0,0,0,0,0,0
53100,0,0,0,0,0,0
53105,0,0,0,0,0,0
53110,0,0,0,0,0,0
53114,0,0,0,0,0,0
53120,0,0,0,0,0,0
53126,0,0,0,0,0,0
53131,0,0,0,0,0,0
53416,0,0,0,0,0,0
53425,0,0,0,0,0,0
53433,0,0,0,0,0,0
53441,0,0,0,0,0,0
53449,0,0,0,0,0,0
53458,0,0,0,0,0,0
53466,0,0,0,2,0,0
53475,0,0,0,1,1,0
53483,0,0,0,1,2,0
53492,0,0,0,0,0,0
53500,0,0,0,1,1,0
53508,0,0,0,0,0,0
53515,0,0,0,0,0,0
53524,0,0,0,0,0,0
53536,0,0,0,0,0,0
53542,0,0,0,0,0,0
53551,0,0,0,0,0,0
53561,0,0,0,0,0,0
53568,0,0,0,0,0,0
53575,0,0,0,0,0,0
53583,0,0,0,0,0,0
53591,0,0,0,0,0,0
53599,0,0,0,0,0,0
53606,0,0,0,0,0,0
53617,0,0,0,0,0,0
53622,0,0,0,0,0,0
53630,0,0,0,0,0,0
53638,0,0,0,0,0,0
53646,0,0,0,0,0,0
53655,0,0,0,0,0,0
53663,0,0,0,0,0,0
53671,0,0,0,0,0,0
53678,0,0,0,0,0,0
53682,0,0,1,0,0,0
53691,0,1,0,0,0,0
53699,0,0,0,0,0,0
53707,0,0,0,2,3,0
53715,0,0,0,1,3,0
53728,0,0,0,2,2,0
53736,0,1,0,2,2,0
53743,0,0,0,2,2,0
53751,0,0,0,2,2,0
53757,0,0,0,0,0,0
53765,0,0,0,1,0,0
53773,0,0,0,1,0,0
53781,1,6,0,0,0,6
53788,0,0,0,0,1,0
53795,0,0,0,0,0,0
53802,0,0,0,0,0,0
53813,0,0,0,0,0,0
53822,0,0,0,0,0,0
53829,0,0,0,0,0,0
53838,0,0,0,0,0,0
53846,0,0,0,0,0,0
53854,0,0,0,0,0,0
53862,0,1,0,0,0,0
53870,0,0,0,0,0,0
53878,0,0,0,0,0,0
53886,0,0,0,0,0,0
53893,0,0,0,0,0,0
53903,0,0,0,0,0,0
53910,0,0,0,0,0,0
53918,0,0,0,0,0,0
53925,0,0,0,0,0,0
53932,0,0,0,0,0,0
53940,0,0,0,0,0,0
53947,0,0,0,0,0,0
53955,0,0,0,0,0,0
53968,0,0,0,0,0,0
53973,0,0,0,0,0,0
53985,0,0,0,0,0,0
53990,0,0,0,0,0,0
53999,0,0,0,0,0,0
54015,0,0,0,0,0,0
54023,0,0,0,0,0,0
54031,0,0,0,0,0,0
54040,0,0,0,0,0,0
54046,0,0,0,0,0,0
54053,0,0,0,0,0,0
54064,0,0,0,0,0,0
54071,0,0,0,0,0,0
54085,0,0,0,0,0,0
54091,0,0,0,0,0,0
54100,0,0,0,0,0,0
54110,0,0,0,0,0,0
54116,0,0,0,0,0,0
54125,0,0,0,0,0,0
54136,0,0,0,0,0,0
54144,0,0,0,0,0,0
54151,0,0,0,0,0,0
54159,0,0,0,0,0,0
54167,0,0,0,0,0,0
54175,0,0,0,0,0,0
54184,0,0,0,0,0,0
54192,0,0,0,0,0,0
54201,0,0,0,0,0,0
54216,0,0,0,0,0,0
54223,0,0,0,0,0,0
54231,0,0,0,0,0,0
54240,0,0,0,0,0,0
54249,0,0,0,0,0,0
54257,0,0,0,0,0,0
54267,0,0,0,0,0,0
54274,0,0,0,0,0,0
54280,0,0,0,0,0,0
54289,0,0,0,0,0,0
54296,0,0,0,0,0,0
54306,0,0,0,0,0,0
54312,0,0,0,0,0,0
54321,0,0,0,0,0,0
54332,0,0,0,0,0,0
54338,0,0,0,0,0,0
54346,0,0,0,0,0,0
54354,0,0,0,0,0,0
54362,0,0,0,0,0,0
54370,0,0,0,0,0,0
54378,0,0,0,0,0,0
54385,0,0,0,0,0,0
54392,0,0,0,0,0,0
54400,0,0,0,0,0,0
54408,0,0,0,0,0,0
54416,0,0,0,0,0,0
54423,0,0,0,0,0,0
54430,0,0,0,0,0,0
54446,0,0,0,0,0,0
54454,0,0,0,0,1,0
54462,0,0,0,0,0,0
54468,0,0,0,0,0,0
54477,0,0,0,0,0,0
54485,0,0,0,0,0,0
54493,0,0,1,0,0,0
54509,0,0,0,0,0,0
54517,0,0,0,0,0,0
54525,0,0,0,0,0,0
54533,0,0,0,0,0,0
54541,0,0,0,0,0,0
54549,0,0,0,0,0,0
54556,0,0,0,0,0,0
54564,0,0,0,0,0,0
54574,0,0,0,0,0,0
54581,0,0,0,0,0,0
54589,0,0,0,0,0,0
54596,0,0,0,0,0,0
54604,0,0,0,0,0,0
54612,0,0,0,0,0,0
54636,0,0,0,0,0,0
54644,0,0,0,0,0,0
54652,0,0,0,0,0,0
54660,0,0,0,0,0,0
54668,0,0,0,0,0,0
54692,0,0,0,1,1,0
54701,0,0,0,2,1,0
54710,0,0,0,0,0,0
54714,0,0,0,0,0,0
54724,0,0,0,0,0,0
54734,0,0,0,0,0,0
54742,0,0,0,0,0,0
54754,0,0,0,0,0,0
54760,0,0,0,0,0,0
54767,0,0,0,0,0,0
54777,0,0,0,0,0,0
54784,0,0,0,0,0,0
54795,0,0,0,0,0,0
54800,0,0,0,0,0,0
54808,0,0,0,0,0,0
54816,0,0,0,0,0,0
54823,0,0,0,0,0,0
54829,0,0,0,0,0,0
54836,0,0,0,0,0,0
54844,0,0,0,0,0,0
54852,0,0,0,0,0,0
54860,0,0,0,0,0,0
54868,0,0,0,0,0,0
54878,0,0,0,0,0,0
