0,0,0,0,0,0,0
1,0,0,0,0,0,0
2,0,0,0,0,0,0
3,0,0,0,0,0,0
4,0,0,0,0,0,0
5,0,0,0,0,0,0
6,0,0,0,0,0,0
7,0,0,0,0,0,0
8,0,0,0,0,0,0
9,0,0,0,0,0,0
10,0,0,0,0,0,0
11,0,0,0,0,0,0
12,0,0,0,0,0,0
14,0,0,0,0,0,0
16,0,0,0,0,0,0
19,0,0,0,0,0,0
26,0,0,0,0,0,0
33,0,2,0,0,0,0
40,0,0,0,0,0,0
46,0,0,0,0,0,0
58,0,0,0,0,0,0
62,0,0,0,0,0,0
70,0,1,0,0,0,1
77,0,0,0,0,0,0
87,0,0,0,0,0,0
93,0,0,0,0,0,0
102,0,0,0,0,0,0
109,0,0,0,0,0,0
118,0,0,0,0,0,0
124,0,0,0,0,0,0
131,0,0,0,0,0,0
139,0,0,0,0,0,0
147,0,0,0,0,0,0
155,0,0,0,0,0,0
173,0,0,0,0,0,0
182,0,0,0,0,0,0
190,0,0,0,0,0,0
198,0,0,0,0,0,0
205,0,0,0,0,0,0
213,0,0,1,0,0,0
221,0,0,0,0,0,0
229,0,0,0,0,0,0
238,0,0,0,0,0,0
246,0,0,0,0,0,0
253,0,0,0,0,0,0
264,0,0,0,0,0,0
269,0,0,0,0,0,0
277,0,0,0,0,0,0
285,0,2,0,0,0,0
294,0,5,0,0,0,5
302,0,0,0,0,0,0
310,0,0,0,0,0,0
318,0,0,0,0,0,0
323,0,0,0,0,0,0
347,0,0,0,0,0,0
355,0,0,0,0,0,0
363,0,0,0,0,0,0
372,0,0,0,0,0,0
381,0,0,0,0,0,0
391,0,0,0,0,0,0
398,0,0,0,0,0,0
415,0,0,0,0,0,0
445,0,0,0,0,0,0
452,0,0,0,0,0,0
459,0,0,0,0,0,0
473,0,0,0,0,0,0
481,0,0,0,0,0,0
489,0,0,0,0,0,0
496,0,0,0,0,0,0
505,0,0,0,0,0,0
514,0,0,0,0,0,0
524,0,0,0,0,0,0
535,0,0,0,0,0,0
542,0,0,0,0,0,0
551,0,0,0,0,0,0
560,0,0,0,0,0,0
570,0,0,0,0,0,0
579,0,0,0,0,0,0
587,0,0,0,0,0,0
595,0,0,0,0,0,0
603,0,0,0,0,0,0
611,0,0,0,0,0,0
619,0,0,0,0,0,0
634,0,0,0,0,0,0
642,0,0,0,0,0,0
657,0,0,0,0,0,0
688,0,0,0,0,0,0
697,0,0,0,0,0,0
706,0,0,0,0,0,0
714,0,0,0,0,0,0
723,0,0,0,0,0,0
731,0,0,0,0,0,0
739,0,0,0,0,0,0
747,0,0,0,0,0,0
755,0,0,0,0,0,0
764,0,0,0,0,0,0
771,0,0,2,0,0,0
780,0,1,1,0,0,0
788,0,0,0,0,0,0
796,0,0,0,0,0,0
804,0,0,0,0,0,0
809,0,0,0,0,0,0
832,0,0,0,0,0,0
840,0,0,0,0,0,0
848,0,0,0,0,0,0
856,0,0,0,0,0,0
864,0,0,0,0,0,0
873,0,0,0,0,0,0
881,0,0,0,0,0,0
889,0,0,0,0,0,0
896,0,0,0,0,0,0
905,0,0,0,0,0,0
913,0,0,0,0,0,0
921,0,0,0,0,0,0
929,0,0,0,0,0,0
936,0,0,0,0,0,0
944,0,0,0,0,0,0
953,0,0,0,0,0,0
962,0,0,0,0,0,0
970,0,0,0,0,0,0
984,0,0,0,0,0,0
992,0,0,0,0,0,0
1003,0,0,0,0,0,0
1011,0,0,0,0,0,0
1018,0,0,0,0,0,0
1027,0,0,0,0,0,0
1036,0,0,0,0,0,0
1044,0,0,0,0,0,0
1052,0,0,0,0,0,0
1067,0,0,0,0,0,0
1082,0,0,0,0,0,0
1090,0,0,0,0,0,0
1100,0,0,0,0,0,0
1108,0,0,0,0,0,0
1155,0,0,0,0,0,0
1184,0,0,0,0,0,0
1193,0,0,0,0,0,0
1200,0,0,0,0,0,0
1209,0,0,0,0,0,0
1217,0,0,0,0,0,0
1238,0,0,0,0,0,0
1247,0,0,0,0,0,0
1254,0,0,0,0,0,0
1262,0,0,0,0,0,0
1270,0,0,0,0,0,0
1279,0,0,0,0,0,0
1287,0,0,0,0,0,0
1295,0,0,0,0,0,0
1317,0,0,0,0,0,0
1336,0,0,0,0,0,0
1344,0,0,0,0,0,0
1352,0,0,0,0,0,0
1376,0,0,0,0,0,0
1396,0,0,0,0,0,0
1404,0,0,0,0,0,0
1444,0,0,0,0,0,0
1452,0,0,0,0,0,0
1503,0,0,0,0,0,0
1607,0,0,0,0,0,0
1621,0,0,0,0,0,0
1658,0,0,0,0,0,0
1676,0,0,0,0,0,0
1684,0,0,0,0,0,0
1755,0,0,0,0,0,0
1827,0,0,0,0,0,0
1845,0,0,0,0,0,0
1855,0,0,0,0,0,0
1872,0,0,0,0,0,0
1891,0,0,0,0,0,0
1908,0,0,0,0,0,0
1917,0,0,0,0,0,0
1928,0,0,0,0,0,0
1989,0,0,0,0,0,0
2190,0,0,0,0,0,0
2196,0,0,0,0,0,0
2209,0,0,0,0,0,0
2213,0,0,0,0,0,0
2221,0,0,0,0,0,0
2229,0,0,0,0,0,0
2237,0,0,0,0,0,0
2244,0,0,0,0,0,0
2250,0,0,0,0,0,0
2259,0,0,0,0,0,0
2269,0,0,0,0,0,0
2279,0,0,0,0,0,0
2288,0,0,0,0,0,0
2298,0,0,0,0,0,0
2304,0,0,0,0,0,0
2312,0,0,0,0,0,0
2320,0,0,0,0,0,0
2328,0,0,0,0,0,0
2336,0,0,0,0,0,0
2343,0,0,0,0,0,0
2358,0,0,0,0,0,0
2366,0,0,0,0,0,0
2374,0,0,0,0,0,0
2382,0,0,0,0,0,0
2390,0,0,0,0,0,0
2398,0,0,0,0,0,0
2406,0,0,0,0,0,0
2414,0,0,0,0,0,0
2422,0,0,0,0,0,0
2431,0,0,0,0,0,0
2439,0,0,0,0,0,0
2450,0,0,0,0,0,0
2460,0,0,0,0,0,0
2467,0,0,0,0,0,0
2475,0,0,0,0,0,0
2486,0,0,0,0,0,0
2495,0,0,0,0,0,0
2506,0,0,0,0,0,0
2513,0,0,0,0,0,0
2522,0,0,0,0,0,0
2532,0,0,0,0,0,0
2541,0,0,0,0,0,0
2547,0,0,0,0,0,0
2555,0,0,0,0,0,0
2564,0,0,0,0,0,0
2572,0,0,0,0,0,0
2581,0,0,0,0,0,0
2589,0,0,0,0,0,0
2611,0,0,0,0,0,0
2619,0,0,0,0,0,0
2650,0,0,0,0,0,0
2659,0,0,0,0,0,0
2667,0,0,0,0,0,0
2675,0,0,0,0,0,0
2683,0,0,0,0,0,0
2690,0,0,0,0,0,0
2698,0,0,0,0,0,0
2706,0,0,0,0,0,0
2714,0,0,0,0,0,0
2723,0,0,0,0,0,0
2729,0,0,0,0,0,0
2738,0,0,0,0,0,0
2747,0,0,0,0,0,0
2756,0,0,0,0,0,0
2768,0,0,0,0,0,0
2775,0,0,0,0,0,0
2783,0,0,0,0,0,0
2791,0,0,0,0,0,0
2799,0,0,0,0,0,0
2807,0,0,0,0,0,0
2831,0,0,0,0,0,0
2845,0,0,0,0,0,0
2881,0,0,0,0,0,0
2900,0,0,0,0,0,0
2907,0,0,0,0,0,0
2921,0,0,0,0,0,0
2928,0,0,0,0,0,0
2933,0,0,0,0,0,0
2942,0,0,0,0,0,0
2948,0,0,0,0,0,0
2953,0,0,0,0,0,0
2963,0,0,0,0,0,0
2971,0,0,0,0,0,0
2980,0,0,0,0,0,0
2990,0,0,0,0,0,0
2999,0,0,0,0,0,0
3008,0,0,0,0,0,0
3028,0,0,0,0,0,0
3035,0,0,0,0,0,0
3041,0,0,0,0,0,0
3048,0,0,0,0,0,0
3055,0,0,0,0,0,0
3062,0,0,0,0,0,0
3069,0,0,0,0,0,0
3076,0,0,0,0,0,0
3097,0,0,0,0,0,0
3118,0,0,0,0,0,0
3125,0,0,0,0,0,0
3132,0,0,0,0,0,0
3139,0,0,0,0,0,0
3146,0,0,0,0,0,0
3153,0,0,0,0,0,0
3160,0,0,0,0,0,0
3171,0,0,0,0,0,0
3190,0,0,0,0,0,0
3197,0,0,0,0,0,0
3205,0,0,0,0,0,0
3214,0,0,0,0,0,0
3221,0,0,0,0,0,0
3227,0,0,0,0,0,0
3234,0,0,0,0,0,0
3238,0,0,0,0,0,0
3262,0,0,0,0,0,0
3270,0,0,0,0,0,0
3278,0,0,0,0,0,0
3289,0,0,0,0,0,0
3298,0,0,0,0,0,0
3306,0,0,0,0,0,0
3312,0,0,0,0,0,0
3340,0,0,0,0,0,0
3358,0,0,0,0,0,0
3370,0,0,0,0,0,0
3375,0,0,0,0,0,0
3387,0,0,0,0,0,0
3394,0,0,0,0,0,0
3413,0,0,0,0,0,0
3425,0,0,0,0,0,0
3431,0,0,0,0,0,0
3440,0,0,0,0,0,0
3447,0,0,0,0,0,0
3461,0,0,0,0,0,0
3468,0,0,0,0,0,0
3477,0,0,0,0,0,0
3482,0,0,0,0,0,0
3494,0,0,0,0,0,0
3512,0,0,0,0,0,0
3529,0,0,0,0,0,0
3541,0,0,0,0,0,0
3547,0,0,0,0,0,0
3558,0,0,0,0,0,0
3564,0,0,0,0,0,0
3592,0,0,0,0,0,0
3618,0,0,0,0,0,0
3636,0,0,0,0,0,0
3690,0,0,0,0,0,0
3708,0,0,0,0,0,0
3737,0,0,0,0,0,0
3754,0,0,0,0,0,0
3772,0,0,0,0,0,0
3817,0,0,0,0,0,0
3852,0,0,0,0,0,0
3861,0,0,0,0,0,0
3873,0,0,0,0,0,0
3879,0,0,0,0,0,0
3951,0,0,0,0,0,0
4006,0,0,0,0,0,0
4015,0,0,0,0,0,0
4051,0,0,0,0,0,0
4068,0,0,0,0,0,0
4114,0,0,0,0,0,0
4338,0,0,0,0,0,0
4356,0,0,0,0,0,0
4374,0,0,0,0,0,0
4389,0,0,0,0,0,0
4394,0,0,0,0,0,0
4399,0,0,0,0,0,0
4405,0,0,0,0,0,0
4410,0,0,0,0,0,0
4418,0,0,0,0,0,0
4424,0,0,0,0,0,0
4430,0,0,0,0,0,0
4442,0,0,0,0,0,0
4454,0,0,0,0,0,0
4468,0,0,0,0,0,0
4473,0,0,0,0,0,0
4478,0,0,0,0,0,0
4486,0,0,0,0,0,0
4489,0,0,0,0,0,0
4496,0,0,0,0,0,0
4502,0,0,0,0,0,0
4510,0,0,0,0,0,0
4516,0,0,0,0,0,0
4524,0,0,0,0,0,0
4530,0,0,0,0,0,0
4536,0,0,0,0,0,0
4544,0,0,0,0,0,0
4550,0,0,0,0,0,0
4556,0,0,0,0,0,0
4560,0,0,0,0,0,0
4566,0,0,0,0,0,0
4574,0,0,0,0,0,0
4580,0,0,0,0,0,0
4586,0,0,0,0,0,0
4592,0,0,0,0,0,0
4599,0,0,0,0,0,0
4606,0,0,0,0,0,0
4612,0,0,0,0,0,0
4618,0,0,0,0,0,0
4633,0,0,0,0,0,0
4639,0,0,0,0,0,0
4645,0,0,0,0,0,0
4650,0,0,0,0,0,0
4657,0,0,0,0,0,0
4662,0,0,0,0,0,0
4669,0,0,0,0,0,0
4674,0,0,0,0,0,0
4679,0,0,0,0,0,0
4685,0,0,0,0,0,0
4690,0,0,0,0,0,0
4696,0,0,0,0,0,0
4702,0,0,0,0,0,0
4708,0,0,0,0,0,0
4714,0,0,0,0,0,0
4720,0,0,0,0,0,0
4726,0,0,0,0,0,0
4732,0,0,0,0,0,0
4738,0,0,0,0,0,0
4744,0,0,0,0,0,0
4749,0,0,0,0,0,0
4755,0,0,0,0,0,0
4761,0,0,0,0,0,0
4767,0,0,0,0,0,0
4774,0,0,0,0,0,0
4791,0,0,0,0,0,0
4802,0,0,0,0,0,0
4808,0,0,0,0,0,0
4814,0,0,0,0,0,0
4820,0,0,0,0,0,0
4826,0,0,0,0,0,0
4832,0,0,0,0,0,0
4838,0,0,0,0,0,0
4844,0,0,0,0,0,0
4850,0,0,0,0,0,0
4856,0,0,0,0,0,0
4866,0,0,0,0,0,0
4873,0,0,0,0,0,0
4879,0,0,0,0,0,0
4884,0,0,0,0,0,0
4891,0,0,0,0,0,0
4902,0,0,0,0,0,0
4908,0,0,0,0,0,0
4918,0,0,0,0,0,0
4924,0,0,0,0,0,0
4930,0,0,0,0,0,0
4936,0,0,0,0,0,0
4943,0,0,0,0,0,0
4955,0,0,0,0,0,0
4961,0,0,0,0,0,0
4967,0,0,0,0,0,0
4972,0,0,0,0,0,0
4977,0,0,0,0,0,0
4983,0,0,0,0,0,0
4988,0,0,0,0,0,0
4996,0,0,0,0,0,0
5002,0,0,0,0,0,0
5008,0,0,0,0,0,0
5014,0,0,0,0,0,0
5020,0,0,0,0,0,0
5026,0,0,0,0,0,0
5045,0,0,0,0,0,0
5051,0,0,0,0,0,0
5053,0,0,0,0,0,0
5059,0,0,0,0,0,0
5063,0,0,0,0,0,0
5070,0,0,0,0,0,0
5078,0,0,0,0,0,0
5087,0,0,0,0,0,0
5092,0,0,0,0,0,0
5095,0,0,0,0,0,0
5100,0,0,0,0,0,0
5102,0,0,0,0,0,0
5107,0,0,0,0,0,0
5111,0,0,0,0,0,0
5115,0,0,0,0,0,0
5119,0,0,0,0,0,0
5125,0,0,0,0,0,0
5130,0,0,0,0,0,0
5133,0,0,0,0,0,0
5137,0,0,0,0,0,0
5145,0,0,0,0,0,0
5148,0,0,0,0,0,0
5153,0,0,0,0,0,0
5162,0,0,0,0,0,0
5171,0,0,0,0,0,0
5181,0,0,0,0,0,0
5184,0,0,0,0,0,0
5188,0,0,0,0,0,0
5192,0,0,0,0,0,0
5195,0,0,0,0,0,0
5199,0,0,0,0,0,0
5203,0,0,0,0,0,0
5209,0,0,0,0,0,0
5212,0,0,0,0,0,0
5216,0,0,0,0,0,0
5220,0,0,0,0,0,0
5224,0,0,0,0,0,0
5228,0,0,0,0,0,0
5231,0,0,0,0,0,0
5236,0,0,0,0,0,0
5239,0,0,0,0,0,0
5243,0,0,0,0,0,0
5247,0,0,0,0,0,0
5251,0,0,0,0,0,0
5255,0,0,0,0,0,0
5259,0,0,0,0,0,0
5265,0,0,0,0,0,0
5274,0,0,0,0,0,0
5281,0,0,0,0,0,0
5285,0,0,0,0,0,0
5290,0,0,0,0,0,0
5294,0,0,0,0,0,0
5298,0,0,0,0,0,0
5302,0,0,0,0,0,0
5306,0,0,0,0,0,0
5309,0,0,0,0,0,0
5313,0,0,0,0,0,0
5316,0,0,0,0,0,0
5319,0,0,0,0,0,0
5323,0,0,0,0,0,0
5328,0,0,0,0,0,0
5332,0,0,0,0,0,0
5336,0,0,0,0,0,0
5340,0,0,0,0,0,0
5343,0,0,0,0,0,0
5347,0,0,0,0,0,0
5353,0,0,0,0,0,0
5359,0,0,0,0,0,0
5363,0,0,0,0,0,0
5370,0,0,0,0,0,0
5378,0,0,0,0,0,0
5382,0,0,0,0,0,0
5387,0,0,0,0,0,0
5391,0,0,0,0,0,0
5396,0,0,0,0,0,0
5404,0,0,0,0,0,0
5409,0,0,0,0,0,0
5413,0,0,0,0,0,0
5418,0,0,0,0,0,0
5423,0,0,0,0,0,0
5429,0,0,0,0,0,0
5437,0,0,0,0,0,0
5441,0,0,0,0,0,0
5445,0,0,0,0,0,0
5449,0,0,0,0,0,0
5453,0,0,0,0,0,0
5457,0,0,0,0,0,0
5461,0,0,0,0,0,0
5465,0,0,0,0,0,0
5470,0,0,0,0,0,0
5474,0,0,0,0,0,0
5478,0,0,0,0,0,0
5482,0,0,0,0,0,0
5487,0,0,0,0,0,0
5492,0,0,0,0,0,0
5497,0,0,0,0,0,0
5501,0,0,0,0,0,0
5505,0,0,0,0,0,0
5509,0,0,0,0,0,0
5512,0,0,0,0,0,0
5520,0,0,0,0,0,0
5528,0,0,0,0,0,0
5536,0,0,0,0,0,0
5540,0,0,0,0,0,0
5544,0,0,0,0,0,0
5548,0,0,0,0,0,0
5556,0,0,0,0,0,0
5560,0,0,0,0,0,0
5563,0,0,0,0,0,0
5568,0,0,0,0,0,0
5572,0,0,0,0,0,0
5576,0,0,0,0,0,0
5580,0,0,0,0,0,0
5584,0,0,0,0,0,0
5589,0,0,0,0,0,0
5598,0,0,0,0,0,0
5603,0,0,0,0,0,0
5606,0,0,0,0,0,0
5610,0,0,0,0,0,0
5614,0,0,0,0,0,0
5622,0,0,0,0,0,0
5630,0,0,0,0,0,0
5635,0,0,0,0,0,0
5640,0,0,0,0,0,0
5643,0,0,0,0,0,0
5647,0,0,0,0,0,0
5654,0,0,0,0,0,0
5659,0,0,0,0,0,0
5665,0,0,0,0,0,0
5670,0,0,0,0,0,0
5674,0,0,0,0,0,0
5682,0,0,0,0,0,0
5690,0,0,0,0,0,0
5699,0,0,0,0,0,0
5706,0,0,0,0,0,0
5711,0,0,0,0,0,0
5715,0,0,0,0,0,0
5719,0,0,0,0,0,0
5724,0,0,0,0,0,0
5728,0,0,0,0,0,0
5736,0,0,0,0,0,0
5738,0,0,0,0,0,0
5742,0,0,0,0,0,0
5746,0,0,0,0,0,0
5750,0,0,0,0,0,0
5754,0,0,0,0,0,0
5761,0,0,0,0,0,0
5771,0,0,0,0,0,0
5778,0,0,0,0,0,0
5788,0,0,0,0,0,0
5792,0,0,0,0,0,0
5799,0,0,0,0,0,0
5807,0,0,0,0,0,0
5816,0,0,0,0,0,0
5825,0,0,0,0,0,0
5844,0,0,0,0,0,0
5854,0,0,0,0,0,0
5861,0,0,0,0,0,0
5870,0,0,0,0,0,0
5880,0,0,0,0,0,0
5884,0,0,0,2,0,0
5888,0,0,0,0,0,0
5899,0,0,0,0,0,0
5902,0,0,0,0,0,0
5906,0,0,0,0,0,0
5910,0,0,0,0,0,0
5914,0,0,0,0,0,0
5932,0,0,0,0,0,0
5942,0,0,0,0,0,0
5951,0,0,0,0,0,0
5960,0,0,0,0,0,0
5970,0,0,0,0,0,0
5978,0,0,0,0,0,0
5983,0,0,0,0,0,0
5987,0,0,0,0,0,0
5990,0,0,0,0,0,0
5994,0,0,0,0,0,0
6003,0,0,0,0,0,0
6007,0,0,0,0,0,0
6015,0,0,0,0,0,0
6024,0,0,0,0,0,0
6031,0,0,0,0,0,0
6035,0,0,0,0,0,0
6040,0,0,0,0,0,0
6044,0,0,0,0,0,0
6048,0,0,0,0,0,0
6052,0,0,0,0,0,0
6057,0,0,0,0,0,0
6061,0,0,0,0,0,0
6066,0,0,0,0,0,0
6070,0,0,0,0,0,0
6074,0,0,0,0,0,0
6078,0,0,0,0,0,0
6088,0,0,0,0,0,0
6096,0,0,0,0,0,0
6102,0,0,0,0,0,0
6106,0,0,0,0,0,0
6114,0,0,0,0,0,0
6124,0,0,0,0,0,0
6129,0,0,0,0,0,0
6133,0,0,0,0,0,0
6151,0,0,0,0,0,0
6159,0,0,0,0,0,0
6165,0,0,0,0,0,0
6176,0,0,0,0,0,0
6184,0,0,0,0,0,0
6187,0,0,0,0,0,0
6195,0,0,0,0,0,0
6204,0,0,0,0,0,0
6211,0,0,0,0,0,0
6220,0,0,0,0,0,0
6230,0,0,0,0,0,0
6247,0,0,0,0,0,0
6256,0,0,0,0,0,0
6264,0,0,0,0,0,0
6274,0,0,0,0,0,0
6285,0,0,0,0,0,0
6293,0,0,0,0,0,0
6301,0,0,0,0,0,0
6305,0,0,0,0,0,0
6309,0,0,0,0,0,0
6313,0,0,0,0,0,0
6330,0,0,0,0,0,0
6340,0,0,0,0,0,0
6348,0,0,0,0,0,0
6355,0,0,0,0,0,0
6365,0,0,0,0,0,0
6372,0,0,0,0,0,0
6383,0,0,0,0,0,0
6392,0,0,0,0,0,0
6418,0,0,0,0,0,0
6446,0,0,0,0,0,0
6455,0,0,0,0,0,0
6463,0,0,0,0,0,0
6471,0,0,0,0,0,0
6498,0,0,0,0,0,0
6507,0,0,0,0,0,0
6518,0,0,0,0,0,0
6526,0,0,0,0,0,0
6535,0,0,0,0,0,0
6554,0,0,0,0,0,0
6562,0,0,0,0,0,0
6568,0,0,0,0,0,0
6572,0,0,0,0,0,0
6577,0,0,0,0,0,0
6581,0,0,0,0,0,0
6586,0,0,0,0,0,0
6590,0,0,0,0,0,0
6594,0,1,0,0,0,0
6599,0,0,0,0,0,0
6604,0,0,0,0,0,0
6608,0,0,0,0,0,0
6613,0,0,0,0,0,0
6617,0,0,0,0,0,0
6624,0,0,0,0,0,0
6628,0,0,0,0,0,0
6632,0,0,0,0,0,0
6636,0,0,0,0,0,0
6639,5,3,0,0,0,6
6642,0,0,0,0,0,0
6646,0,0,0,0,0,0
6649,0,0,0,0,0,0
6653,0,0,0,0,0,0
6657,0,0,0,0,0,0
6661,0,0,0,0,0,0
6666,0,0,0,0,0,0
6671,0,0,0,0,0,0
6675,0,0,0,0,0,0
6679,0,0,0,0,0,0
6681,0,0,0,0,0,0
6686,0,0,0,0,0,0
6690,0,0,0,0,0,0
6694,0,0,0,0,0,0
6699,0,0,0,0,0,0
6702,0,2,0,0,0,0
6706,0,0,0,0,0,0
6709,0,0,0,0,0,0
6713,0,0,0,0,0,0
6717,0,0,0,0,0,0
6721,0,0,0,0,0,0
6724,0,0,0,0,0,0
6728,0,0,0,0,0,0
6732,0,0,0,0,0,0
6736,0,0,0,0,0,0
6740,0,0,0,0,0,0
6744,0,0,0,0,0,0
6749,0,0,0,0,0,0
6753,0,0,0,0,0,0
6757,0,0,0,0,0,0
6763,0,0,0,0,0,0
6767,0,0,0,0,0,0
6771,0,0,0,0,0,0
6775,0,0,0,0,0,0
6779,0,0,0,0,0,0
6783,0,1,1,0,0,0
6787,0,0,0,0,0,0
6791,0,0,0,0,0,0
6794,0,0,0,0,0,0
6798,0,0,0,0,0,0
6802,0,0,0,0,0,0
6807,0,0,0,0,0,0
6809,0,0,0,0,0,0
6815,0,0,0,0,0,0
6819,0,0,0,0,0,0
6822,0,0,0,0,0,0
6827,0,0,0,0,0,0
6831,0,0,0,0,0,0
6835,0,0,0,0,0,0
6839,0,0,0,0,0,0
6843,0,0,0,0,0,0
6846,0,3,0,0,0,3
6850,0,0,0,0,0,0
6855,1,7,0,0,0,7
6859,0,0,0,0,0,0
6864,1,8,0,0,0,7
6868,0,0,0,0,0,0
6872,0,0,0,0,0,0
6875,0,0,0,0,0,0
6879,0,0,0,0,0,0
6882,4,4,0,0,0,5
6887,0,0,0,0,0,0
6891,0,0,0,0,0,0
6895,0,0,0,0,0,0
6899,0,0,0,0,0,0
6903,0,0,0,0,0,0
6907,0,0,0,0,0,0
6911,0,0,0,0,0,0
6915,0,0,0,0,0,0
6919,0,0,0,0,0,0
6923,0,0,0,0,0,0
6926,0,0,0,0,0,0
6929,0,0,0,0,0,0
6933,0,0,0,0,0,0
6937,0,0,0,0,0,0
6941,0,0,0,0,0,0
6944,0,0,0,0,0,0
6947,0,0,0,0,0,0
6951,0,0,0,0,0,0
6955,0,0,0,0,0,0
6959,0,0,0,0,0,0
6964,0,0,0,0,0,0
6969,0,0,0,0,0,0
6978,0,0,0,0,0,0
6982,0,0,0,0,0,0
6985,0,0,0,0,0,0
6988,0,0,0,0,0,0
6992,0,0,0,0,0,0
6996,0,0,0,0,0,0
7000,0,0,0,0,0,0
7003,0,0,0,0,0,0
7007,0,0,0,0,0,0
7011,0,0,0,0,0,0
7015,0,0,0,0,0,0
7020,0,0,0,0,0,0
7023,0,0,0,0,0,0
7027,0,0,0,0,0,0
7031,0,0,0,0,0,0
7033,0,0,0,0,0,0
7036,0,0,0,0,0,0
7040,0,0,0,0,0,0
7044,0,2,0,0,0,0
7048,0,0,0,0,0,0
7054,0,0,0,0,0,0
7058,0,0,0,0,0,0
7063,0,0,0,0,0,0
7068,0,0,0,0,0,0
7072,0,0,0,0,1,0
7076,0,0,0,0,0,0
7080,0,2,0,0,0,1
7083,0,0,0,0,0,0
7088,0,0,0,0,0,0
7092,0,0,0,0,0,0
7097,0,0,0,0,0,0
7101,0,0,0,0,0,0
7105,0,0,0,0,0,0
7109,0,0,0,0,0,0
7113,0,0,0,0,0,0
7116,4,5,0,0,0,8
7121,0,0,0,0,0,0
7125,5,4,0,0,0,6
7129,0,0,0,0,0,0
7133,0,0,0,0,0,0
7137,0,0,0,0,0,0
7141,0,0,0,0,0,0
7145,0,0,0,0,0,0
7148,0,0,0,0,0,0
7152,0,0,0,0,0,0
7156,0,0,0,0,0,0
7165,0,0,0,0,0,0
7169,0,0,0,0,0,0
7173,0,0,0,0,0,0
7176,0,0,0,0,0,0
7180,0,0,0,0,0,0
7184,0,0,0,0,0,0
7188,0,2,0,0,0,0
7192,0,0,0,0,0,0
7195,0,0,0,0,0,0
7197,0,2,0,0,0,0
7201,0,0,0,0,0,0
7205,0,0,0,0,0,0
7213,0,0,0,0,0,0
7221,0,0,0,0,0,0
7231,0,0,0,0,0,0
7235,0,0,0,0,0,0
7239,0,0,0,0,0,0
7246,0,0,0,0,0,0
7250,0,0,0,0,0,0
7253,0,0,0,0,0,0
7257,0,0,0,0,0,0
7261,0,0,0,0,0,0
7265,0,0,0,0,0,0
7273,0,0,0,0,0,0
7277,0,0,0,0,0,0
7280,0,0,0,0,0,0
7284,0,0,0,0,0,0
7288,0,0,0,0,0,0
7293,0,0,0,0,0,0
7297,0,0,0,0,0,0
7300,0,0,0,0,0,0
7304,0,0,0,0,0,0
7307,0,0,0,0,0,0
7312,0,0,0,0,0,0
7316,0,0,0,0,0,0
7320,0,0,0,0,0,0
7325,0,0,0,0,0,0
7329,0,0,0,0,0,0
7333,0,0,0,0,0,0
7339,0,0,0,0,0,0
7343,0,0,0,0,0,0
7348,0,0,0,0,0,0
7351,0,0,0,0,0,0
7354,0,0,0,0,0,0
7358,0,0,0,0,0,0
7363,0,0,0,0,0,0
7367,0,0,0,0,0,0
7371,0,0,0,0,0,0
7375,0,0,0,0,0,0
7379,0,0,0,0,0,0
7383,0,0,0,0,0,0
7387,0,0,0,0,0,0
7391,0,0,0,0,0,0
7396,0,0,0,0,0,0
7400,0,0,0,0,0,0
7404,0,0,0,0,0,0
7410,0,0,0,0,0,0
7415,0,0,0,0,0,0
7418,0,0,0,0,0,0
7422,0,0,1,0,0,0
7426,0,0,0,0,0,0
7428,0,0,0,0,0,0
7432,0,0,0,0,0,0
7435,0,0,0,0,0,0
7439,0,0,0,0,0,0
7443,0,0,0,0,0,0
7447,0,0,0,0,0,0
7451,0,0,0,0,0,0
7453,0,0,0,0,0,0
7457,0,0,0,0,0,0
7461,0,0,0,0,0,0
7466,0,0,0,0,0,0
7472,0,0,0,0,0,0
7477,0,0,0,0,0,0
7481,0,0,0,0,0,0
7486,0,0,0,0,0,0
7491,0,0,0,0,0,0
7495,0,0,0,0,0,0
7499,0,0,0,0,0,0
7503,0,0,0,0,0,0
7507,0,0,0,0,0,0
7511,0,0,0,0,0,0
7515,0,0,0,0,0,0
7519,0,0,0,0,0,0
7523,0,0,0,0,0,0
7527,0,0,0,0,0,0
7531,0,0,0,0,0,0
7537,0,0,0,0,0,0
7547,0,0,0,0,0,0
7551,0,0,0,0,0,0
7553,0,0,0,0,0,0
7556,0,0,0,0,0,0
7560,0,0,0,0,0,0
7566,0,0,2,0,0,0
7570,0,0,0,0,0,0
7574,0,0,0,0,0,0
7578,0,0,0,0,0,0
7582,0,0,0,0,0,0
7587,0,0,0,0,0,0
7592,0,0,0,0,0,0
7596,0,0,0,0,0,0
7602,0,2,1,0,0,0
7606,0,0,0,0,0,0
7612,0,0,0,0,0,0
7616,0,0,0,0,0,0
7624,0,0,0,0,0,0
7627,0,0,0,0,0,0
7635,0,0,0,0,0,0
7639,0,0,0,0,0,0
7643,0,0,0,0,0,0
7646,0,0,0,0,0,0
7650,0,0,0,0,0,0
7653,0,0,0,0,0,0
7658,0,0,0,0,0,0
7662,0,0,0,0,0,0
7665,0,0,2,0,0,0
7669,0,0,0,0,0,0
7673,0,0,0,0,0,0
7677,0,0,0,0,0,0
7681,0,0,0,0,0,0
7685,0,0,0,0,0,0
7689,0,0,0,0,0,0
7691,0,0,0,0,0,0
7694,0,0,0,0,0,0
7698,0,0,0,0,0,0
7706,0,0,0,0,0,0
7713,0,0,0,0,0,0
7717,0,0,0,0,0,0
7722,0,0,0,0,0,0
7725,0,0,0,0,0,0
7733,0,0,0,0,0,0
7741,0,0,0,0,0,0
7750,0,0,0,0,0,0
7754,0,0,0,0,0,0
7758,0,0,0,0,0,0
7760,0,0,0,0,0,0
7765,0,0,0,0,0,0
7771,0,0,0,0,0,0
7775,0,0,0,0,0,0
7780,0,0,0,0,0,0
7788,0,0,0,0,0,0
7792,0,0,0,0,0,0
7795,0,0,0,0,0,0
7799,0,0,0,0,0,0
7803,0,0,0,0,0,0
7807,0,0,0,0,0,0
7811,0,0,0,0,0,0
7813,0,0,0,0,0,0
7818,0,1,1,0,0,0
7823,0,0,0,0,0,0
7826,0,0,0,0,0,0
7830,0,0,0,0,0,0
7834,0,0,0,0,0,0
7838,0,0,0,0,0,0
7841,0,0,0,0,0,0
7844,0,0,0,0,0,0
7848,0,0,0,0,0,0
7852,0,0,0,0,0,0
7856,0,0,0,0,0,0
7859,0,0,0,0,0,0
7868,0,0,0,0,0,0
7871,0,0,0,0,0,0
7876,0,0,0,0,0,0
7886,0,0,0,0,0,0
7894,0,0,0,0,0,0
7898,0,0,0,0,0,0
7902,0,0,0,0,0,0
7905,0,0,0,0,0,0
7909,0,0,0,0,0,0
7913,0,0,0,0,0,0
7916,0,0,0,0,0,0
7920,0,0,0,0,0,0
7924,0,0,0,0,0,0
7928,0,0,0,0,0,0
7931,0,0,0,0,0,0
7935,0,1,1,0,0,0
7949,0,0,0,0,0,0
7956,0,0,0,0,0,0
7960,0,0,0,0,0,0
7965,0,0,0,0,0,0
7970,0,0,0,0,0,0
7977,0,0,0,0,0,0
7985,0,0,0,0,0,0
7993,0,0,0,0,0,0
7997,0,0,0,0,0,0
8005,0,0,0,0,0,0
8014,0,0,0,0,0,0
8018,0,0,0,0,0,0
8064,0,0,0,0,0,0
8084,0,0,0,0,0,0
8092,0,0,0,0,0,0
8096,0,0,0,0,0,0
8100,0,0,0,0,0,0
8128,0,0,0,0,0,0
8138,0,0,0,0,0,0
8145,0,0,0,0,0,0
8149,0,0,0,0,0,0
8157,0,0,0,0,0,0
8163,0,0,0,0,0,0
8168,0,0,0,0,0,0
8175,0,0,0,0,0,0
8184,0,0,0,0,0,0
8192,0,0,0,0,0,0
8199,0,0,0,0,0,0
8203,0,0,0,0,0,0
8218,0,0,0,0,0,0
8220,0,0,0,0,0,0
8228,0,0,0,0,0,0
8236,0,0,0,0,0,0
8240,0,0,0,0,0,0
8244,0,0,0,0,0,0
8248,0,0,0,0,0,0
8257,0,0,0,0,0,0
8327,0,0,0,0,0,0
8335,0,0,0,0,0,0
8380,0,0,0,0,0,0
8388,0,0,0,0,0,0
8408,0,0,0,0,0,0
8416,0,0,0,0,0,0
8424,0,0,0,0,0,0
8451,0,0,0,0,0,0
8460,0,0,0,0,0,0
8469,0,0,0,0,0,0
8472,0,0,0,0,0,0
8478,0,0,0,0,0,0
8480,0,0,0,0,0,0
8489,0,0,0,0,0,0
8492,0,0,0,0,2,0
8498,0,0,0,0,0,0
8550,0,0,0,0,0,0
8721,0,0,0,0,0,0
8723,0,0,0,0,0,0
8748,0,0,0,0,0,0
8752,0,0,0,0,0,0
8755,0,0,0,0,0,0
8758,0,0,0,0,0,0
8761,0,0,0,0,0,0
8764,0,0,0,0,0,0
8767,0,0,0,0,0,0
8770,0,0,0,0,0,0
8773,0,0,0,0,0,0
8776,0,0,0,0,0,0
8779,0,0,0,0,0,0
8782,0,0,0,0,0,0
8785,0,0,0,0,0,0
8788,0,0,0,0,0,0
8791,0,0,0,0,0,0
8794,0,0,0,0,0,0
8797,0,0,0,0,0,0
8800,0,0,0,0,0,0
8803,0,0,0,0,0,0
8807,0,0,0,0,0,0
8810,0,0,0,0,0,0
8816,0,0,0,0,0,0
8819,0,0,0,0,0,0
8822,0,0,0,0,0,0
8824,0,0,0,0,0,0
8827,0,0,0,0,0,0
8830,0,0,0,0,0,0
8833,0,0,0,0,0,0
8836,0,0,0,0,0,0
8839,0,0,0,0,0,0
8842,0,0,0,0,0,0
8845,0,0,0,0,0,0
8848,0,0,0,0,0,0
8851,0,0,0,0,0,0
8854,0,0,0,0,0,0
8856,0,0,0,0,0,0
8859,0,0,0,0,0,0
8862,0,0,0,0,0,0
8865,0,0,0,0,0,0
8868,0,0,0,0,0,0
8871,0,0,0,0,0,0
8873,0,0,0,0,0,0
8876,0,0,0,0,0,0
8879,0,0,0,0,0,0
8882,0,0,0,0,0,0
8885,0,0,0,0,0,0
8888,0,0,0,0,0,0
8891,0,0,0,0,0,0
8893,0,0,0,0,0,0
8896,0,0,0,0,0,0
8899,0,0,0,0,0,0
8902,0,0,0,0,0,0
8905,0,0,0,0,0,0
8908,0,0,0,0,0,0
8911,0,0,0,0,0,0
8913,0,0,0,0,0,0
8916,0,0,0,0,0,0
8919,0,0,0,0,0,0
8923,0,0,0,0,0,0
8926,0,0,0,0,0,0
8929,0,0,0,0,0,0
8932,0,0,0,0,0,0
8935,0,0,0,0,0,0
8938,0,0,0,0,0,0
8941,0,0,0,0,0,0
8944,0,0,0,0,0,0
8947,0,0,0,0,0,0
8950,0,0,0,0,0,0
8953,0,0,0,0,0,0
8955,0,0,0,0,0,0
8958,0,0,0,0,0,0
8961,0,0,0,0,0,0
8964,0,0,0,0,0,0
8967,0,0,0,0,0,0
8970,0,0,0,0,0,0
8973,0,0,0,0,0,0
8976,0,0,0,0,0,0
8979,0,0,0,0,0,0
8982,0,0,0,0,0,0
8985,0,0,0,0,0,0
8988,0,0,0,0,0,0
8992,0,0,0,0,0,0
8994,0,0,0,0,0,0
8997,0,0,0,0,0,0
9000,0,0,0,0,0,0
9003,0,0,0,0,0,0
9005,0,0,0,0,0,0
9010,0,0,0,0,0,0
9012,0,0,0,0,0,0
9015,0,0,0,0,0,0
9019,0,0,0,0,0,0
9021,0,0,0,0,0,0
9024,0,0,0,0,0,0
9026,0,0,0,0,0,0
9029,0,0,0,0,0,0
9032,0,0,0,0,0,0
9035,0,0,0,0,0,0
9038,0,0,0,0,0,0
9041,0,0,0,0,0,0
9044,0,0,0,0,0,0
9047,0,0,0,0,0,0
9050,0,0,0,0,0,0
9053,0,0,0,0,0,0
9056,0,0,0,0,0,0
9059,0,0,0,0,0,0
9062,0,0,0,0,0,0
9068,0,0,0,0,0,0
9071,0,0,0,0,0,0
9074,0,0,0,0,0,0
9077,0,0,0,0,0,0
9080,0,0,0,0,0,0
9083,0,0,0,0,0,0
9086,0,0,0,0,0,0
9089,0,0,0,0,0,0
9092,0,0,0,0,0,0
9095,0,0,0,0,0,0
9098,0,0,0,0,0,0
9101,0,0,0,0,0,0
9105,0,0,0,0,0,0
9108,0,0,0,0,0,0
9111,0,0,0,0,0,0
9115,0,0,0,0,0,0
9118,0,0,0,0,0,0
9121,0,0,0,0,0,0
9124,0,0,0,0,0,0
9127,0,0,0,0,0,0
9130,0,0,0,0,0,0
9133,0,0,0,0,0,0
9136,0,0,0,0,0,0
9139,0,0,0,0,0,0
9142,0,0,0,0,0,0
9145,0,0,0,0,0,0
9150,0,0,0,0,0,0
9156,0,0,0,0,0,0
9165,0,0,0,0,0,0
9175,0,0,0,0,0,0
9181,0,0,0,0,0,0
9185,0,0,0,0,0,0
9191,0,0,0,0,0,0
9194,0,0,0,0,0,0
9197,0,0,0,0,0,0
9200,0,0,0,0,0,0
9203,0,0,0,0,0,0
9206,0,0,0,0,0,0
9209,0,0,0,0,0,0
9212,0,0,0,0,0,0
9215,0,0,0,0,0,0
9218,0,0,0,0,0,0
9221,0,0,0,0,0,0
9225,0,0,0,0,0,0
9227,0,0,0,0,0,0
9230,0,0,0,0,0,0
9233,0,0,0,0,0,0
9236,0,0,0,0,0,0
9239,0,0,0,0,0,0
9242,0,0,0,0,0,0
9245,0,0,0,0,0,0
9248,0,0,0,0,0,0
9251,0,0,0,0,0,0
9254,0,0,0,0,0,0
9257,0,0,0,0,0,0
9260,0,0,0,0,0,0
9263,0,0,0,0,0,0
9266,0,0,0,0,0,0
9269,0,0,0,0,0,0
9272,0,0,0,0,0,0
9275,0,0,0,0,0,0
9278,0,0,0,0,0,0
9284,0,0,0,0,0,0
9287,0,0,0,0,0,0
9290,0,0,0,0,0,0
9293,0,0,0,0,0,0
9296,0,0,0,0,0,0
9297,0,0,0,0,0,0
9302,0,0,0,0,0,0
9304,0,0,0,0,0,0
9307,0,0,0,0,0,0
9310,0,0,0,0,0,0
9313,0,0,0,0,0,0
9316,0,0,0,0,0,0
9319,0,0,0,0,0,0
9325,0,0,0,0,0,0
9328,0,0,0,0,0,0
9334,0,0,0,0,0,0
9337,0,0,0,0,0,0
9340,0,0,0,0,0,0
9343,0,0,0,0,0,0
9346,0,0,0,0,0,0
9352,0,0,0,0,0,0
9355,0,0,0,0,0,0
9358,0,0,0,0,0,0
9361,0,0,0,0,0,0
9364,0,0,0,0,0,0
9367,0,0,0,0,0,0
9370,0,0,0,0,0,0
9373,0,0,0,0,0,0
9376,0,0,0,0,0,0
9379,0,0,0,0,0,0
9382,0,0,0,0,0,0
9385,0,0,0,0,0,0
9388,0,0,0,0,0,0
9391,0,0,0,0,0,0
9394,0,0,0,0,0,0
9408,0,0,0,0,0,0
9417,0,0,0,0,0,0
9423,0,0,0,0,0,0
9426,0,0,0,0,0,0
9432,0,0,0,0,0,0
9435,0,0,0,0,0,0
9444,0,0,0,0,0,0
9450,0,0,0,0,0,0
9452,0,0,0,0,0,0
9455,0,0,0,0,0,0
9462,0,0,0,0,0,0
9468,0,0,0,0,0,0
9470,0,0,0,0,0,0
9473,0,0,0,0,0,0
9476,0,0,0,0,0,0
9479,0,0,0,0,0,0
9483,0,0,0,0,0,0
9485,0,0,0,0,0,0
9488,0,0,0,0,0,0
9491,0,0,0,0,0,0
9498,0,0,0,0,0,0
9501,0,0,0,0,0,0
9507,0,0,0,0,0,0
9509,0,0,0,0,0,0
9512,0,0,0,0,0,0
9515,0,0,0,0,0,0
9518,0,0,0,0,0,0
9521,0,0,0,0,0,0
9528,0,0,0,0,0,0
9531,0,0,0,0,0,0
9534,0,0,0,0,0,0
9536,0,0,0,0,0,0
9539,0,0,0,0,0,0
9542,0,0,0,0,0,0
9545,0,0,0,0,0,0
9548,0,0,0,0,0,0
9551,0,0,0,0,0,0
9554,0,0,0,0,0,0
9557,0,0,0,0,0,0
9560,0,0,0,0,0,0
9563,0,0,0,0,0,0
9566,0,0,0,0,0,0
9569,0,0,0,0,0,0
9572,0,0,0,0,0,0
9575,0,0,0,0,0,0
9578,0,0,0,0,0,0
9581,0,0,0,0,0,0
9584,0,0,0,0,0,0
9587,0,0,0,0,0,0
9590,0,0,0,0,0,0
9593,0,0,0,0,0,0
9596,0,0,0,0,0,0
9599,0,0,0,0,0,0
9602,0,0,0,0,0,0
9605,0,0,0,0,0,0
9608,0,0,0,0,0,0
9611,0,0,0,0,0,0
9614,0,0,0,0,0,0
9618,0,0,0,0,0,0
9621,0,0,0,0,0,0
9625,0,0,0,0,0,0
9628,0,0,0,0,0,0
9630,0,0,0,0,0,0
9633,0,0,0,0,0,0
9636,0,0,0,0,0,0
9639,0,0,0,0,0,0
9642,0,0,0,0,0,0
9648,0,0,0,0,0,0
9651,0,0,0,0,0,0
9657,0,0,0,0,0,0
9660,0,0,0,0,0,0
9664,0,0,0,0,0,0
9667,0,0,0,0,0,0
9670,0,0,0,0,0,0
9673,0,0,0,0,0,0
9676,0,0,0,0,0,0
9679,0,0,0,0,0,0
9681,0,0,0,0,0,0
9684,0,0,0,0,0,0
9688,0,0,0,0,0,0
9691,0,0,0,0,0,0
9694,0,0,0,0,0,0
9697,0,0,0,0,0,0
9701,0,0,0,0,0,0
9704,0,0,0,0,0,0
9707,0,0,0,0,0,0
9710,0,0,0,0,0,0
9714,0,0,0,0,0,0
9718,0,0,0,0,0,0
9721,0,0,0,0,0,0
9724,0,0,0,0,0,0
9732,0,0,0,0,0,0
9733,0,0,0,0,0,0
9736,0,0,0,0,0,0
9739,0,0,0,0,0,0
9742,0,0,0,0,0,0
9746,0,0,0,0,0,0
9749,0,0,0,0,0,0
9753,0,0,0,0,0,0
9757,0,0,0,0,0,0
9760,0,0,0,0,0,0
9763,0,0,0,0,0,0
9766,0,0,0,0,0,0
9769,0,0,0,0,0,0
9772,0,0,0,0,0,0
9776,0,0,0,0,0,0
9779,0,0,0,0,0,0
9783,0,0,0,0,0,0
9787,0,0,0,0,0,0
9790,0,0,0,0,0,0
9794,0,0,0,0,0,0
9797,0,0,0,0,0,0
9801,0,0,0,0,0,0
9804,0,0,0,0,0,0
9810,0,0,0,0,0,0
9813,0,0,0,0,0,0
9819,0,0,0,0,0,0
9822,0,0,0,0,0,0
9828,0,0,0,0,0,0
9831,0,0,0,0,0,0
9837,0,0,0,0,0,0
9840,0,0,0,0,0,0
9846,0,0,0,0,0,0
9849,0,0,0,0,0,0
9855,0,0,0,0,0,0
9858,0,0,0,0,0,0
9866,0,0,0,0,0,0
9869,0,0,0,0,0,0
9871,0,0,0,0,0,0
9875,0,0,0,0,0,0
9878,0,0,0,0,0,0
9881,0,0,0,0,0,0
9883,0,0,0,0,0,0
9892,0,0,0,0,0,0
9895,0,0,0,0,0,0
9901,0,0,0,0,0,0
9904,0,0,0,0,0,0
9910,0,0,0,0,0,0
9913,0,0,0,0,0,0
9919,0,0,0,0,0,0
9922,0,0,0,0,0,0
9928,0,0,0,0,0,0
9930,0,0,0,0,0,0
9936,0,0,0,0,0,0
9939,0,0,0,0,0,0
9946,0,0,0,0,0,0
9949,0,0,0,0,0,0
9953,0,0,0,0,0,0
9956,0,0,0,0,0,0
9959,0,0,0,0,0,0
9962,0,0,0,0,0,0
9965,0,0,0,0,0,0
9968,0,0,0,0,0,0
9974,0,0,0,0,0,0
9977,0,0,0,0,0,0
9983,0,0,0,0,0,0
9987,0,0,0,0,0,0
9990,0,0,0,0,0,0
9993,0,0,0,0,0,0
9995,0,0,0,0,0,0
9998,0,0,0,0,0,0
10001,0,0,0,0,0,0
10004,0,0,0,0,0,0
10007,0,0,0,0,0,0
10010,0,0,0,0,0,0
10013,0,0,0,0,0,0
10016,0,0,0,0,0,0
10019,0,0,0,0,0,0
10023,0,0,0,0,0,0
10026,0,0,0,0,0,0
10029,0,0,0,0,0,0
10033,0,0,0,0,0,0
10037,0,0,0,0,0,0
10040,0,0,0,0,0,0
10043,0,0,0,0,0,0
10046,0,0,0,0,0,0
10055,0,0,0,0,0,0
10058,0,0,0,0,0,0
10064,0,0,0,0,0,0
10067,0,0,0,0,0,0
10073,0,0,0,0,0,0
10080,0,0,0,0,0,0
10083,0,0,0,0,0,0
10089,0,0,0,0,0,0
10092,0,0,0,0,0,0
10098,0,0,0,0,0,0
10100,0,0,0,0,0,0
10103,0,0,0,0,0,0
10109,0,0,0,0,0,0
10112,0,0,0,0,0,0
10118,0,0,0,0,0,0
10125,0,0,0,0,0,0
10135,0,0,0,0,0,0
10144,0,0,0,0,0,0
10153,0,0,0,0,0,0
10161,0,0,0,0,0,0
10171,0,0,0,0,0,0
10175,0,0,0,0,0,0
10181,0,0,0,0,0,0
10184,0,0,0,0,0,0
10189,0,0,0,0,0,0
10192,0,0,0,0,0,0
10197,0,0,0,0,0,0
10201,0,0,0,0,0,0
10206,0,0,0,0,0,0
10216,0,0,0,0,0,0
10234,0,0,0,0,0,0
10243,0,0,0,0,0,0
10251,0,0,0,0,0,0
10262,0,0,0,0,0,0
10271,0,0,0,0,0,0
10280,0,0,0,0,0,0
10283,0,0,0,0,0,0
10298,0,0,0,0,0,0
10307,0,0,0,0,0,0
10316,0,0,0,0,0,0
10319,0,0,0,0,0,0
10325,0,0,0,0,0,0
10328,0,0,0,0,0,0
10334,0,0,0,0,0,0
10341,0,0,0,0,0,0
10344,0,0,0,0,0,0
10346,0,0,0,0,0,0
10352,0,0,0,0,0,0
10355,0,0,0,0,0,0
10361,0,0,0,0,0,0
10364,0,0,0,0,0,0
10379,0,0,0,0,0,0
10382,0,0,0,0,0,0
10387,0,0,0,0,0,0
10389,0,0,0,0,0,0
10395,0,0,0,0,0,0
10398,0,0,0,0,0,0
10405,0,0,0,0,0,0
10408,0,0,0,0,0,0
10415,0,0,0,0,0,0
10418,0,0,0,0,0,0
10423,0,0,0,0,0,0
10426,0,0,0,0,0,0
10434,0,0,0,0,0,0
10436,0,0,0,0,0,0
10442,0,0,0,0,0,0
10445,0,0,0,0,0,0
10476,0,0,0,0,0,0
10494,0,0,0,0,0,0
10504,0,0,0,0,0,0
10514,0,0,0,0,0,0
10522,0,0,0,0,0,0
10530,0,0,0,0,0,0
10539,0,0,0,0,0,0
10548,0,0,0,0,0,0
10559,0,0,0,0,0,0
10567,0,0,0,0,0,0
10575,0,0,0,0,0,0
10584,0,0,0,0,0,0
10593,0,0,0,0,0,0
10602,0,0,0,0,0,0
10612,0,0,0,0,0,0
10621,0,0,0,0,0,0
10630,0,0,0,0,0,0
10639,0,0,0,0,0,0
10648,0,0,0,0,0,0
10658,0,0,0,0,0,0
10667,0,0,0,0,0,0
10676,0,0,0,0,0,0
10692,0,0,0,0,0,0
10710,0,0,0,0,0,0
10719,0,0,0,0,0,0
10729,0,0,0,0,0,0
10738,0,0,0,0,0,0
10827,0,0,0,0,0,0
10838,0,0,0,0,0,0
10847,0,0,0,0,0,0
10881,0,0,0,0,0,0
10899,0,0,0,0,0,0
10901,0,0,0,0,0,0
10910,0,0,0,0,0,0
10919,0,0,0,0,0,0
10926,0,0,0,0,0,0
10928,0,0,0,0,0,0
10937,0,0,0,0,0,0
10940,0,0,0,0,0,0
10947,0,0,0,0,0,0
10950,0,0,0,0,0,0
10956,0,0,0,0,0,0
10959,0,0,0,0,0,0
10961,0,0,0,0,0,0
10968,0,0,0,0,0,0
10974,0,0,0,0,0,0
10977,0,0,0,0,0,0
10983,0,0,0,0,0,0
10986,0,0,0,0,0,0
10989,0,0,0,0,0,0
10992,0,0,0,0,0,0
10995,0,0,0,0,0,0
11001,0,0,0,0,0,0
11004,0,0,0,0,0,0
11010,0,0,0,0,0,0
11013,0,0,0,0,0,0
11016,0,0,0,0,0,0
11019,0,0,0,0,0,0
11022,0,0,0,0,0,0
11024,0,0,0,0,0,0
11027,0,0,0,0,0,0
11031,0,0,0,0,0,0
11033,0,0,0,0,0,0
11036,0,0,0,0,0,0
11039,0,0,0,0,0,0
11042,0,0,0,0,0,0
11045,0,0,0,0,0,0
11048,0,0,0,0,0,0
11051,0,0,0,0,0,0
11054,0,0,0,0,0,0
11057,0,0,0,0,0,0
11060,0,0,0,0,0,0
11063,0,0,0,0,0,0
11066,0,0,0,0,0,0
11068,0,0,0,0,0,0
11071,0,0,0,0,0,0
11074,0,0,0,0,0,0
11077,0,0,0,0,0,0
11080,0,0,0,0,0,0
11083,0,0,0,0,0,0
11086,0,0,0,0,0,0
11089,0,0,0,0,0,0
11092,0,0,0,0,0,0
11095,0,0,0,0,0,0
11098,0,0,0,0,0,0
11101,0,0,0,0,0,0
11104,0,0,0,0,0,0
11107,0,0,0,0,0,0
11110,0,0,0,0,0,0
11113,0,0,0,0,0,0
11116,0,0,0,0,0,0
11118,0,0,0,0,0,0
11122,0,0,0,0,0,0
11124,0,0,0,0,0,0
11128,0,0,0,0,0,0
11130,0,0,0,0,0,0
11133,0,0,0,0,0,0
11136,0,0,0,0,0,0
11139,0,0,0,0,0,0
11142,0,0,0,0,0,0
11145,0,0,0,0,0,0
11148,0,0,0,0,0,0
11151,0,0,0,0,0,0
11154,0,0,0,0,0,0
11157,0,0,0,0,0,0
11160,0,0,0,0,0,0
11163,0,0,0,0,0,0
11166,0,0,0,0,0,0
11169,0,0,0,0,0,0
11172,0,0,0,0,0,0
11175,0,0,0,0,0,0
11182,0,0,0,0,0,0
11185,0,0,0,0,0,0
11191,0,0,0,0,0,0
11194,0,0,0,0,0,0
11197,0,0,0,0,0,0
11201,0,0,0,0,0,0
11203,0,0,0,0,0,0
11206,0,0,0,0,0,0
11209,0,0,0,0,0,0
11211,0,0,0,0,0,0
11215,0,0,0,0,0,0
11217,0,0,0,0,0,0
11221,0,0,0,0,0,0
11226,0,0,0,0,0,0
11230,0,0,0,0,0,0
11237,0,0,0,0,0,0
11239,0,0,0,0,0,0
11242,0,0,0,0,0,0
11245,0,0,0,0,0,0
11248,0,0,0,0,0,0
11254,0,0,0,0,0,0
11257,0,0,0,0,0,0
11260,0,0,0,0,0,0
11263,0,0,0,0,0,0
11266,0,0,0,0,0,0
11269,0,0,0,0,0,0
11272,0,0,0,0,0,0
11275,0,0,0,0,0,0
11278,0,0,0,0,0,0
11282,0,0,0,0,0,0
11285,0,0,0,0,0,0
11288,0,0,0,0,0,0
11292,0,0,0,0,0,0
11294,0,0,0,0,0,0
11297,0,0,0,0,0,0
11301,0,0,0,0,0,0
11304,0,0,0,0,0,0
11307,0,0,0,0,0,0
11310,0,0,0,0,0,0
11313,0,0,0,0,0,0
11317,0,0,0,0,0,0
11320,0,0,0,0,0,0
11323,0,0,0,0,0,0
11326,0,0,0,0,0,0
11329,0,0,0,0,0,0
11332,0,0,0,0,0,0
11335,0,0,0,0,0,0
11338,0,0,0,0,0,0
11341,0,0,0,0,0,0
11344,0,0,0,0,0,0
11347,0,0,0,0,0,0
11350,0,0,0,0,0,0
11351,0,0,0,0,0,0
11355,0,0,0,0,0,0
11362,0,0,0,0,0,0
11365,0,0,0,0,0,0
11368,0,0,0,0,0,0
11371,0,0,0,0,0,0
11374,0,0,0,0,0,0
11377,0,0,0,0,0,0
11380,0,0,0,0,0,0
11383,0,0,0,0,0,0
11386,0,0,0,0,0,0
11389,0,0,0,0,0,0
11392,0,0,0,0,0,0
11395,0,0,0,0,0,0
11398,0,0,0,0,0,0
11401,0,0,0,0,0,0
11404,0,0,0,0,0,0
11408,0,0,0,0,0,0
11411,0,0,0,0,0,0
11414,0,0,0,0,0,0
11416,0,0,0,0,0,0
11419,0,0,0,0,0,0
11422,0,0,0,0,0,0
11425,0,0,0,0,0,0
11428,0,0,0,0,0,0
11434,0,0,0,0,0,0
11437,0,0,0,0,0,0
11440,0,0,0,0,0,0
11442,0,0,0,0,0,0
11446,0,0,0,0,0,0
11451,0,0,0,0,0,0
11454,0,0,0,0,0,0
11457,0,0,0,0,0,0
11461,0,0,0,0,0,0
11464,0,0,0,0,0,0
11470,0,0,0,0,0,0
11473,0,0,0,0,0,0
11479,0,0,0,0,0,0
11482,0,0,0,0,0,0
11488,0,0,0,0,0,0
11491,0,0,0,0,0,0
11497,0,0,0,0,0,0
11500,0,0,0,0,0,0
11503,0,0,0,0,0,0
11506,0,0,0,0,0,0
11512,0,0,0,0,0,0
11515,0,0,0,0,0,0
11518,0,0,0,0,0,0
11521,0,0,0,0,0,0
11524,0,0,0,0,0,0
11527,0,0,0,0,0,0
11530,0,0,0,0,0,0
11533,0,0,0,0,0,0
11536,0,0,0,0,0,0
11539,0,0,0,0,0,0
11542,0,0,0,0,0,0
11545,0,0,0,0,0,0
11548,0,0,0,0,0,0
11551,0,0,0,0,0,0
11554,0,0,0,0,0,0
11557,0,0,0,0,0,0
11560,0,0,0,0,0,0
11563,0,0,0,0,0,0
11566,0,0,0,0,0,0
11569,0,0,0,0,0,0
11571,0,0,0,0,0,0
11574,0,0,0,0,0,0
11577,0,0,0,0,0,0
11580,0,0,0,0,0,0
11586,0,0,0,0,0,0
11594,0,0,0,0,0,0
11597,0,0,0,0,0,0
11603,0,0,0,0,0,0
11605,0,0,0,0,0,0
11611,0,0,0,0,0,0
11614,0,0,0,0,0,0
11620,0,0,0,0,0,0
11623,0,0,0,0,0,0
11626,0,0,0,0,0,0
11629,0,0,0,0,0,0
11632,0,0,0,0,0,0
11635,0,0,0,0,0,0
11638,0,0,0,0,0,0
11641,0,0,0,0,0,0
11644,0,0,0,0,0,0
11647,0,0,0,0,0,0
11650,0,0,0,0,0,0
11654,0,0,0,0,0,0
11657,0,0,0,0,0,0
11658,0,0,0,0,0,0
11661,0,0,0,0,0,0
11667,0,0,0,0,0,0
11670,0,0,0,0,0,0
11673,0,0,0,0,0,0
11677,0,0,0,0,0,0
11680,0,0,0,0,0,0
11686,0,0,0,0,0,0
11690,0,0,0,0,0,0
11696,0,0,0,0,0,0
11699,0,0,0,0,0,0
11705,0,0,0,0,0,0
11707,0,0,0,0,0,0
11713,0,0,0,0,0,0
11717,0,0,0,0,0,0
11723,0,0,0,0,0,0
11726,0,0,0,0,0,0
11731,0,0,0,0,0,0
11733,0,0,0,0,0,0
11737,0,0,0,0,0,0
11740,0,0,0,0,0,0
11743,0,0,0,0,0,0
11746,0,0,0,0,0,0
11749,0,0,0,0,0,0
11752,0,0,0,0,0,0
11755,0,0,0,0,0,0
11758,0,0,0,0,0,0
11761,0,0,0,0,0,0
11765,0,0,0,0,0,0
11768,0,0,0,0,0,0
11771,0,0,0,0,0,0
11774,0,0,0,0,0,0
11776,0,0,0,0,0,0
11779,0,0,0,0,0,0
11782,0,0,0,0,0,0
11786,0,0,0,0,0,0
11789,0,0,0,0,0,0
11792,0,0,0,0,0,0
11796,0,0,0,0,0,0
11799,0,0,0,0,0,0
11802,0,0,0,0,0,0
11804,0,0,0,0,0,0
11807,0,0,0,0,0,0
11810,0,0,0,0,0,0
11814,0,0,0,0,0,0
11817,0,0,0,0,0,0
11820,0,0,0,0,0,0
11823,0,0,0,0,0,0
11826,0,0,0,0,0,0
11829,0,0,0,0,0,0
11832,0,0,0,0,0,0
11835,0,0,0,0,0,0
11838,0,0,0,0,0,0
11841,0,0,0,0,0,0
11843,0,0,0,0,0,0
11846,0,0,0,0,0,0
11849,0,0,0,0,0,0
11852,0,0,0,0,0,0
11855,0,0,0,0,0,0
11858,0,0,0,0,0,0
11861,0,0,0,0,0,0
11864,0,0,0,0,0,0
11869,0,0,0,0,0,0
11872,0,0,0,0,0,0
11874,0,0,0,0,0,0
11878,0,0,0,0,0,0
11880,0,0,0,0,0,0
11883,0,0,0,0,0,0
11887,0,0,0,0,0,0
11890,0,0,0,0,0,0
11893,0,0,0,0,0,0
11896,0,0,0,0,0,0
11899,0,0,0,0,0,0
11902,0,0,0,0,0,0
11905,0,0,0,0,0,0
11910,0,0,0,0,0,0
11913,0,0,0,0,0,0
11921,0,0,0,0,0,0
11924,0,0,0,0,0,0
11926,0,0,0,0,0,0
11930,0,0,0,0,0,0
11933,0,0,0,0,0,0
11938,0,0,0,0,0,0
11942,0,0,0,0,0,0
11946,0,0,0,0,0,0
11950,0,0,0,0,0,0
11956,0,0,0,0,0,0
11958,0,0,0,0,0,0
11961,0,0,0,0,0,0
11965,0,0,0,0,0,0
11968,0,0,0,0,0,0
11974,0,0,0,0,0,0
11977,0,0,0,0,0,0
11983,0,0,0,0,0,0
11986,0,0,0,0,0,0
11989,0,0,0,0,0,0
11992,0,0,0,0,0,0
11995,0,0,0,0,0,0
11998,0,0,0,0,0,0
12002,0,0,0,0,0,0
12006,0,0,0,0,0,0
12009,0,0,0,0,0,0
12012,0,0,0,0,0,0
12015,0,0,0,0,0,0
12019,0,0,0,0,0,0
12022,0,0,0,0,0,0
12025,0,0,0,0,0,0
12028,0,0,0,0,0,0
12031,0,0,0,0,0,0
12034,0,0,0,0,0,0
12037,0,0,0,0,0,0
12040,0,0,0,0,0,0
12043,0,0,0,0,0,0
12046,0,0,0,0,0,0
12048,0,0,0,0,0,0
12051,0,0,0,0,0,0
12054,0,0,0,0,0,0
12056,0,0,0,0,0,0
12059,0,0,0,0,0,0
12062,0,0,0,0,0,0
12067,0,0,0,0,0,0
12069,0,0,0,0,0,0
12073,0,0,0,0,0,0
12080,0,0,0,0,0,0
12083,0,0,0,0,0,0
12089,0,0,0,0,0,0
12091,0,0,0,0,0,0
12093,0,0,0,0,0,0
12096,0,0,0,0,0,0
12099,0,0,0,0,0,0
12102,0,0,0,0,0,0
12105,0,0,0,0,0,0
12108,0,0,0,0,0,0
12111,0,0,0,0,0,0
12115,0,0,0,0,0,0
12118,0,0,0,0,0,0
12121,0,0,0,0,0,0
12124,0,0,0,0,0,0
12127,0,0,0,0,0,0
12130,0,0,0,0,0,0
12133,0,0,0,0,0,0
12136,0,0,0,0,0,0
12139,0,0,0,0,0,0
12142,0,0,0,0,0,0
12145,0,0,0,0,0,0
12148,0,0,0,0,0,0
12154,0,0,0,0,0,0
12157,0,0,0,0,0,0
12162,0,0,0,0,0,0
12165,0,0,0,0,0,0
12168,0,0,0,0,0,0
12171,0,0,0,0,0,0
12174,0,0,0,0,0,0
12177,0,0,0,0,0,0
12181,0,0,0,0,0,0
12184,0,0,0,0,0,0
12191,0,0,0,0,0,0
12195,0,0,0,0,0,0
12198,0,0,0,0,0,0
12201,0,0,0,0,0,0
12204,0,0,0,0,0,0
12207,0,0,0,0,0,0
12210,0,0,0,0,0,0
12212,0,0,0,0,0,0
12217,0,0,0,0,0,0
12220,0,0,0,0,0,0
12226,0,0,0,0,0,0
12228,0,0,0,0,0,0
12231,0,0,0,0,0,0
12234,0,0,0,0,0,0
12240,0,0,0,0,0,0
12243,0,0,0,0,0,0
12246,0,0,0,0,0,0
12249,0,0,0,0,0,0
12252,0,0,0,0,0,0
12255,0,0,0,0,0,0
12258,0,0,0,0,0,0
12261,0,0,0,0,0,0
12262,0,0,0,0,0,0
12265,0,0,0,0,0,0
12268,0,0,0,0,0,0
12271,0,0,0,0,0,0
12274,0,0,0,0,0,0
12277,0,0,0,0,0,0
12280,0,0,0,0,0,0
12283,0,0,0,0,0,0
12286,0,0,0,0,0,0
12290,0,0,0,0,0,0
12292,0,0,0,0,0,0
12295,0,0,0,0,0,0
12298,0,0,0,0,0,0
12301,0,0,0,0,0,0
12304,0,0,0,0,0,0
12308,0,0,0,0,0,0
12311,0,0,0,0,0,0
12314,0,0,0,0,0,0
12322,0,0,0,0,0,0
12325,0,0,0,0,0,0
12333,0,0,0,0,0,0
12339,0,0,0,0,0,0
12342,0,0,0,0,0,0
12344,0,0,0,0,0,0
12349,0,0,0,0,0,0
12352,0,0,0,0,0,0
12358,0,0,0,0,0,0
12361,0,0,0,0,0,0
12367,0,0,0,0,0,0
12371,0,0,0,0,0,0
12377,0,0,0,0,0,0
12384,0,0,0,0,0,0
12387,0,0,0,0,0,0
12390,0,0,0,0,0,0
12396,0,0,0,0,0,0
12416,0,0,0,0,0,0
12419,0,0,0,0,0,0
12423,0,0,0,0,0,0
12425,0,0,0,0,0,0
12432,0,0,0,0,0,0
12434,0,0,0,0,0,0
12443,0,0,0,0,0,0
12446,0,0,0,0,0,0
12449,0,0,0,0,0,0
12454,0,0,0,0,0,0
12460,0,0,0,0,0,0
12461,0,0,0,0,0,0
12464,0,0,0,0,0,0
12470,0,0,0,0,0,0
12475,0,0,0,0,0,0
12481,0,0,0,0,0,0
12484,0,0,0,0,0,0
12487,0,0,0,0,0,0
12493,0,0,0,0,0,0
12496,0,0,0,0,0,0
12499,0,0,0,0,0,0
12502,0,0,0,0,0,0
12505,0,0,0,0,0,0
12508,0,0,0,0,0,0
12511,0,0,0,0,0,0
12514,0,0,0,0,0,0
12517,0,0,0,0,0,0
12520,0,0,0,0,0,0
12523,0,0,0,0,0,0
12526,0,0,0,0,0,0
12529,0,0,0,0,0,0
12532,0,0,0,0,0,0
12535,0,0,0,0,0,0
12539,0,0,0,0,0,0
12543,0,0,0,0,0,0
12546,0,0,0,0,0,0
12549,0,0,0,0,0,0
12552,0,0,0,0,0,0
12554,0,0,0,0,0,0
12566,0,0,0,0,0,0
12575,0,0,0,0,0,0
12578,0,0,0,0,0,0
12581,0,0,0,0,0,0
12583,0,0,0,0,0,0
12586,0,0,0,0,0,0
12588,0,0,0,0,0,0
12591,0,0,0,0,0,0
12594,0,0,0,0,0,0
12598,0,0,0,0,0,0
12601,0,0,0,0,0,0
12605,0,0,0,0,0,0
12607,0,0,0,0,0,0
12610,0,0,0,0,0,0
12612,0,0,0,0,0,0
12615,0,0,0,0,0,0
12618,0,0,0,0,0,0
12621,0,0,0,0,0,0
12623,0,0,0,0,0,0
12626,0,0,0,0,0,0
12629,0,0,0,0,0,0
12632,0,0,0,0,0,0
12635,0,0,0,0,0,0
12648,0,0,0,0,0,0
12657,0,0,0,0,0,0
12659,0,0,0,0,0,0
12665,0,0,0,0,0,0
12675,0,0,0,0,0,0
12684,0,0,0,0,0,0
12686,0,0,0,0,0,0
12692,0,0,0,0,0,0
12702,0,0,0,0,0,0
12704,0,0,0,0,0,0
12710,0,0,0,0,0,0
12714,0,0,0,0,0,0
12716,0,0,0,0,0,0
12737,0,0,0,0,0,0
12740,0,0,0,0,0,0
12744,0,0,0,0,0,0
12747,0,0,0,0,0,0
12753,0,0,0,0,0,0
12756,0,0,0,0,0,0
12762,0,0,0,0,0,0
12765,0,0,0,0,0,0
12767,0,0,0,0,0,0
12772,0,0,0,0,0,0
12776,0,0,0,0,0,0
12782,0,0,0,0,0,0
12789,0,0,0,0,0,0
12792,0,0,0,0,0,0
12818,0,0,0,0,0,0
12821,0,0,0,0,0,0
12826,0,0,0,0,0,0
12830,0,0,0,0,0,0
12835,0,0,0,0,0,0
12838,0,0,0,0,0,0
12844,0,0,0,0,0,0
12848,0,0,0,0,0,0
12854,0,0,0,0,0,0
12857,0,0,0,0,0,0
12862,0,0,0,0,0,0
12866,0,0,0,0,0,0
12872,0,0,0,0,0,0
12875,0,0,0,0,0,0
12891,0,0,0,0,0,0
12899,0,0,0,0,0,0
12907,0,0,0,0,0,0
12910,0,0,0,0,0,0
12917,0,0,0,0,0,0
12927,0,0,0,0,0,0
12929,0,0,0,0,0,0
12935,0,0,0,0,0,0
12942,0,0,0,0,0,0
12945,0,0,0,0,0,0
12954,0,0,0,0,0,0
12956,0,0,0,0,0,0
12970,0,0,0,0,0,0
12980,0,0,0,0,0,0
12989,0,0,0,0,0,0
12998,0,0,0,0,0,0
13000,0,0,0,0,0,0
13006,0,0,0,0,0,0
13008,0,0,0,0,0,0
13014,0,0,0,0,0,0
13017,0,0,0,0,0,0
13023,0,0,0,0,0,0
13026,0,0,0,0,0,0
13032,0,0,0,0,0,0
13036,0,0,0,0,0,0
13041,0,0,0,0,0,0
13050,0,0,0,0,0,0
13053,0,0,0,0,0,0
13059,0,0,0,0,0,0
13069,0,0,0,0,0,0
13078,0,0,0,0,0,0
13087,0,0,0,0,0,0
13090,4,4,2,3,2,4
13096,0,0,0,0,0,0
13105,0,0,0,0,0,0
13108,0,0,0,0,0,0
13114,0,0,0,0,0,0
13117,0,0,0,0,0,0
13123,0,0,0,0,0,0
13126,0,0,0,0,0,0
13129,0,0,0,0,0,0
13132,0,0,0,0,0,0
13136,0,0,0,0,0,0
13139,0,0,0,0,0,0
13142,0,0,0,0,0,0
13146,0,3,0,0,0,3
13148,0,0,0,0,0,0
13151,0,0,0,0,0,0
13156,0,0,0,0,0,0
13158,0,0,0,0,0,0
13161,0,0,0,0,0,0
13164,1,6,0,0,0,6
13167,0,0,0,0,0,0
13171,0,0,0,0,0,0
13173,4,6,0,0,0,8
13176,0,0,0,0,0,0
13180,0,0,0,0,0,0
13183,0,0,0,0,0,0
13186,0,0,0,0,0,0
13188,0,0,0,0,0,0
13190,0,0,0,0,0,0
13195,0,0,0,0,0,0
13197,0,0,0,0,0,0
13200,8,0,0,0,0,6
13203,0,0,0,0,0,0
13206,0,0,0,0,0,0
13209,0,0,0,0,0,0
13212,0,0,0,0,0,0
13215,0,0,0,0,0,0
13218,0,0,0,0,0,0
13221,0,0,0,0,0,0
13224,0,0,0,0,0,0
13226,0,0,0,0,0,0
13229,0,0,0,0,0,0
13233,0,0,0,0,0,0
13236,0,0,0,0,0,0
13239,0,0,0,0,0,0
13242,0,0,0,0,0,0
13244,0,0,0,0,0,0
13247,0,0,0,0,0,0
13250,0,0,0,0,0,0
13254,0,0,0,0,0,0
13257,0,0,0,0,0,0
13260,0,0,0,0,0,0
13262,0,0,0,0,0,0
13265,0,0,0,0,0,0
13268,0,0,0,0,0,0
13272,0,2,0,0,0,1
13275,0,0,0,0,0,0
13278,0,0,0,0,0,0
13281,0,3,0,0,0,3
13287,0,0,0,0,0,0
13290,0,0,0,0,0,0
13296,0,0,0,0,0,0
13299,0,0,0,0,0,0
13305,0,0,0,0,0,0
13308,0,0,0,0,0,0
13311,0,0,0,0,0,0
13314,0,0,0,0,0,0
13317,0,0,0,0,0,0
13321,0,0,0,0,0,0
13324,0,0,0,0,0,0
13327,0,0,0,0,0,0
13330,0,0,0,0,0,0
13333,0,0,0,0,0,0
13336,0,0,0,0,0,0
13339,0,0,0,0,0,0
13344,0,0,0,0,0,0
13347,0,0,0,0,0,0
13350,0,0,0,0,0,0
13353,0,0,0,0,0,0
13356,0,0,0,0,0,0
13358,0,0,0,0,0,0
13360,0,0,0,0,0,0
13363,0,0,0,0,0,0
13366,0,0,0,0,0,0
13368,0,0,0,0,0,0
13371,0,0,0,0,0,0
13374,0,0,0,0,0,0
13377,0,0,0,0,0,0
13379,0,0,0,0,0,0
13382,0,0,0,0,0,0
13385,0,0,0,0,0,0
13388,0,0,0,0,0,0
13391,0,0,0,0,0,0
13394,0,0,0,0,0,0
13397,0,0,0,0,0,0
13400,0,0,0,0,0,0
13408,0,0,0,0,0,0
13411,0,0,0,0,0,0
13414,0,0,0,0,0,0
13417,0,0,0,0,0,0
13419,0,0,0,0,0,0
13423,0,0,0,0,0,0
13426,0,0,0,0,0,0
13429,0,0,0,0,0,0
13431,0,0,0,0,0,0
13434,7,3,0,0,0,8
13438,0,0,0,0,0,0
13441,0,0,0,0,0,0
13444,0,0,0,0,0,0
13447,0,0,0,0,0,0
13450,0,0,0,0,0,0
13453,0,0,0,0,0,0
13456,0,0,0,0,0,0
13459,0,0,0,0,0,0
13462,0,0,0,0,0,0
13464,0,0,0,0,0,0
13467,0,0,0,0,0,0
13470,0,0,0,0,0,0
13473,0,0,0,0,0,0
13476,0,0,0,0,0,0
13479,0,0,0,0,0,0
13482,0,0,0,0,0,0
13485,0,0,0,0,0,0
13488,0,0,0,0,0,0
13491,0,0,0,0,0,0
13494,0,0,0,0,0,0
13497,0,0,0,0,0,0
13500,0,0,0,0,0,0
13503,0,0,0,0,0,0
13506,0,2,0,0,0,0
13509,0,0,0,0,0,0
13511,0,0,0,0,0,0
13516,0,0,0,0,0,0
13519,0,0,0,0,0,0
13522,0,0,0,0,0,0
13525,0,0,0,0,0,0
13528,0,0,0,0,0,0
13531,0,0,0,0,0,0
13534,0,0,0,0,0,0
13537,0,0,0,0,0,0
13540,0,0,0,0,0,0
13543,0,0,0,0,0,0
13547,0,0,0,0,0,0
13548,0,0,0,0,0,0
13551,0,0,0,0,0,0
13554,0,0,0,0,0,0
13557,0,0,0,0,0,0
13560,0,0,0,0,0,0
13563,0,0,0,0,0,0
13566,0,0,0,0,0,0
13569,0,0,0,0,0,0
13573,0,0,0,0,0,0
13576,0,0,0,0,0,0
13579,0,0,0,0,0,0
13581,0,0,0,0,0,0
13583,0,0,0,0,0,0
13586,0,0,0,0,0,0
13589,0,0,0,0,0,0
13592,0,0,0,0,0,0
13595,0,0,0,0,0,0
13599,0,0,0,0,0,0
13601,0,0,0,0,0,0
13604,0,0,0,0,0,0
13607,0,0,0,0,0,0
13610,0,0,0,0,0,0
13613,0,0,0,0,0,0
13616,0,0,0,0,0,0
13619,0,0,0,0,0,0
13622,0,0,0,0,0,0
13625,0,0,0,1,1,0
13628,0,0,0,0,0,0
13631,0,0,0,0,0,0
13634,0,0,0,0,0,0
13637,0,0,0,0,0,0
13640,0,0,0,0,0,0
13643,0,0,0,0,0,0
13646,0,0,0,0,0,0
13649,0,0,0,0,0,0
13652,0,0,0,0,0,0
13655,0,0,0,0,0,0
13658,0,0,0,0,0,0
13661,0,0,0,0,0,0
13664,0,0,0,0,0,0
13668,4,4,0,0,0,5
13671,0,0,0,0,0,0
13674,0,0,0,0,0,0
13676,0,0,0,0,0,0
13680,0,0,0,0,0,0
13684,0,0,0,0,0,0
13687,0,0,0,0,0,0
13690,0,0,0,0,0,0
13693,0,0,0,0,0,0
13696,0,0,0,0,0,0
13699,0,0,0,0,0,0
13702,0,0,0,0,0,0
13705,0,0,0,0,0,0
13708,0,0,0,0,0,0
13711,0,0,0,0,0,0
13714,0,0,0,0,0,0
13717,0,0,0,0,0,0
13720,0,0,0,0,0,0
13723,0,0,0,0,0,0
13726,0,0,0,0,0,0
13729,0,0,0,0,0,0
13732,0,0,0,0,0,0
13735,0,0,0,0,0,0
13738,0,0,0,0,0,0
13741,0,0,0,0,0,0
13744,0,0,0,0,0,0
13747,0,0,0,0,0,0
13750,0,0,0,0,0,0
13753,0,0,0,0,0,0
13756,0,0,0,0,0,0
13759,0,0,0,0,0,0
13762,0,0,0,0,0,0
13765,0,0,0,0,0,0
13768,0,0,0,0,0,0
13775,0,0,0,0,0,0
13784,0,0,0,0,0,0
13794,0,0,0,0,0,0
13800,0,0,0,0,0,0
13807,0,0,0,0,0,0
13810,0,0,0,0,0,0
13813,0,0,0,0,0,0
13819,0,0,0,0,0,0
13822,0,0,0,0,0,0
13825,0,0,0,0,0,0
13827,0,0,0,0,0,0
13830,0,1,0,0,0,0
13836,0,0,0,0,0,0
13839,0,0,0,0,0,0
13845,0,0,0,0,0,0
13848,0,0,0,0,0,0
13851,0,0,0,0,0,0
13854,0,0,0,0,0,0
13857,0,0,0,0,0,0
13860,0,0,0,0,0,0
13863,0,0,0,0,0,0
13866,0,0,0,0,0,0
13868,0,0,0,0,0,0
13871,0,0,0,0,0,0
13874,0,0,0,0,0,0
13877,0,0,0,0,0,0
13879,0,0,0,0,0,0
13882,0,0,0,0,0,0
13885,0,0,0,0,0,0
13888,0,0,0,0,0,0
13891,0,0,0,0,0,0
13894,0,0,0,0,0,0
13896,0,0,0,0,0,0
13899,0,0,0,0,0,0
13901,0,0,0,0,0,0
13904,0,0,0,0,0,0
13907,0,0,0,0,0,0
13911,0,2,0,0,0,0
13914,0,0,0,0,0,0
13917,0,0,0,0,0,0
13920,0,1,0,0,0,0
13923,0,0,0,0,0,0
13926,0,0,0,0,0,0
13929,0,2,0,0,0,1
13932,0,0,0,0,0,0
13935,0,0,0,0,0,0
13938,0,0,0,0,0,0
13941,0,0,0,0,0,0
13944,0,0,0,0,0,0
13947,0,0,0,0,0,0
13950,0,0,0,0,0,0
13954,0,0,0,0,0,0
13956,0,0,0,0,0,0
13959,0,0,0,0,0,0
13962,0,0,0,0,0,0
13965,0,0,0,0,0,0
13968,0,0,0,0,0,0
13971,0,0,0,0,0,0
13974,0,0,0,0,0,0
13976,0,0,0,0,0,0
13979,0,0,0,0,0,0
13981,0,0,0,0,0,0
13984,0,0,0,0,0,0
13987,0,0,0,0,0,0
13990,0,0,0,0,0,0
13993,0,0,0,0,0,0
13996,0,0,0,0,0,0
13999,0,0,0,0,0,0
14001,0,1,0,0,0,0
14004,0,0,0,0,0,0
14006,0,0,0,0,0,0
14009,0,0,0,0,0,0
14012,0,0,0,0,0,0
14015,0,0,0,0,0,0
14018,0,0,0,0,0,0
14021,0,0,0,0,0,0
14024,0,0,0,0,0,0
14027,0,0,0,0,0,0
14031,0,0,0,0,0,0
14033,0,0,0,0,0,0
14036,0,0,0,0,0,0
14039,0,0,0,0,0,0
14043,0,0,0,0,0,0
14046,0,0,0,0,0,0
14048,0,0,0,0,0,0
14051,0,0,0,0,0,0
14053,0,0,0,0,0,0
14057,0,0,0,0,0,0
14060,0,0,0,0,0,0
14062,0,0,0,0,0,0
14065,0,0,0,0,0,0
14068,0,0,0,0,0,0
14071,0,0,0,0,0,0
14074,0,0,0,0,0,0
14077,0,0,0,0,0,0
14080,0,0,0,0,0,0
14082,0,0,1,0,0,0
14085,0,0,0,0,0,0
14088,0,0,0,0,0,0
14092,0,0,0,0,0,0
14095,0,0,0,0,0,0
14098,0,0,0,0,0,0
14101,0,0,0,0,0,0
14104,0,0,0,0,0,0
14106,0,0,0,0,0,0
14109,0,0,0,0,0,0
14112,0,0,0,0,0,0
14115,0,0,0,0,0,0
14118,0,0,0,1,1,0
14121,0,0,0,0,0,0
14124,0,0,0,0,0,0
14127,0,1,1,0,0,0
14131,0,0,0,0,0,0
14134,0,0,0,0,0,0
14137,0,0,0,0,0,0
14140,0,0,0,0,0,0
14144,0,0,0,0,0,0
14147,0,0,0,0,0,0
14149,0,0,0,0,0,0
14152,0,0,0,0,0,0
14155,0,0,0,0,0,0
14159,0,0,0,0,0,0
14162,0,0,0,0,0,0
14165,0,0,0,0,0,0
14168,0,0,0,0,0,0
14171,0,0,0,0,0,0
14173,0,0,0,0,0,0
14175,0,0,0,0,0,0
14178,0,0,0,0,0,0
14184,0,0,0,0,0,0
14187,0,0,0,0,0,0
14193,0,0,0,0,0,0
14196,0,0,0,0,0,0
14199,0,0,0,0,0,0
14203,0,0,0,0,0,0
14206,0,0,0,0,0,0
14210,0,0,0,0,0,0
14213,0,0,0,0,0,0
14216,0,0,0,0,0,0
14217,0,0,1,0,0,0
14221,0,0,0,0,0,0
14224,0,0,0,0,0,0
14227,0,0,0,0,0,0
14229,0,0,0,0,0,0
14232,0,0,0,0,0,0
14235,0,1,1,0,0,0
14239,0,0,0,0,0,0
14242,0,0,0,0,0,0
14245,0,0,0,0,0,0
14247,0,0,0,0,0,0
14250,0,0,0,0,0,0
14253,0,1,0,0,0,0
14256,0,0,0,0,0,0
14259,0,0,0,0,0,0
14265,0,0,0,0,0,0
14268,0,0,0,0,0,0
14274,0,0,0,0,0,0
14277,0,0,0,0,0,0
14285,0,0,0,0,0,0
14286,0,0,0,0,0,0
14290,0,0,0,0,0,0
14293,0,0,0,0,0,0
14296,0,0,0,0,0,0
14299,0,0,0,0,0,0
14303,0,0,0,0,0,0
14305,0,0,0,0,0,0
14309,0,0,0,0,0,0
14312,0,0,0,0,0,0
14315,0,0,0,0,0,0
14318,0,0,0,0,0,0
14321,0,0,0,0,0,0
14324,0,0,0,0,0,0
14327,0,0,0,0,0,0
14331,0,0,0,0,0,0
14335,0,0,0,0,0,0
14338,0,0,0,0,0,0
14342,0,0,0,0,0,0
14345,0,0,0,0,0,0
14348,0,0,0,0,0,0
14351,0,0,0,0,0,0
14354,0,0,0,0,0,0
14357,0,0,0,0,0,0
14359,0,0,0,0,0,0
14362,0,0,0,0,0,0
14366,0,0,0,0,0,0
14369,0,0,0,0,0,0
14372,0,0,0,0,0,0
14375,0,0,0,0,0,0
14378,0,0,0,0,0,0
14381,0,0,0,0,0,0
14384,0,0,0,0,0,0
14387,0,0,0,0,0,0
14390,0,0,0,0,0,0
14393,0,0,0,0,0,0
14396,0,0,0,0,0,0
14399,0,0,0,0,0,0
14401,0,0,0,0,0,0
14404,0,0,0,0,0,0
14407,0,0,0,0,0,0
14410,0,0,0,0,0,0
14413,0,0,0,0,0,0
14416,0,0,0,1,0,0
14420,0,0,0,0,0,0
14429,0,0,0,0,0,0
14432,0,0,0,0,0,0
14438,0,0,0,0,0,0
14441,0,0,0,0,0,0
14448,0,0,0,0,0,0
14454,0,0,0,0,0,0
14456,0,0,0,0,0,0
14463,0,0,0,0,0,0
14466,0,0,0,0,0,0
14469,0,0,0,0,0,0
14471,0,0,0,0,0,0
14474,0,0,0,0,0,0
14477,0,0,0,0,0,0
14480,0,0,0,0,0,0
14483,0,0,0,0,0,0
14486,0,0,0,0,0,0
14489,0,0,0,0,0,0
14491,0,0,0,0,0,0
14494,0,0,0,0,0,0
14497,0,0,0,0,0,0
14500,0,0,0,0,0,0
14509,0,0,0,0,0,0
14517,0,0,0,0,0,0
14521,0,0,0,0,0,0
14527,0,0,0,0,0,0
14530,0,0,0,0,0,0
14535,0,0,0,0,0,0
14539,0,0,0,0,0,0
14545,0,0,0,0,0,0
14548,0,0,0,0,0,0
14554,0,0,0,0,0,0
14557,0,0,0,0,0,0
14563,0,0,0,0,0,0
14567,0,0,0,0,0,0
14569,0,0,0,0,0,0
14572,0,0,0,0,0,0
14575,0,0,0,0,0,0
14579,0,0,0,0,0,0
14662,0,0,0,0,0,0
14681,0,0,0,0,0,0
14690,0,0,0,0,0,0
14693,0,0,0,0,0,0
14697,0,0,0,0,0,0
14707,0,0,0,0,0,0
14717,0,0,0,0,0,0
14719,0,0,0,0,0,0
14724,0,0,0,0,0,0
14727,0,0,0,0,0,0
14742,0,0,0,0,0,0
14751,0,0,0,0,0,0
14754,0,0,0,0,0,0
14760,0,0,0,0,0,0
14763,0,0,0,0,0,0
14769,0,0,0,0,0,0
14771,0,0,0,0,0,0
14774,0,0,0,0,0,0
14781,0,0,0,0,0,0
14787,0,0,0,0,0,0
14790,0,0,0,0,0,0
14796,0,0,0,0,0,0
14799,0,0,0,0,0,0
14805,0,0,0,0,0,0
14808,0,0,0,0,0,0
14816,0,0,0,0,0,0
14819,0,0,0,0,0,0
14951,0,0,0,0,0,0
14959,0,0,0,0,0,0
14960,0,0,0,0,0,0
14968,0,0,0,0,0,0
14976,0,0,0,0,0,0
14978,0,0,0,0,0,0
14986,0,0,0,0,0,0
14994,0,0,0,0,0,0
15004,0,0,0,0,0,0
15012,0,0,0,0,0,0
15014,0,0,0,0,0,0
15022,0,0,0,0,0,0
15031,0,0,0,0,0,0
15032,0,0,0,0,0,0
15040,0,0,0,0,0,0
15048,0,0,0,0,0,0
15050,0,0,0,0,0,0
15059,0,0,0,0,0,0
15061,0,0,0,0,0,0
15291,0,0,0,0,0,0
15292,0,0,0,0,0,0
15293,0,0,0,0,0,0
15300,0,0,0,0,0,0
15301,0,0,0,0,0,0
15302,0,0,0,0,0,0
15309,0,0,0,0,0,0
15310,0,0,0,0,0,0
15311,0,0,0,0,0,0
15312,0,0,0,0,0,0
15319,0,0,0,0,0,0
15326,0,0,0,0,0,0
15334,0,0,0,0,0,0
15342,0,0,0,0,0,0
15344,0,0,0,0,0,0
15352,0,0,0,0,0,0
15360,0,0,0,0,0,0
15367,0,0,0,0,0,0
15373,0,0,0,0,0,0
15380,0,0,0,0,0,0
15388,0,0,0,0,0,0
15396,0,0,0,0,0,0
15404,0,0,0,0,0,0
15411,0,0,0,0,0,0
15416,0,0,0,0,0,0
15424,0,0,0,0,0,0
15432,0,0,0,0,0,0
15440,0,0,0,0,0,0
15447,0,0,0,0,0,0
15452,0,0,0,0,0,0
15460,0,0,0,0,0,0
15468,0,0,0,0,0,0
15474,0,0,0,0,0,0
15488,0,0,0,0,0,0
15496,0,0,0,0,0,0
15503,0,0,0,0,0,0
15511,0,0,0,0,0,0
15519,0,0,0,0,0,0
15527,0,0,0,0,0,0
15535,0,0,0,0,0,0
15543,0,0,0,0,0,0
15551,0,0,0,0,0,0
15559,0,0,0,0,0,0
15567,0,0,0,0,0,0
15575,0,0,0,0,0,0
15583,0,0,0,0,0,0
15591,0,0,0,0,0,0
15597,0,0,0,0,0,0
15606,0,0,0,0,0,0
15619,0,0,0,0,0,0
15624,0,0,0,0,0,0
15633,0,0,0,0,0,0
15640,0,0,0,0,0,0
15648,0,0,0,0,0,0
15656,0,0,0,0,0,0
15664,0,0,0,0,0,0
15672,0,0,0,0,0,0
15679,0,0,0,0,0,0
15686,0,0,0,0,0,0
15694,0,0,0,0,0,0
15702,0,0,0,0,0,0
15710,0,0,0,0,0,0
15718,0,0,0,0,0,0
15726,0,0,0,0,0,0
15742,0,0,0,0,0,0
15749,0,0,0,0,0,0
15757,0,0,0,0,0,0
15765,0,0,0,0,0,0
15773,0,0,0,0,0,0
15781,0,0,0,0,0,0
15788,0,0,0,0,0,0
15797,0,0,0,0,0,0
15805,0,0,0,0,0,0
15813,0,0,0,0,0,0
15822,0,0,0,0,0,0
15831,0,0,0,0,0,0
15841,0,0,0,0,0,0
15848,0,0,0,0,0,0
15856,0,0,0,0,0,0
15864,0,0,0,0,0,0
15872,0,0,0,0,0,0
15877,0,0,0,0,0,0
15887,0,0,0,0,0,0
15896,0,0,0,0,0,0
15905,0,0,0,0,0,0
15913,0,0,0,0,0,0
15921,0,0,0,0,0,0
15930,0,0,0,0,0,0
15938,0,0,0,0,0,0
15946,0,0,0,0,0,0
15954,0,0,0,0,0,0
15962,0,0,0,0,0,0
15971,0,0,0,0,0,0
16001,0,0,0,0,0,0
16009,0,0,0,0,0,0
16017,0,0,0,0,0,0
16025,0,0,0,0,0,0
16034,0,0,0,0,0,0
16041,0,0,0,0,0,0
16055,0,0,0,0,0,0
16064,0,0,0,0,0,0
16072,0,0,0,0,0,0
16078,0,0,0,0,0,0
16085,0,0,0,0,0,0
16095,0,0,0,0,0,0
16101,0,0,0,0,0,0
16110,0,0,0,0,0,0
16119,0,0,0,0,0,0
16128,0,0,0,0,0,0
16138,0,0,0,0,0,0
16149,0,0,0,0,0,0
16156,0,0,0,0,0,0
16166,0,0,0,0,0,0
16173,0,0,0,0,0,0
16181,0,0,0,0,0,0
16189,0,0,0,0,0,0
16197,0,0,0,0,0,0
16205,0,0,0,0,0,0
16213,0,0,0,0,0,0
16221,0,0,0,0,0,0
16229,0,0,0,0,0,0
16235,0,0,0,0,0,0
16243,0,0,0,0,0,0
16251,0,0,0,0,0,0
16259,0,0,0,0,0,0
16267,0,0,0,0,0,0
16274,0,0,0,0,0,0
16289,0,0,0,0,0,0
16297,0,0,0,0,0,0
16305,0,0,0,0,0,0
16313,0,0,0,0,0,0
16321,0,0,0,0,0,0
16328,0,0,0,0,0,0
16338,0,0,0,0,0,0
16344,0,0,0,0,0,0
16353,0,0,0,0,0,0
16364,0,0,0,0,0,0
16378,0,0,0,0,0,0
16385,0,0,0,0,0,0
16395,0,0,0,0,0,0
16403,0,0,0,0,0,0
16411,0,0,0,0,0,0
16419,0,0,0,0,0,0
16423,0,0,0,0,0,0
16431,0,0,0,0,0,0
16439,0,0,0,0,0,0
16447,0,0,0,0,0,0
16456,0,0,0,0,0,0
16464,0,0,0,0,0,0
16472,0,0,0,0,0,0
16486,0,0,0,0,0,0
16493,0,0,0,0,0,0
16501,0,0,0,0,0,0
16510,0,0,0,0,0,0
16519,0,0,0,0,0,0
16527,0,0,0,0,0,0
16535,0,0,0,0,0,0
16546,0,0,0,0,0,0
16553,0,0,0,0,0,0
16564,0,0,0,0,0,0
16577,0,0,0,0,0,0
16585,0,0,0,0,0,0
16590,0,0,0,0,0,0
16595,0,0,0,0,0,0
16603,0,0,0,0,0,0
16614,0,0,0,0,0,0
16646,0,0,0,0,0,0
16654,0,0,0,0,0,0
16662,0,0,0,0,0,0
16668,0,0,0,0,0,0
16676,0,0,0,0,0,0
16684,0,0,0,0,0,0
16699,0,0,0,0,0,0
16708,0,0,0,0,0,0
16715,0,0,0,0,0,0
16744,0,0,0,0,0,0
16752,0,0,0,0,0,0
16760,0,0,0,0,0,0
16767,0,0,0,0,0,0
16777,0,0,0,0,0,0
16794,0,0,0,0,0,0
16806,0,0,0,0,0,0
16824,0,0,0,0,0,0
16831,0,0,0,0,0,0
16843,0,0,0,0,0,0
16857,0,0,0,0,0,0
16878,0,0,0,0,0,0
16925,0,0,0,0,0,0
16933,0,0,0,0,0,0
16941,0,0,0,0,0,0
16949,0,0,0,0,0,0
16958,0,0,0,0,0,0
16965,0,0,0,0,0,0
16981,0,0,0,0,0,0
16990,0,0,0,0,0,0
17001,0,0,0,0,0,0
17006,0,0,0,0,0,0
17039,0,0,0,0,0,0
17046,0,0,0,0,0,0
17065,0,0,0,0,0,0
17077,0,0,0,0,0,0
17102,0,0,0,0,0,0
17110,0,0,0,0,0,0
17119,0,0,0,0,0,0
17127,0,0,0,0,0,0
17159,0,0,0,0,0,0
17167,0,0,0,0,0,0
17182,0,0,0,0,0,0
17219,0,0,0,0,0,0
17227,0,0,0,0,0,0
17235,0,0,0,0,0,0
17309,0,0,0,0,0,0
17325,0,0,0,0,0,0
17334,0,0,0,0,0,0
17344,0,0,0,0,0,0
17361,0,0,0,0,0,0
17371,0,0,0,0,0,0
17389,0,0,0,0,0,0
17399,0,0,0,0,0,0
17408,0,0,0,0,0,0
17442,0,0,0,0,0,0
17498,0,0,0,0,0,0
17505,0,0,0,0,0,0
17514,0,0,0,0,0,0
17527,0,0,0,0,0,0
17536,0,0,0,0,0,0
17542,0,0,0,0,0,0
17553,0,0,0,0,0,0
17566,0,0,0,0,0,0
17576,0,0,0,0,0,0
17581,0,0,0,0,0,0
17587,0,0,0,0,0,0
17597,0,0,0,0,0,0
17608,0,0,0,0,0,0
17612,0,0,0,0,0,0
17620,0,0,0,0,0,0
17628,0,0,0,0,0,0
17636,0,0,0,0,0,0
17645,0,0,0,0,0,0
17650,0,0,0,0,0,0
17660,0,0,0,0,0,0
17670,0,0,0,0,0,0
17678,0,0,0,0,0,0
17686,0,0,0,0,0,0
17696,0,0,0,0,0,0
17704,0,0,0,0,0,0
17712,0,0,0,0,0,0
17720,0,0,0,0,0,0
17728,0,0,0,0,0,0
17736,0,0,0,0,0,0
17744,0,0,0,0,0,0
17752,0,0,0,0,0,0
17760,0,0,0,0,0,0
17774,0,0,0,0,0,0
17782,0,0,0,0,0,0
17790,0,0,0,0,0,0
17798,0,0,0,0,0,0
17806,0,0,0,0,0,0
17814,0,0,0,0,0,0
17822,0,0,0,0,0,0
17830,0,0,0,0,0,0
17838,0,0,0,0,0,0
17846,0,0,0,0,0,0
17854,0,0,0,0,0,0
17862,0,0,0,0,0,0
17870,0,0,0,0,0,0
17877,0,0,0,0,0,0
17887,0,0,0,0,0,0
17896,0,0,0,0,0,0
17903,0,0,0,0,0,0
17918,0,0,0,0,0,0
17927,0,0,0,0,0,0
17934,0,0,0,0,0,0
17942,0,0,0,0,0,0
17950,0,0,0,0,0,0
17958,0,0,0,0,0,0
17966,0,0,0,0,0,0
17974,0,0,0,0,0,0
17983,0,0,0,0,0,0
17992,0,0,0,0,0,0
18000,0,0,0,0,0,0
18008,0,0,0,0,0,0
18016,0,0,0,0,0,0
18024,0,0,0,0,0,0
18032,0,0,0,0,0,0
18040,0,0,0,0,0,0
18048,0,0,0,0,0,0
18063,0,0,0,0,0,0
18071,0,0,0,0,0,0
18080,0,0,0,0,0,0
18087,0,0,0,0,0,0
18095,0,0,0,0,0,0
18104,0,0,0,0,0,0
18112,0,0,0,0,0,0
18130,0,0,0,0,0,0
18138,0,0,0,0,0,0
18147,0,0,0,0,0,0
18170,0,0,0,0,0,0
18178,0,0,0,0,0,0
18186,0,0,0,0,0,0
18194,0,0,0,0,0,0
18202,0,0,0,0,0,0
18210,0,0,0,0,0,0
18218,0,0,0,0,0,0
18232,0,0,0,0,0,0
18240,0,0,0,0,0,0
18248,0,0,0,0,0,0
18257,0,0,0,0,0,0
18269,0,0,0,0,0,0
18276,0,0,0,0,0,0
18284,0,0,0,0,0,0
18292,0,0,0,0,0,0
18303,0,0,0,0,0,0
18310,0,0,0,0,0,0
18319,0,0,0,0,0,0
18326,0,0,0,0,0,0
18335,0,0,0,0,0,0
18345,0,0,0,0,0,0
18352,0,0,0,0,0,0
18361,0,0,0,0,0,0
18371,0,0,0,0,0,0
18386,0,0,0,0,0,0
18394,0,0,0,0,0,0
18402,0,0,0,0,0,0
18407,0,0,0,0,0,0
18417,0,0,0,0,0,0
18424,0,0,0,0,0,0
18434,0,0,0,0,0,0
18444,0,0,0,0,0,0
18450,0,0,0,0,0,0
18459,0,0,0,0,0,0
18467,0,0,0,0,0,0
18477,0,0,0,0,0,0
18493,0,0,0,0,0,0
18502,0,0,0,0,0,0
18507,0,0,0,0,0,0
18521,0,0,0,0,0,0
18529,0,0,0,0,0,0
18536,0,0,0,0,0,0
18546,0,0,0,0,0,0
53415,0,0,0,0,0,0
53424,0,0,0,0,0,0
53432,0,0,0,0,0,0
53440,0,0,0,0,0,0
53447,0,0,0,0,0,0
53455,0,0,0,0,0,0
53464,0,0,0,2,2,0
53477,0,0,0,1,1,0
53486,0,0,0,2,2,0
53494,0,0,0,0,0,0
53502,0,0,0,0,1,0
53510,0,0,0,0,0,0
53518,0,0,0,0,0,0
53525,0,0,0,0,0,0
53534,0,0,0,0,0,0
53546,0,0,0,0,0,0
53552,0,0,0,0,0,0
53560,0,0,0,0,0,0
53567,0,0,0,0,0,0
53577,0,0,0,0,0,0
53585,0,0,0,0,0,0
53593,0,0,0,0,0,0
53601,0,2,0,0,0,0
53609,0,0,0,0,0,0
53615,0,0,0,0,0,0
53625,0,0,0,0,0,0
53632,0,0,0,0,0,0
53642,0,0,0,0,0,0
53648,0,0,0,0,0,0
53656,0,0,0,0,0,0
53665,0,0,0,0,0,0
53673,0,0,0,0,0,0
53681,0,0,0,0,0,0
53689,0,0,0,0,0,0
53697,0,0,0,0,0,0
53705,0,0,0,1,4,0
53720,0,0,0,1,1,0
53729,0,0,0,2,2,0
53737,0,0,0,1,0,0
53745,0,0,0,3,2,0
53752,0,0,0,2,2,0
53758,0,0,0,0,0,0
53768,0,0,0,0,0,0
53779,0,0,0,0,0,0
53785,0,0,0,0,0,0
53794,0,0,0,0,0,0
53806,0,0,0,0,0,0
53811,0,0,0,0,0,0
53819,0,0,0,0,0,0
53827,0,0,0,0,0,0
53835,0,0,0,0,0,0
53843,0,0,0,0,0,0
53850,0,0,0,0,0,0
53856,0,0,0,0,0,0
53864,0,0,0,0,0,0
53872,0,0,0,0,0,0
53880,0,0,0,0,0,0
53887,0,0,0,0,0,0
53896,0,0,0,0,0,0
53904,0,0,0,0,0,0
53912,0,0,0,0,0,0
53920,0,0,0,0,0,0
53929,0,0,0,0,0,0
53937,0,0,0,0,0,0
53945,0,0,0,0,0,0
53953,0,0,0,0,0,0
53961,0,0,0,0,0,0
53969,0,0,0,0,0,0
53981,0,0,0,0,0,0
53997,0,0,0,0,0,0
54005,0,0,0,0,0,0
54012,0,0,0,0,0,0
54024,0,0,0,0,0,0
54033,0,0,0,0,0,0
54041,0,0,0,0,0,0
54049,0,0,0,0,0,0
54056,0,0,0,0,0,0
54062,0,0,0,0,0,0
54070,0,0,0,0,0,0
54077,0,0,0,0,0,0
54082,0,0,0,0,0,0
54092,0,0,0,0,0,0
54103,0,0,0,0,0,0
54109,0,0,0,0,0,0
54117,0,0,0,0,0,0
54126,0,0,0,0,0,0
54133,0,0,0,0,0,0
54141,0,0,0,0,0,0
54148,0,0,0,0,0,0
54155,0,0,0,0,0,0
54164,0,0,0,0,0,0
54172,0,0,0,0,0,0
54181,0,0,0,0,0,0
54189,0,0,0,0,0,0
54198,0,0,0,0,0,0
54206,0,0,0,0,0,0
54214,0,0,0,0,0,0
54222,0,0,0,0,0,0
54230,0,0,0,0,0,0
54238,0,0,0,0,0,0
54246,0,0,0,0,0,0
54254,0,0,0,0,0,0
54262,0,0,0,0,0,0
54269,0,0,0,0,0,0
54284,0,0,0,0,0,0
54292,0,0,0,0,0,0
54300,0,0,0,0,0,0
54308,0,0,0,0,0,0
54314,0,0,0,0,0,0
54324,0,0,0,0,0,0
54329,0,0,0,0,0,0
54337,0,0,0,0,0,0
54345,0,0,0,0,0,0
54353,0,0,0,0,0,0
54361,0,0,0,0,0,0
54369,0,0,0,0,0,0
54377,0,0,0,0,0,0
54386,0,0,0,0,0,0
54394,0,0,0,0,0,0
54403,0,0,0,0,0,0
54412,0,0,0,0,0,0
54421,0,0,0,0,0,0
54429,0,0,0,0,0,0
54445,0,0,0,0,1,0
54451,0,0,0,0,0,0
54459,0,0,0,0,0,0
54469,0,0,0,0,0,0
54475,0,0,0,0,0,0
54492,0,0,3,0,0,0
54500,0,0,0,0,0,0
54508,0,0,0,0,0,0
54516,0,0,0,0,0,0
54524,0,0,0,0,0,0
54532,0,0,0,0,0,0
54540,0,0,0,0,0,0
54555,0,0,0,0,0,0
54578,0,0,0,0,0,0
54586,0,0,0,0,0,0
54594,0,0,0,0,0,0
54617,0,0,0,0,0,0
54624,0,0,0,0,0,0
54632,0,0,0,0,0,0
54640,0,0,0,0,0,0
54648,0,0,0,0,0,0
54656,0,0,0,0,0,0
54666,0,0,0,0,0,0
54670,0,0,0,0,0,0
54679,0,0,0,2,2,0
54687,0,0,0,2,2,0
54728,0,0,0,0,0,0
54744,0,0,0,0,0,0
54752,0,0,0,0,0,0
54762,0,0,0,0,0,0
54770,0,0,0,0,0,0
54779,0,0,0,0,0,0
54788,0,0,0,0,0,0
54793,0,0,0,0,0,0
54811,0,0,0,0,0,0
54818,0,0,0,0,0,0
54826,0,0,0,0,0,0
54834,0,0,0,0,0,0
54842,0,0,0,0,0,0
54851,0,0,0,0,0,0
54859,0,0,0,0,0,0
54867,0,0,0,0,0,0
54881,0,0,0,0,0,0
54889,0,0,0,0,0,0
54895,0,0,0,0,0,0
54901,0,0,0,0,0,0
54910,0,0,0,0,0,0
54925,0,0,0,3,3,0
54939,0,1,0,3,3,0
54953,0,0,0,0,0,0
54959,0,0,0,0,0,0
54966,0,0,0,1,1,0
54973,0,0,0,0,0,0
54980,0,0,0,0,0,0
54987,0,0,0,0,0,0
54994,0,0,0,0,0,0
55001,0,0,0,0,0,0
55009,0,0,0,0,0,0
55016,0,0,0,0,0,0
55023,0,0,0,0,0,0
55030,0,0,0,0,0,0
55037,0,0,0,0,0,0
55044,0,0,0,0,0,0
55052,0,0,0,0,0,0
55059,0,0,0,0,0,0
55067,0,0,0,0,0,0
55074,0,0,0,0,0,0
55088,0,0,0,0,0,0
55095,0,0,0,0,0,0
55103,0,0,0,0,0,0
55110,0,0,0,0,0,0
55123,0,0,0,0,0,0
55130,0,0,0,0,0,0
55137,0,0,0,0,0,0
55150,0,0,0,0,0,0
55157,0,0,0,0,0,0
55164,0,0,0,1,1,0
55171,0,0,0,0,2,0
55179,0,4,0,0,3,0
55188,3,0,0,0,0,3
55197,3,0,0,0,0,3
55206,0,0,0,0,0,0
55213,0,0,0,2,2,0
55220,0,0,0,0,0,0
55227,2,0,0,0,0,0
55240,0,0,0,1,0,0
55248,0,0,0,0,0,0
55254,0,0,0,0,0,0
55262,0,0,0,1,2,0
55269,0,0,0,0,0,0
55276,0,0,0,0,0,0
55283,0,0,0,0,0,0
55290,0,0,0,0,0,0
55297,0,0,0,0,0,0
55304,0,0,0,0,0,0
55310,0,0,0,0,0,0
55318,0,0,0,0,0,0
55340,0,0,0,0,0,0
55347,0,0,0,0,0,0
55354,0,0,0,0,0,0
55375,0,0,0,0,0,0
55383,0,0,0,0,0,0
55390,0,0,0,0,0,0
55408,0,0,0,0,0,0
55417,0,0,0,0,0,0
55425,0,0,0,0,0,0
55439,0,0,0,0,0,0
55444,0,0,0,0,0,0
55452,0,0,0,0,0,0
55467,0,0,0,0,0,0
55474,0,0,0,0,0,0
55480,0,0,0,0,0,0
55487,0,0,0,0,0,0
55496,0,0,0,0,0,0
55509,0,0,0,0,0,0
55516,0,0,0,0,0,0
55528,0,0,0,0,0,0
55534,0,0,0,0,0,0
55541,0,0,0,0,0,0
55551,0,0,0,0,0,0
55557,0,0,0,0,0,0
55563,0,0,0,0,0,0
55570,0,0,0,0,0,0
55576,0,0,0,0,0,0
55585,0,0,0,0,0,0
55591,0,0,0,0,0,0
55598,0,0,0,0,0,0
55605,0,0,0,0,0,0
55612,0,0,0,0,0,0
55619,0,0,0,0,0,0
55625,0,0,0,0,0,0
55632,0,0,0,0,0,0
55638,0,0,0,0,0,0
55645,0,0,0,0,0,0
55654,0,0,0,3,3,0
55660,0,0,0,0,1,0
55668,0,0,0,0,1,0
55682,0,0,0,0,0,0
55689,0,0,0,0,0,0
55699,0,0,0,0,0,0
55707,0,0,0,0,0,0
55719,0,0,0,0,0,0
55735,0,0,0,0,0,0
55742,0,0,0,0,0,0
55749,0,0,0,0,0,0
55756,0,0,0,0,0,0
55763,0,0,0,0,0,0
55770,0,0,0,0,0,0
55778,0,0,0,0,0,0
55785,0,0,0,0,0,0
55790,0,0,0,0,0,0
55797,0,0,0,0,0,0
55805,0,0,0,0,0,0
55812,0,0,0,0,0,0
55819,0,0,0,0,0,0
55829,0,0,0,0,0,0
55836,0,0,0,0,0,0
55844,0,0,0,0,0,0
55850,0,0,0,0,0,0
55857,0,0,0,0,0,0
55864,0,0,0,0,0,0
55871,0,0,0,0,0,0
55878,0,0,0,0,0,0
55885,0,0,0,0,0,0
55898,0,0,0,3,3,0
55903,0,0,0,1,2,0
55911,0,0,0,0,1,0
55924,0,0,0,2,2,0
55932,0,0,0,2,3,0
55942,0,0,0,2,2,0
55949,0,0,0,0,0,0
55959,0,0,0,2,0,0
55970,0,0,0,0,0,0
55977,0,0,0,0,0,0
55984,0,0,0,0,0,0
55989,0,0,0,0,0,0
55997,0,0,0,0,0,0
56004,0,0,0,0,0,0
56011,0,0,0,0,0,0
56016,0,0,0,0,0,0
56023,0,0,0,0,0,0
56030,0,0,0,0,0,0
56037,0,0,0,0,0,0
56045,0,0,0,0,0,0
56053,0,0,0,0,0,0
56059,0,0,0,0,0,0
56066,0,0,0,0,0,0
56073,0,0,0,0,0,0
56080,0,0,0,0,0,0
56087,0,0,0,0,0,0
56094,0,0,0,0,0,0
56100,0,0,0,0,0,0
56105,0,0,0,0,0,0
56112,0,0,0,0,0,0
56119,0,0,0,0,0,0
56127,0,0,0,0,0,0
56132,0,0,0,0,0,0
56140,0,0,0,0,0,0
56147,0,0,0,0,0,0
56155,0,0,0,0,0,0
56163,0,0,0,0,0,0
56177,0,0,0,0,0,0
56184,0,0,0,0,0,0
56195,0,0,0,0,0,0
56202,0,0,0,0,0,0
56226,0,0,0,0,0,0
56239,0,0,0,0,0,0
56246,0,0,0,0,0,0
56253,0,0,0,0,0,0
56257,0,0,0,0,0,0
56265,0,0,0,0,0,0
56271,0,0,0,0,0,0
56277,0,0,0,0,0,0
56284,0,0,0,0,0,0
56292,0,0,0,0,0,0
56299,0,0,0,0,0,0
56306,0,0,0,0,0,0
56313,0,0,0,0,0,0
56320,0,0,0,0,0,0
56327,0,0,0,0,0,0
56334,0,0,0,0,0,0
56341,0,0,0,0,0,0
56348,0,0,0,0,0,0
56356,0,0,0,0,0,0
56364,0,0,0,0,0,0
56371,0,0,0,0,0,0
56384,0,0,0,0,0,0
56400,0,0,0,0,1,0
56411,0,0,0,0,0,0
56419,0,0,0,0,0,0
56426,0,0,0,0,0,0
56434,0,0,0,0,0,0
56441,0,0,0,0,0,0
56450,0,0,0,0,0,0
56463,0,0,0,0,0,0
56470,0,0,0,0,0,0
56477,0,0,0,0,0,0
56484,0,0,0,0,0,0
56491,0,0,0,0,0,0
56498,0,0,0,0,0,0
56505,0,0,0,0,0,0
56511,0,0,0,0,0,0
56526,0,0,0,0,0,0
56533,0,0,0,0,0,0
56538,0,0,0,0,0,0
56552,0,0,0,0,0,0
56558,0,0,0,0,0,0
56564,0,0,0,0,0,0
56570,0,0,0,0,0,0
56578,0,0,0,0,0,0
56585,0,0,0,0,0,0
56592,0,0,0,0,0,0
56600,0,0,0,0,0,0
56607,0,0,0,0,0,0
56614,0,0,0,0,0,0
56633,0,0,0,0,1,0
56641,0,0,0,1,0,0
56651,0,0,0,0,0,0
56658,0,0,0,0,0,0
56671,0,0,0,0,0,0
56678,0,0,0,0,0,0
56683,0,0,0,0,0,0
56692,0,0,0,0,0,0
56704,0,0,0,0,0,0
56711,0,0,0,0,0,0
56718,0,0,0,0,0,0
56732,0,0,0,0,0,0
56739,0,0,0,0,0,0
56745,0,0,0,0,0,0
56752,0,0,0,0,0,0
56759,0,0,0,0,0,0
56766,0,0,0,0,0,0
56777,0,0,0,0,0,0
56784,0,0,0,0,0,0
56791,0,0,0,0,0,0
56804,0,0,0,0,0,0
56812,0,0,0,0,0,0
56818,0,0,0,0,0,0
56839,0,0,0,0,0,0
56845,0,0,0,0,0,0
56853,0,0,0,0,0,0
56867,0,0,0,0,0,0
56875,0,0,0,2,1,0
56893,0,0,0,0,0,0
56902,0,0,0,0,0,0
56910,0,0,0,0,0,0
56922,0,0,0,0,0,0
56929,0,0,0,0,0,0
56950,0,0,0,0,0,0
56956,0,0,0,0,0,0
56964,0,0,0,0,0,0
56970,0,0,0,0,0,0
56987,0,0,0,0,0,0
56993,0,0,0,0,0,0
57001,0,0,0,0,0,0
57007,0,0,0,0,0,0
57013,0,0,0,0,0,0
57020,0,0,0,0,0,0
57027,0,0,0,0,0,0
57041,0,0,0,0,0,0
57048,0,0,0,0,0,0
57056,0,0,0,0,0,0
57063,0,0,0,0,0,0
57076,0,0,0,0,0,0
57083,0,0,0,0,0,0
57090,0,0,0,0,0,0
57104,0,0,0,0,0,0
57110,0,0,0,0,2,0
57119,0,0,0,1,2,0
57140,0,0,0,0,1,0
57147,0,0,0,2,2,0
57166,0,0,0,0,0,0
57186,0,0,0,0,0,0
57204,0,0,0,0,0,0
57215,0,0,0,0,0,0
57220,0,0,0,0,0,0
57227,0,0,0,0,0,0
57234,0,0,0,0,0,0
57241,0,0,0,0,0,0
57258,0,0,0,0,0,0
57265,0,0,0,0,0,0
57272,0,0,0,0,0,0
57280,0,0,0,0,0,0
57301,0,0,0,0,0,0
57308,0,0,0,0,0,0
57314,0,0,0,0,0,0
57323,0,0,0,0,0,0
57331,0,0,0,0,0,0
57337,0,0,0,0,0,0
57343,0,0,0,0,0,0
57363,0,0,0,2,2,0
57369,0,0,0,1,3,0
57381,0,0,0,0,1,0
57387,0,0,0,0,0,0
57397,0,0,0,0,1,0
57405,0,0,0,0,0,0
57417,0,0,0,0,0,0
57423,0,0,0,0,0,0
57434,0,0,0,0,0,0
57441,0,0,0,0,0,0
57447,0,0,0,0,0,0
57453,0,0,0,0,0,0
57459,0,0,0,0,0,0
57472,0,0,0,0,0,0
57480,0,0,0,0,0,0
57487,0,0,0,0,0,0
57492,0,0,0,0,0,0
57499,0,0,0,0,0,0
57505,0,0,0,0,0,0
57518,0,0,0,0,0,0
57524,0,0,0,0,0,0
57531,0,0,0,0,0,0
57536,0,0,0,0,0,0
57542,0,0,0,0,0,0
57561,0,0,0,0,0,0
57567,0,0,0,0,0,0
57580,0,0,0,0,0,0
57586,0,0,0,0,0,0
57597,0,0,0,0,0,0
57606,0,0,0,0,0,0
57612,0,0,0,0,0,0
57627,0,0,0,0,0,0
57633,0,0,0,0,0,0
57642,0,0,0,0,0,0
57648,0,0,0,0,0,0
57661,0,0,0,0,0,0
57667,0,0,0,0,0,0
57679,0,0,0,0,0,0
57684,0,0,0,0,0,0
57690,0,0,0,0,0,0
57698,0,0,0,0,0,0
57705,0,0,0,0,0,0
57712,0,0,0,0,0,0
57718,0,0,0,0,0,0
57724,0,0,0,0,0,0
57729,0,0,0,0,0,0
57735,0,0,0,0,0,0
57742,0,0,0,0,0,0
57748,0,0,0,0,0,0
57752,0,0,0,0,0,0
57764,0,0,0,0,0,0
57776,0,0,0,0,0,0
57781,0,0,0,0,0,0
57787,0,0,0,0,0,0
57793,0,0,0,0,0,0
57799,0,0,0,0,0,0
57805,0,0,0,0,0,0
57811,0,0,0,0,0,0
57815,0,0,0,0,0,0
57819,0,0,0,0,0,0
57825,0,0,0,0,0,0
57831,0,0,0,0,0,0
57837,0,0,0,0,0,0
57850,0,0,0,0,0,0
57858,0,0,0,1,1,0
57862,0,0,0,0,0,0
57877,0,0,0,0,0,0
57883,0,0,0,0,0,0
57895,0,0,0,0,0,0
57904,0,0,0,0,0,0
57909,0,0,0,0,0,0
57915,0,0,0,0,0,0
57922,0,0,0,0,0,0
57928,0,0,0,0,0,0
57934,0,0,0,0,0,0
57942,0,0,0,0,0,0
57949,0,0,0,0,0,0
57955,0,0,0,0,0,0
57960,0,0,0,0,0,0
57967,0,0,0,0,0,0
57974,0,0,0,0,0,0
57984,0,0,0,0,0,0
57987,0,0,0,0,0,0
57994,0,0,0,0,0,0
58000,0,0,0,0,0,0
58012,0,0,0,0,0,0
58018,0,0,0,0,0,0
58033,0,0,0,0,0,0
58039,0,0,0,0,0,0
58045,0,0,0,0,0,0
58051,0,0,0,0,0,0
58057,0,0,0,0,0,0
58062,0,0,0,0,0,0
58067,0,0,0,0,0,0
58073,0,0,0,0,0,0
58084,0,0,0,0,1,0
58090,0,0,0,0,1,0
58102,0,0,0,0,1,0
58109,0,0,0,0,0,0
58120,0,0,0,0,0,0
58139,0,0,0,0,0,0
58145,0,0,0,0,0,0
58156,0,0,0,0,0,0
58162,0,0,0,0,0,0
58172,0,0,0,0,0,0
58179,0,0,0,0,0,0
58185,0,0,0,0,0,0
58192,0,0,0,0,0,0
58200,0,0,0,0,0,0
58206,0,0,0,0,0,0
58212,0,0,0,0,0,0
58219,0,0,0,0,0,0
58225,0,0,0,0,0,0
58230,0,0,0,0,0,0
58237,0,0,0,0,0,0
58242,0,0,0,0,0,0
58253,0,0,0,0,0,0
58259,0,0,0,0,0,0
58267,0,0,0,0,0,0
58273,0,0,0,0,0,0
58279,0,0,0,0,0,0
58285,0,0,0,0,0,0
58290,0,0,0,0,0,0
58296,0,0,0,0,0,0
58301,0,0,0,0,0,0
58307,0,0,0,0,0,0
58313,0,0,0,0,0,0
58319,0,0,0,0,0,0
58333,0,0,0,0,0,0
58343,0,0,0,0,0,0
58361,0,0,0,0,0,0
58381,0,0,0,0,0,0
58390,0,0,0,0,0,0
58399,0,0,0,0,0,0
58405,0,0,0,0,0,0
58430,0,0,0,0,0,0
58436,0,0,0,0,0,0
58443,0,0,0,0,0,0
58466,0,0,0,0,0,0
58476,0,0,0,0,0,0
58491,0,0,0,0,0,0
58497,0,0,0,0,0,0
58503,0,0,0,0,0,0
58509,0,0,0,0,0,0
58515,0,0,0,0,0,0
58523,0,0,0,0,0,0
58528,0,0,0,0,0,0
58534,0,0,0,0,0,0
58540,0,0,0,0,0,0
58545,0,0,0,0,0,0
58551,0,0,0,0,0,0
58557,0,0,0,0,0,0
58567,0,0,0,0,0,0
58597,0,0,0,0,0,0
58616,0,0,0,0,0,0
58622,0,0,0,0,0,0
58632,0,0,0,0,0,0
58641,0,0,0,0,0,0
58658,0,0,0,0,0,0
58664,0,0,0,0,0,0
58677,0,0,0,0,0,0
58685,0,0,0,0,0,0
58692,0,0,0,0,0,0
58697,0,0,0,0,0,0
58705,0,0,0,0,0,0
58711,0,0,0,0,0,0
58719,0,0,0,0,0,0
58724,0,0,0,0,0,0
58736,0,0,0,0,0,0
58747,0,0,0,0,0,0
58754,0,0,0,0,0,0
58761,0,0,0,0,0,0
58767,0,0,0,0,0,0
58772,0,0,0,0,0,0
58778,0,0,0,0,0,0
58782,0,0,0,0,0,0
58788,0,0,0,0,0,0
58794,0,0,0,0,0,0
58800,0,0,0,0,0,0
58810,0,0,0,0,0,0
58821,0,0,0,1,0,0
58827,0,0,0,0,0,0
58840,0,0,0,0,0,0
58846,0,0,0,0,0,0
58856,0,0,0,0,0,0
58864,0,0,0,0,0,0
58873,0,0,0,0,0,0
58881,0,0,0,0,0,0
58890,0,0,0,0,0,0
58900,0,0,0,0,0,0
58907,0,0,0,0,0,0
58921,0,0,0,0,0,0
58927,0,0,0,0,0,0
58936,0,0,0,0,0,0
58943,0,0,0,0,0,0
58951,0,0,0,0,0,0
58965,0,0,0,0,0,0
58996,0,0,0,0,0,0
59009,0,0,0,0,0,0
59018,0,0,0,0,0,0
59024,0,0,0,0,0,0
59030,0,0,0,0,0,0
59034,0,0,0,0,0,0
59039,0,0,0,0,0,0
59045,0,0,0,0,0,0
