23,0,0,0,0,0,0,0,0,0.5,0.2,0.5
29,0,0,0,0,0,0,0,0.2,0,0,0.5
37,0,0,0,0,0,0,0,0.2,0.2,0,0.2
50,0,0,0,0,0,0,0,0.2,0.5,0.2,0.5
57,0,0,0,0,0,0,0,0.5,0,0.2,0
64,0,0,0,0,0,0,0,0.5,0.2,0,0.2
74,0,0,0,0,0,0,0,0.5,0.5,0,0.5
85,0,0,0,0,0,0,0.2,0,0,0.2,0.2
94,0,0,0,0,0,0,0.2,0,0.2,0.2,0.2
100,0,0,0,0,0,0,0.2,0,0.5,0,0.2
111,0,0,0,0,0,0,0.2,0.2,0,0.2,0
119,0,0,0,0,0,0,0.2,0.2,0.2,0,0.5
128,0,0,0,0,0,0,0.2,0.2,0.5,0,0.5
136,0,0,0,0,0,0,0.2,0.5,0,0,0.2
144,0,0,0,0,0,0,0.2,0.5,0.2,0,0
150,0,0,0,0,0,0,0.2,0.5,0.2,0.5,0
158,0,0,0,0,0,0,0.2,0.5,0.5,0.2,0.5
166,0,0,0,0,0,0,0.5,0,0,0.2,0.2
174,0,0,0,0,0,0,0.5,0,0.2,0.2,0
181,0,0,0,0,0,0,0.5,0,0.5,0,0.2
189,0,0,0,0,0,0,0.5,0.2,0,0,0
197,0,0,0,0,0,0,0.5,0.2,0,0.5,0.5
206,0,0,0,0,0,0,0.5,0.2,0.2,0.5,0.5
214,0,0,0,0,0,0,0.5,0.2,0.5,0.5,0.2
222,0,0,0,0,0,0,0.5,0.5,0,0.5,0
230,0,0,0,0,0,0,0.5,0.5,0.2,0.2,0.5
237,0,0,0,0,0,0,0.5,0.5,0.5,0.2,0
248,0,0,0,0,0,0.2,0,0,0,0.2,0.5
257,0,0,0,0,0,0.2,0,0,0.2,0.2,0.5
266,0,0,0,0,0,0.2,0,0,0.5,0.2,0.5
272,0,0,0,0,0,0.2,0,0.2,0,0,0.5
284,0,0,0,0,0,0.2,0,0.2,0.2,0.2,0.5
291,0,0,0,0,0,0.2,0,0.2,0.5,0.2,0
297,0,0,0,0,0,0.2,0,0.5,0,0,0
305,0,0,0,0,0,0.2,0,0.5,0,0.5,0.5
313,0,0,0,0,0,0.2,0,0.5,0.2,0.5,0.2
322,0,0,0,0,0,0.2,0,0.5,0.5,0.5,0.2
338,0,0,0,0,0,0.2,0.2,0,0.2,0.2,0.5
346,0,0,0,0,0,0.2,0.2,0,0.5,0.2,0.2
354,0,0,0,0,0,0.2,0.2,0.2,0,0.2,0
362,0,0,0,0,0,0.2,0.2,0.2,0.2,0,0.5
370,0,0,0,0,0,0.2,0.2,0.2,0.5,0,0.2
376,0,0,0,0,0,0.2,0.2,0.2,0.5,0.5,0.2
384,0,0,0,0,0,0.2,0.2,0.5,0,0.5,0
393,0,0,0,0,0,0.2,0.2,0.5,0.2,0.5,0
401,0,0,0,0,0,0.2,0.2,0.5,0.5,0.2,0.5
409,0,0,0,0,0,0.2,0.5,0,0,0.2,0.2
417,0,0,0,0,0,0.2,0.5,0,0.2,0.2,0
425,0,0,0,0,0,0.2,0.5,0,0.5,0,0.5
433,0,0,0,0,0,0.2,0.5,0.2,0,0,0.2
441,0,0,0,0,0,0.2,0.5,0.2,0.2,0,0
449,0,0,0,0,0,0.2,0.5,0.2,0.2,0.5,0.5
467,0,0,0,0,0,0.2,0.5,0.5,0,0.5,0.5
478,0,0,0,0,0,0.2,0.5,0.5,0.5,0,0.2
485,0,0,0,0,0,0.2,0.5,0.5,0.5,0.5,0.5
491,0,0,0,0,0,0.5,0,0,0,0.2,0.5
499,0,0,0,0,0,0.5,0,0,0.2,0.2,0.2
507,0,0,0,0,0,0.5,0,0,0.5,0.2,0
513,0,0,0,0,0,0.5,0,0.2,0,0,0
523,0,0,0,0,0,0.5,0,0.2,0.2,0,0.2
534,0,0,0,0,0,0.5,0,0.2,0.5,0.2,0
541,0,0,0,0,0,0.5,0,0.5,0,0,0.2
549,0,0,0,0,0,0.5,0,0.5,0.2,0,0
557,0,0,0,0,0,0.5,0,0.5,0.2,0.5,0.5
565,0,0,0,0,0,0.5,0,0.5,0.5,0.5,0.2
581,0,0,0,0,0,0.5,0.2,0,0.2,0.2,0.5
589,0,0,0,0,0,0.5,0.2,0,0.5,0.2,0.2
598,0,0,0,0,0,0.5,0.2,0.2,0,0.2,0.2
605,0,0,0,0,0,0.5,0.2,0.2,0.2,0,0.5
612,0,0,0,0,0,0.5,0.2,0.2,0.5,0,0
620,0,0,0,0,0,0.5,0.2,0.2,0.5,0.5,0.5
629,0,0,0,0,0,0.5,0.2,0.5,0,0.5,0.5
638,0,0,0,0,0,0.5,0.2,0.5,0.2,0.5,0.5
646,0,0,0,0,0,0.5,0.2,0.5,0.5,0.5,0.2
669,0,0,0,0,0,0.5,0.5,0,0.5,0.2,0
677,0,0,0,0,0,0.5,0.5,0.2,0,0,0.5
687,0,0,0,0,0,0.5,0.5,0.2,0.2,0.2,0
695,0,0,0,0,0,0.5,0.5,0.2,0.5,0,0.5
712,0,0,0,0,0,0.5,0.5,0.5,0.2,0,0.2
721,0,0,0,0,0,0.5,0.5,0.5,0.5,0,0.2
728,0,0,0,0,0,0.5,0.5,0.5,0.5,0.5,0.5
752,0,0,0,0.2,0,0,0,0,0.5,0.2,0.5
760,0,0,0,0.2,0,0,0,0.2,0,0.2,0.2
768,0,0,0,0.2,0,0,0,0.2,0.2,0.2,0
772,0,0,0,0.2,0,0,0,0.2,0.2,0.5,0.2
779,0,0,0,0.2,0,0,0,0.2,0.5,0.2,0.5
787,0,0,0,0.2,0,0,0,0.5,0,0.2,0.2
794,0,0,0,0.2,0,0,0,0.5,0.2,0,0.5
802,0,0,0,0.2,0,0,0,0.5,0.5,0,0.2
810,0,0,0,0.2,0,0,0.2,0,0,0,0
818,0,0,0,0.2,0,0,0.2,0,0,0.5,0.5
826,0,0,0,0.2,0,0,0.2,0,0.2,0.5,0.2
851,0,0,0,0.2,0,0,0.2,0.2,0.2,0.2,0.5
859,0,0,0,0.2,0,0,0.2,0.2,0.5,0.2,0.2
867,0,0,0,0.2,0,0,0.2,0.5,0,0.2,0
876,0,0,0,0.2,0,0,0.2,0.5,0.2,0.2,0
884,0,0,0,0.2,0,0,0.2,0.5,0.5,0,0.5
892,0,0,0,0.2,0,0,0.5,0,0,0,0.2
900,0,0,0,0.2,0,0,0.5,0,0.2,0,0
910,0,0,0,0.2,0,0,0.5,0,0.5,0,0.2
918,0,0,0,0.2,0,0,0.5,0.2,0,0,0
925,0,0,0,0.2,0,0,0.5,0.2,0,0.5,0.2
941,0,0,0,0.2,0,0,0.5,0.2,0.5,0.2,0.5
949,0,0,0,0.2,0,0,0.5,0.5,0,0.2,0.2
957,0,0,0,0.2,0,0,0.5,0.5,0.2,0.2,0
965,0,0,0,0.2,0,0,0.5,0.5,0.5,0,0.5
973,0,0,0,0.2,0,0.2,0,0,0,0,0.2
993,0,0,0,0.2,0,0.2,0,0,0.5,0.2,0
1001,0,0,0,0.2,0,0.2,0,0.2,0,0,0.5
1009,0,0,0,0.2,0,0.2,0,0.2,0.2,0,0.2
1019,0,0,0,0.2,0,0.2,0,0.2,0.5,0,0.5
1028,0,0,0,0.2,0,0.2,0,0.5,0,0,0.5
1035,0,0,0,0.2,0,0.2,0,0.5,0.2,0,0
1040,0,0,0,0.2,0,0.2,0,0.5,0.2,0.2,0.5
1048,0,0,0,0.2,0,0.2,0,0.5,0.5,0.2,0.2
1066,0,0,0,0.2,0,0.2,0.2,0,0.2,0.2,0.2
1074,0,0,0,0.2,0,0.2,0.2,0,0.5,0.2,0
1083,0,0,0,0.2,0,0.2,0.2,0.2,0,0.2,0
1092,0,0,0,0.2,0,0.2,0.2,0.2,0.2,0.2,0
1098,0,0,0,0.2,0,0.2,0.2,0.2,0.5,0,0
1115,0,0,0,0.2,0,0.2,0.2,0.5,0,0.5,0.5
1131,0,0,0,0.2,0,0.2,0.2,0.5,0.5,0.5,0
1161,0,0,0,0.2,0,0.2,0.5,0.2,0,0,0
1191,0,0,0,0.2,0,0.2,0.5,0.5,0,0.2,0
1199,0,0,0,0.2,0,0.2,0.5,0.5,0.2,0,0.5
1206,0,0,0,0.2,0,0.2,0.5,0.5,0.5,0,0
1228,0,0,0,0.2,0,0.5,0,0,0.2,0.2,0.2
1236,0,0,0,0.2,0,0.5,0,0,0.5,0.2,0
1244,0,0,0,0.2,0,0.5,0,0.2,0,0,0.5
1252,0,0,0,0.2,0,0.5,0,0.2,0.2,0,0.2
1260,0,0,0,0.2,0,0.5,0,0.2,0.5,0,0
1272,0,0,0,0.2,0,0.5,0,0.5,0,0.2,0
1278,0,0,0,0.2,0,0.5,0,0.5,0.2,0,0
1285,0,0,0,0.2,0,0.5,0,0.5,0.2,0.5,0.2
1293,0,0,0,0.2,0,0.5,0,0.5,0.5,0.5,0
1319,0,0,0,0.2,0,0.5,0.2,0,0.5,0.2,0.5
1325,0,0,0,0.2,0,0.5,0.2,0.2,0,0,0.5
1333,0,0,0,0.2,0,0.5,0.2,0.2,0.2,0,0.2
1342,0,0,0,0.2,0,0.5,0.2,0.2,0.5,0,0.2
1350,0,0,0,0.2,0,0.5,0.2,0.5,0,0,0
1372,0,0,0,0.2,0,0.5,0.2,0.5,0.5,0.2,0.2
1395,0,0,0,0.2,0,0.5,0.5,0,0.5,0,0
1426,0,0,0,0.2,0,0.5,0.5,0.2,0.5,0.2,0.2
1435,0,0,0,0.2,0,0.5,0.5,0.5,0,0.2,0.2
1442,0,0,0,0.2,0,0.5,0.5,0.5,0.2,0,0.5
1449,0,0,0,0.2,0,0.5,0.5,0.5,0.5,0,0
1532,0,0,0,0.5,0,0,0,0.5,0.5,0,0.5
1585,0,0,0,0.5,0,0,0.2,0.2,0.5,0,0.2
1593,0,0,0,0.5,0,0,0.2,0.5,0,0,0
1639,0,0,0,0.5,0,0,0.5,0,0.5,0,0.2
1678,0,0,0,0.5,0,0,0.5,0.5,0,0.2,0.2
1694,0,0,0,0.5,0,0,0.5,0.5,0.5,0,0.5
1800,0,0,0,0.5,0,0.2,0.2,0,0.5,0,0
1809,0,0,0,0.5,0,0.2,0.2,0.2,0,0,0
1837,0,0,0,0.5,0,0.2,0.2,0.5,0,0,0.2
1910,0,0,0,0.5,0,0.2,0.5,0.2,0.5,0,0.5
1940,0,0,0,0.5,0,0.2,0.5,0.5,0.5,0.2,0.5
2016,0,0,0,0.5,0,0.5,0,0.5,0.5,0,0
2169,0,0,0,0.5,0,0.5,0.5,0.5,0.2,0,0
2193,0,0,0.2,0,0,0,0,0,0,0.5,0
2200,0,0,0.2,0,0,0,0,0,0.2,0.2,0.2
2208,0,0,0.2,0,0,0,0,0,0.5,0.2,0
2214,0,0,0.2,0,0,0,0,0.2,0,0,0
2231,0,0,0.2,0,0,0,0,0.2,0.2,0.5,0.5
2239,0,0,0.2,0,0,0,0,0.2,0.5,0.5,0.2
2247,0,0,0.2,0,0,0,0,0.5,0,0.5,0
2253,0,0,0.2,0,0,0,0,0.5,0.2,0.2,0
2263,0,0,0.2,0,0,0,0,0.5,0.5,0.2,0.2
2270,0,0,0.2,0,0,0,0.2,0,0,0,0.5
2276,0,0,0.2,0,0,0,0.2,0,0,0.5,0.5
2284,0,0,0.2,0,0,0,0.2,0,0.2,0.5,0.2
2292,0,0,0.2,0,0,0,0.2,0,0.5,0.5,0
2300,0,0,0.2,0,0,0,0.2,0.2,0,0.2,0.5
2308,0,0,0.2,0,0,0,0.2,0.2,0.2,0.2,0.2
2313,0,0,0.2,0,0,0,0.2,0.2,0.5,0,0
2321,0,0,0.2,0,0,0,0.2,0.2,0.5,0.5,0.5
2329,0,0,0.2,0,0,0,0.2,0.5,0,0.5,0.2
2337,0,0,0.2,0,0,0,0.2,0.5,0.2,0.5,0
2345,0,0,0.2,0,0,0,0.2,0.5,0.5,0.2,0.5
2352,0,0,0.2,0,0,0,0.5,0,0,0.2,0
2359,0,0,0.2,0,0,0,0.5,0,0.2,0,0.2
2367,0,0,0.2,0,0,0,0.5,0,0.5,0,0
2375,0,0,0.2,0,0,0,0.5,0,0.5,0.5,0.5
2383,0,0,0.2,0,0,0,0.5,0.2,0,0.5,0.2
2391,0,0,0.2,0,0,0,0.5,0.2,0.2,0.5,0
2399,0,0,0.2,0,0,0,0.5,0.2,0.5,0.2,0.5
2408,0,0,0.2,0,0,0,0.5,0.5,0,0.2,0.5
2415,0,0,0.2,0,0,0,0.5,0.5,0.2,0.2,0
2424,0,0,0.2,0,0,0,0.5,0.5,0.5,0.2,0
2440,0,0,0.2,0,0,0.2,0,0,0.2,0,0.2
2448,0,0,0.2,0,0,0.2,0,0,0.5,0,0
2457,0,0,0.2,0,0,0.2,0,0.2,0,0,0
2469,0,0,0.2,0,0,0.2,0,0.2,0.2,0.2,0
2474,0,0,0.2,0,0,0.2,0,0.2,0.2,0.5,0.5
2482,0,0,0.2,0,0,0.2,0,0.2,0.5,0.5,0.2
2490,0,0,0.2,0,0,0.2,0,0.5,0,0.5,0
2498,0,0,0.2,0,0,0.2,0,0.5,0.2,0.2,0.5
2510,0,0,0.2,0,0,0.2,0,0.5,0.5,0.5,0.5
2534,0,0,0.2,0,0,0.2,0.2,0,0.5,0.2,0.5
2542,0,0,0.2,0,0,0.2,0.2,0.2,0,0.2,0.2
2550,0,0,0.2,0,0,0.2,0.2,0.2,0.2,0.2,0
2557,0,0,0.2,0,0,0.2,0.2,0.2,0.5,0,0.2
2566,0,0,0.2,0,0,0.2,0.2,0.5,0,0,0.2
2574,0,0,0.2,0,0,0.2,0.2,0.5,0.2,0,0
2582,0,0,0.2,0,0,0.2,0.2,0.5,0.2,0.5,0.5
2590,0,0,0.2,0,0,0.2,0.2,0.5,0.5,0.5,0.2
2614,0,0,0.2,0,0,0.2,0.5,0,0.5,0.2,0.2
2624,0,0,0.2,0,0,0.2,0.5,0.2,0,0.2,0.5
2633,0,0,0.2,0,0,0.2,0.5,0.2,0.2,0.2,0.5
2639,0,0,0.2,0,0,0.2,0.5,0.2,0.5,0,0.5
2646,0,0,0.2,0,0,0.2,0.5,0.5,0,0,0
2669,0,0,0.2,0,0,0.2,0.5,0.5,0.5,0.2,0.5
2677,0,0,0.2,0,0,0.5,0,0,0,0.2,0.2
2685,0,0,0.2,0,0,0.5,0,0,0.2,0.2,0
2691,0,0,0.2,0,0,0.5,0,0,0.5,0,0
2703,0,0,0.2,0,0,0.5,0,0.2,0,0.2,0
2710,0,0,0.2,0,0,0.5,0,0.2,0.2,0,0.2
2717,0,0,0.2,0,0,0.5,0,0.2,0.2,0.5,0.5
2725,0,0,0.2,0,0,0.5,0,0.2,0.5,0.5,0.2
2733,0,0,0.2,0,0,0.5,0,0.5,0,0.5,0
2740,0,0,0.2,0,0,0.5,0,0.5,0.2,0.2,0.2
2748,0,0,0.2,0,0,0.5,0,0.5,0.5,0.2,0
2777,0,0,0.2,0,0,0.5,0.2,0,0.5,0.2,0.5
2786,0,0,0.2,0,0,0.5,0.2,0.2,0,0.2,0.5
2795,0,0,0.2,0,0,0.5,0.2,0.2,0.2,0.2,0.5
2803,0,0,0.2,0,0,0.5,0.2,0.2,0.5,0.2,0.2
2811,0,0,0.2,0,0,0.5,0.2,0.5,0,0.2,0
2817,0,0,0.2,0,0,0.5,0.2,0.5,0.2,0,0
2825,0,0,0.2,0,0,0.5,0.2,0.5,0.2,0.5,0.5
2833,0,0,0.2,0,0,0.5,0.2,0.5,0.5,0.5,0.2
2863,0,0,0.2,0,0,0.5,0.5,0.2,0,0,0.2
2871,0,0,0.2,0,0,0.5,0.5,0.2,0.2,0,0
2885,0,0,0.2,0,0,0.5,0.5,0.2,0.5,0.2,0.5
2901,0,0,0.2,0,0,0.5,0.5,0.5,0.2,0.2,0
2909,0,0,0.2,0,0,0.5,0.5,0.5,0.5,0,0.5
2916,0,0,0.2,0.2,0,0,0,0,0,0,0
2923,0,0,0.2,0.2,0,0,0,0,0,0.5,0.2
2931,0,0,0.2,0.2,0,0,0,0,0.2,0.5,0
2937,0,0,0.2,0.2,0,0,0,0,0.5,0.2,0
2944,0,0,0.2,0.2,0,0,0,0.2,0,0,0.2
2955,0,0,0.2,0.2,0,0,0,0.2,0.2,0.2,0
2959,0,0,0.2,0.2,0,0,0,0.2,0.2,0.5,0.2
2969,0,0,0.2,0.2,0,0,0,0.2,0.5,0.5,0.5
2975,0,0,0.2,0.2,0,0,0,0.5,0,0.2,0.5
2981,0,0,0.2,0.2,0,0,0,0.5,0.2,0,0.5
2991,0,0,0.2,0.2,0,0,0,0.5,0.5,0.2,0
2996,0,0,0.2,0.2,0,0,0,0.5,0.5,0.5,0.5
3010,0,0,0.2,0.2,0,0,0.2,0,0.2,0.2,0.2
3017,0,0,0.2,0.2,0,0,0.2,0,0.5,0,0.5
3023,0,0,0.2,0.2,0,0,0.2,0,0.5,0.5,0.5
3029,0,0,0.2,0.2,0,0,0.2,0.2,0,0.2,0.5
3036,0,0,0.2,0.2,0,0,0.2,0.2,0.2,0.2,0
3043,0,0,0.2,0.2,0,0,0.2,0.2,0.5,0,0.2
3051,0,0,0.2,0.2,0,0,0.2,0.5,0,0,0
3056,0,0,0.2,0.2,0,0,0.2,0.5,0,0.2,0.5
3063,0,0,0.2,0.2,0,0,0.2,0.5,0.2,0.2,0
3071,0,0,0.2,0.2,0,0,0.2,0.5,0.5,0,0.5
3081,0,0,0.2,0.2,0,0,0.5,0,0,0.2,0
3092,0,0,0.2,0.2,0,0,0.5,0,0.2,0.2,0.5
3099,0,0,0.2,0.2,0,0,0.5,0,0.5,0.2,0
3105,0,0,0.2,0.2,0,0,0.5,0.2,0,0,0
3126,0,0,0.2,0.2,0,0,0.5,0.2,0.5,0.2,0
3133,0,0,0.2,0.2,0,0,0.5,0.5,0,0,0.2
3140,0,0,0.2,0.2,0,0,0.5,0.5,0,0.5,0.5
3157,0,0,0.2,0.2,0,0,0.5,0.5,0.5,0.5,0.2
3163,0,0,0.2,0.2,0,0.2,0,0,0,0.2,0.2
3170,0,0,0.2,0.2,0,0.2,0,0,0.2,0,0.5
3179,0,0,0.2,0.2,0,0.2,0,0,0.5,0,0.5
3188,0,0,0.2,0.2,0,0.2,0,0.2,0,0,0.5
3208,0,0,0.2,0.2,0,0.2,0,0.2,0.5,0.2,0.2
3213,0,0,0.2,0.2,0,0.2,0,0.5,0,0,0
3235,0,0,0.2,0.2,0,0.2,0,0.5,0.5,0.2,0.2
3241,0,0,0.2,0.2,0,0.2,0.2,0,0,0,0.2
3261,0,0,0.2,0.2,0,0.2,0.2,0,0.5,0.2,0
3269,0,0,0.2,0.2,0,0.2,0.2,0.2,0,0,0.5
3276,0,0,0.2,0.2,0,0.2,0.2,0.2,0.2,0,0
3281,0,0,0.2,0.2,0,0.2,0.2,0.2,0.2,0.2,0.5
3287,0,0,0.2,0.2,0,0.2,0.2,0.2,0.5,0,0.5
3294,0,0,0.2,0.2,0,0.2,0.2,0.5,0,0,0
3305,0,0,0.2,0.2,0,0.2,0.2,0.5,0.2,0,0.5
3313,0,0,0.2,0.2,0,0.2,0.2,0.5,0.5,0,0.2
3341,0,0,0.2,0.2,0,0.2,0.5,0,0.5,0,0.5
3348,0,0,0.2,0.2,0,0.2,0.5,0.2,0,0,0
3360,0,0,0.2,0.2,0,0.2,0.5,0.2,0.2,0.2,0
3366,0,0,0.2,0.2,0,0.2,0.5,0.2,0.5,0,0
3377,0,0,0.2,0.2,0,0.2,0.5,0.5,0,0,0.5
3384,0,0,0.2,0.2,0,0.2,0.5,0.5,0.2,0,0
3396,0,0,0.2,0.2,0,0.2,0.5,0.5,0.5,0.2,0
3402,0,0,0.2,0.2,0,0.5,0,0,0,0,0
3416,0,0,0.2,0.2,0,0.5,0,0,0.2,0.2,0.5
3422,0,0,0.2,0.2,0,0.5,0,0,0.5,0,0.5
3433,0,0,0.2,0.2,0,0.5,0,0.2,0,0.2,0.2
3438,0,0,0.2,0.2,0,0.5,0,0.2,0.2,0,0
3452,0,0,0.2,0.2,0,0.5,0,0.2,0.5,0.2,0.5
3458,0,0,0.2,0.2,0,0.5,0,0.5,0,0,0.5
3469,0,0,0.2,0.2,0,0.5,0,0.5,0.2,0.2,0.2
3475,0,0,0.2,0.2,0,0.5,0,0.5,0.5,0,0.2
3481,0,0,0.2,0.2,0,0.5,0,0.5,0.5,0.5,0.2
3493,0,0,0.2,0.2,0,0.5,0.2,0,0.2,0,0.2
3504,0,0,0.2,0.2,0,0.5,0.2,0,0.5,0.2,0
3510,0,0,0.2,0.2,0,0.5,0.2,0.2,0,0,0
3528,0,0,0.2,0.2,0,0.5,0.2,0.2,0.5,0,0
3540,0,0,0.2,0.2,0,0.5,0.2,0.5,0,0.2,0
3546,0,0,0.2,0.2,0,0.5,0.2,0.5,0.2,0,0
3559,0,0,0.2,0.2,0,0.5,0.2,0.5,0.5,0.2,0.2
3565,0,0,0.2,0.2,0,0.5,0.5,0,0,0,0.2
3584,0,0,0.2,0.2,0,0.5,0.5,0,0.5,0,0.5
3602,0,0,0.2,0.2,0,0.5,0.5,0.2,0.2,0,0.5
3620,0,0,0.2,0.2,0,0.5,0.5,0.5,0,0,0.5
3638,0,0,0.2,0.2,0,0.5,0.5,0.5,0.5,0,0.5
3654,0,0,0.2,0.5,0,0,0,0,0.2,0,0
3699,0,0,0.2,0.5,0,0,0,0.5,0,0,0
3719,0,0,0.2,0.5,0,0,0,0.5,0.5,0,0.5
3726,0,0,0.2,0.5,0,0,0.2,0,0,0,0
3744,0,0,0.2,0.5,0,0,0.2,0,0.5,0,0
3763,0,0,0.2,0.5,0,0,0.2,0.2,0.2,0,0.2
3782,0,0,0.2,0.5,0,0,0.2,0.5,0,0,0.5
3789,0,0,0.2,0.5,0,0,0.2,0.5,0.2,0,0
3800,0,0,0.2,0.5,0,0,0.2,0.5,0.5,0,0.5
3807,0,0,0.2,0.5,0,0,0.5,0,0,0,0
3825,0,0,0.2,0.5,0,0,0.5,0,0.5,0,0
3836,0,0,0.2,0.5,0,0,0.5,0.2,0,0,0.5
3853,0,0,0.2,0.5,0,0,0.5,0.2,0.5,0,0.2
3871,0,0,0.2,0.5,0,0,0.5,0.5,0.2,0,0.2
3882,0,0,0.2,0.5,0,0,0.5,0.5,0.5,0.2,0
3924,0,0,0.2,0.5,0,0.2,0,0.2,0.2,0,0
3978,0,0,0.2,0.5,0,0.2,0.2,0,0.2,0,0
3996,0,0,0.2,0.5,0,0.2,0.2,0.2,0,0,0
4024,0,0,0.2,0.5,0,0.2,0.2,0.5,0,0,0.2
4043,0,0,0.2,0.5,0,0.2,0.2,0.5,0.5,0,0.5
4059,0,0,0.2,0.5,0,0.2,0.5,0,0.2,0,0
4077,0,0,0.2,0.5,0,0.2,0.5,0.2,0,0,0
4095,0,0,0.2,0.5,0,0.2,0.5,0.2,0.5,0,0
4113,0,0,0.2,0.5,0,0.2,0.5,0.5,0.2,0,0
4257,0,0,0.2,0.5,0,0.5,0.2,0.2,0.5,0,0
4320,0,0,0.2,0.5,0,0.5,0.5,0.2,0,0,0
4375,0,0,0.5,0,0,0,0,0,0,0,0.2
4382,0,0,0.5,0,0,0,0,0,0,0.5,0.5
4388,0,0,0.5,0,0,0,0,0,0.2,0.2,0.5
4397,0,0,0.5,0,0,0,0,0,0.5,0.2,0.5
4402,0,0,0.5,0,0,0,0,0.2,0,0,0.2
4407,0,0,0.5,0,0,0,0,0.2,0,0.5,0
4413,0,0,0.5,0,0,0,0,0.2,0.2,0.2,0
4417,0,0,0.5,0,0,0,0,0.2,0.2,0.5,0.2
4423,0,0,0.5,0,0,0,0,0.2,0.5,0.2,0.2
4434,0,0,0.5,0,0,0,0,0.5,0,0.5,0
4440,0,0,0.5,0,0,0,0,0.5,0.2,0.2,0
4452,0,0,0.5,0,0,0,0,0.5,0.5,0.5,0
4457,0,0,0.5,0,0,0,0.2,0,0,0,0.5
4463,0,0,0.5,0,0,0,0.2,0,0,0.5,0.5
4469,0,0,0.5,0,0,0,0.2,0,0.2,0.2,0.5
4475,0,0,0.5,0,0,0,0.2,0,0.5,0,0.5
4482,0,0,0.5,0,0,0,0.2,0.2,0,0,0
4488,0,0,0.5,0,0,0,0.2,0.2,0,0.5,0
4494,0,0,0.5,0,0,0,0.2,0.2,0.2,0.2,0
4499,0,0,0.5,0,0,0,0.2,0.2,0.2,0.5,0.5
4505,0,0,0.5,0,0,0,0.2,0.2,0.5,0.2,0.5
4511,0,0,0.5,0,0,0,0.2,0.5,0,0,0.5
4518,0,0,0.5,0,0,0,0.2,0.5,0.2,0,0
4523,0,0,0.5,0,0,0,0.2,0.5,0.2,0.2,0.5
4529,0,0,0.5,0,0,0,0.2,0.5,0.5,0,0.5
4537,0,0,0.5,0,0,0,0.5,0,0,0,0.2
4543,0,0,0.5,0,0,0,0.5,0,0,0.5,0.2
4549,0,0,0.5,0,0,0,0.5,0,0.2,0.2,0.2
4555,0,0,0.5,0,0,0,0.5,0,0.5,0,0.2
4561,0,0,0.5,0,0,0,0.5,0,0.5,0.5,0.2
4568,0,0,0.5,0,0,0,0.5,0.2,0,0.2,0.5
4573,0,0,0.5,0,0,0,0.5,0.2,0.2,0,0.2
4582,0,0,0.5,0,0,0,0.5,0.2,0.5,0,0.2
4588,0,0,0.5,0,0,0,0.5,0.2,0.5,0.5,0.2
4594,0,0,0.5,0,0,0,0.5,0.5,0,0.2,0.2
4601,0,0,0.5,0,0,0,0.5,0.5,0.2,0,0.5
4607,0,0,0.5,0,0,0,0.5,0.5,0.2,0.5,0.5
4613,0,0,0.5,0,0,0,0.5,0.5,0.5,0.2,0.5
4619,0,0,0.5,0,0,0.2,0,0,0,0,0.5
4625,0,0,0.5,0,0,0.2,0,0,0,0.5,0.5
4631,0,0,0.5,0,0,0.2,0,0,0.2,0.2,0.5
4637,0,0,0.5,0,0,0.2,0,0,0.5,0,0.5
4644,0,0,0.5,0,0,0.2,0,0.2,0,0,0
4651,0,0,0.5,0,0,0.2,0,0.2,0,0.5,0.2
4656,0,0,0.5,0,0,0.2,0,0.2,0.2,0.2,0
4668,0,0,0.5,0,0,0.2,0,0.2,0.5,0.5,0
4681,0,0,0.5,0,0,0.2,0,0.5,0.2,0,0.2
4686,0,0,0.5,0,0,0.2,0,0.5,0.2,0.5,0
4692,0,0,0.5,0,0,0.2,0,0.5,0.5,0.2,0
4699,0,0,0.5,0,0,0.2,0.2,0,0,0,0.2
4705,0,0,0.5,0,0,0.2,0.2,0,0,0.5,0.2
4711,0,0,0.5,0,0,0.2,0.2,0,0.2,0.2,0.2
4717,0,0,0.5,0,0,0.2,0.2,0,0.5,0,0.2
4723,0,0,0.5,0,0,0.2,0.2,0,0.5,0.5,0.2
4728,0,0,0.5,0,0,0.2,0.2,0.2,0,0.2,0
4735,0,0,0.5,0,0,0.2,0.2,0.2,0.2,0,0.2
4741,0,0,0.5,0,0,0.2,0.2,0.2,0.2,0.5,0.2
4747,0,0,0.5,0,0,0.2,0.2,0.2,0.5,0.2,0.2
4752,0,0,0.5,0,0,0.2,0.2,0.5,0,0,0
4758,0,0,0.5,0,0,0.2,0.2,0.5,0,0.5,0
4764,0,0,0.5,0,0,0.2,0.2,0.5,0.2,0.2,0
4771,0,0,0.5,0,0,0.2,0.2,0.5,0.5,0,0.2
4776,0,0,0.5,0,0,0.2,0.2,0.5,0.5,0.5,0
4782,0,0,0.5,0,0,0.2,0.5,0,0,0.2,0
4793,0,0,0.5,0,0,0.2,0.5,0,0.2,0.2,0.5
4799,0,0,0.5,0,0,0.2,0.5,0,0.5,0,0.5
4805,0,0,0.5,0,0,0.2,0.5,0,0.5,0.5,0.5
4810,0,0,0.5,0,0,0.2,0.5,0.2,0,0.2,0.2
4816,0,0,0.5,0,0,0.2,0.5,0.2,0.2,0,0.2
4823,0,0,0.5,0,0,0.2,0.5,0.2,0.2,0.5,0.5
4829,0,0,0.5,0,0,0.2,0.5,0.2,0.5,0.2,0.5
4835,0,0,0.5,0,0,0.2,0.5,0.5,0,0,0.5
4841,0,0,0.5,0,0,0.2,0.5,0.5,0,0.5,0.5
4847,0,0,0.5,0,0,0.2,0.5,0.5,0.2,0.2,0.5
4852,0,0,0.5,0,0,0.2,0.5,0.5,0.5,0,0.2
4859,0,0,0.5,0,0,0.2,0.5,0.5,0.5,0.5,0.5
4865,0,0,0.5,0,0,0.5,0,0,0,0.2,0.5
4871,0,0,0.5,0,0,0.5,0,0,0.2,0,0.5
4877,0,0,0.5,0,0,0.5,0,0,0.2,0.5,0.5
4882,0,0,0.5,0,0,0.5,0,0,0.5,0.2,0.2
4888,0,0,0.5,0,0,0.5,0,0.2,0,0,0.2
4895,0,0,0.5,0,0,0.5,0,0.2,0,0.5,0.5
4901,0,0,0.5,0,0,0.5,0,0.2,0.2,0.2,0.5
4912,0,0,0.5,0,0,0.5,0,0.2,0.5,0.5,0.2
4919,0,0,0.5,0,0,0.5,0,0.5,0,0.2,0.5
4931,0,0,0.5,0,0,0.5,0,0.5,0.2,0.5,0.5
4937,0,0,0.5,0,0,0.5,0,0.5,0.5,0.2,0.5
4942,0,0,0.5,0,0,0.5,0.2,0,0,0,0.2
4954,0,0,0.5,0,0,0.5,0.2,0,0.2,0.2,0.2
4960,0,0,0.5,0,0,0.5,0.2,0,0.5,0,0.2
4966,0,0,0.5,0,0,0.5,0.2,0,0.5,0.5,0.2
4973,0,0,0.5,0,0,0.5,0.2,0.2,0,0.2,0.5
4979,0,0,0.5,0,0,0.5,0.2,0.2,0.2,0,0.5
4985,0,0,0.5,0,0,0.5,0.2,0.2,0.2,0.5,0.5
4991,0,0,0.5,0,0,0.5,0.2,0.2,0.5,0.2,0.5
4997,0,0,0.5,0,0,0.5,0.2,0.5,0,0,0.5
5005,0,0,0.5,0,0,0.5,0.2,0.5,0.2,0,0.2
5011,0,0,0.5,0,0,0.5,0.2,0.5,0.2,0.5,0.2
5017,0,0,0.5,0,0,0.5,0.2,0.5,0.5,0.2,0.2
5035,0,0,0.5,0,0,0.5,0.5,0,0.2,0.2,0.2
5041,0,0,0.5,0,0,0.5,0.5,0,0.5,0,0.2
15316,0,0.5,0.2,0,0,0,0,0,0,0.5,0.2
15322,0,0.5,0.2,0,0,0,0,0,0.2,0.2,0.2
15330,0,0.5,0.2,0,0,0,0,0,0.5,0.2,0
15340,0,0.5,0.2,0,0,0,0,0.2,0,0.2,0.2
15346,0,0.5,0.2,0,0,0,0,0.2,0.2,0,0.2
15354,0,0.5,0.2,0,0,0,0,0.2,0.5,0,0
15362,0,0.5,0.2,0,0,0,0,0.2,0.5,0.5,0.5
15370,0,0.5,0.2,0,0,0,0,0.5,0,0.5,0.2
15378,0,0.5,0.2,0,0,0,0,0.5,0.2,0.5,0
15387,0,0.5,0.2,0,0,0,0,0.5,0.5,0.5,0
15389,0,0.5,0.2,0,0,0,0,0.5,0.5,0.5,0.5
15399,0,0.5,0.2,0,0,0,0.2,0,0.2,0,0
15407,0,0.5,0.2,0,0,0,0.2,0,0.2,0.5,0.5
15415,0,0.5,0.2,0,0,0,0.2,0,0.5,0.5,0.2
15423,0,0.5,0.2,0,0,0,0.2,0.2,0,0.5,0
15431,0,0.5,0.2,0,0,0,0.2,0.2,0.2,0.2,0.5
15438,0,0.5,0.2,0,0,0,0.2,0.2,0.5,0.2,0
15444,0,0.5,0.2,0,0,0,0.2,0.5,0,0,0
15456,0,0.5,0.2,0,0,0,0.2,0.5,0.2,0.2,0
15463,0,0.5,0.2,0,0,0,0.2,0.5,0.5,0,0.2
15479,0,0.5,0.2,0,0,0,0.5,0,0,0.5,0.5
15487,0,0.5,0.2,0,0,0,0.5,0,0.2,0.5,0.2
15495,0,0.5,0.2,0,0,0,0.5,0,0.5,0.5,0
15504,0,0.5,0.2,0,0,0,0.5,0.2,0,0.5,0
15512,0,0.5,0.2,0,0,0,0.5,0.2,0.2,0.2,0.5
15520,0,0.5,0.2,0,0,0,0.5,0.2,0.5,0.2,0.2
15528,0,0.5,0.2,0,0,0,0.5,0.5,0,0.2,0
15536,0,0.5,0.2,0,0,0,0.5,0.5,0.2,0,0.5
15546,0,0.5,0.2,0,0,0,0.5,0.5,0.5,0.2,0
15552,0,0.5,0.2,0,0,0.2,0,0,0,0,0
15561,0,0.5,0.2,0,0,0.2,0,0,0.2,0,0
15572,0,0.5,0.2,0,0,0.2,0,0,0.5,0,0.5
15596,0,0.5,0.2,0,0,0.2,0,0.2,0.2,0.5,0.5
15604,0,0.5,0.2,0,0,0.2,0,0.2,0.5,0.5,0.2
15612,0,0.5,0.2,0,0,0.2,0,0.5,0,0.5,0
15620,0,0.5,0.2,0,0,0.2,0,0.5,0.2,0.2,0.5
15627,0,0.5,0.2,0,0,0.2,0,0.5,0.5,0.2,0
15634,0,0.5,0.2,0,0,0.2,0.2,0,0,0,0.2
15645,0,0.5,0.2,0,0,0.2,0.2,0,0.2,0.2,0
15652,0,0.5,0.2,0,0,0.2,0.2,0,0.5,0,0.2
15660,0,0.5,0.2,0,0,0.2,0.2,0.2,0,0,0
15668,0,0.5,0.2,0,0,0.2,0.2,0.2,0,0.5,0.5
15675,0,0.5,0.2,0,0,0.2,0.2,0.2,0.2,0.5,0
15683,0,0.5,0.2,0,0,0.2,0.2,0.2,0.5,0.2,0.5
15691,0,0.5,0.2,0,0,0.2,0.2,0.5,0,0.2,0.2
15698,0,0.5,0.2,0,0,0.2,0.2,0.5,0.2,0,0.5
15705,0,0.5,0.2,0,0,0.2,0.2,0.5,0.5,0,0
15725,0,0.5,0.2,0,0,0.2,0.5,0,0.2,0,0.5
15758,0,0.5,0.2,0,0,0.2,0.5,0.2,0.2,0.5,0.5
15766,0,0.5,0.2,0,0,0.2,0.5,0.2,0.5,0.5,0.2
15774,0,0.5,0.2,0,0,0.2,0.5,0.5,0,0.5,0
15782,0,0.5,0.2,0,0,0.2,0.5,0.5,0.2,0.2,0.5
15790,0,0.5,0.2,0,0,0.2,0.5,0.5,0.5,0.2,0.2
15798,0,0.5,0.2,0,0,0.5,0,0,0,0.2,0
15806,0,0.5,0.2,0,0,0.5,0,0,0.2,0,0.5
15815,0,0.5,0.2,0,0,0.5,0,0,0.5,0,0.5
15825,0,0.5,0.2,0,0,0.5,0,0.2,0,0.2,0
15832,0,0.5,0.2,0,0,0.5,0,0.2,0.2,0,0.2
15839,0,0.5,0.2,0,0,0.5,0,0.2,0.2,0.5,0.5
15847,0,0.5,0.2,0,0,0.5,0,0.2,0.5,0.5,0.2
15855,0,0.5,0.2,0,0,0.5,0,0.5,0,0.5,0
15863,0,0.5,0.2,0,0,0.5,0,0.5,0.2,0.2,0.5
15868,0,0.5,0.2,0,0,0.5,0,0.5,0.5,0,0.2
15876,0,0.5,0.2,0,0,0.5,0.2,0,0,0,0
15886,0,0.5,0.2,0,0,0.5,0.2,0,0.2,0,0.2
15895,0,0.5,0.2,0,0,0.5,0.2,0,0.5,0,0.2
15903,0,0.5,0.2,0,0,0.5,0.2,0.2,0,0,0
15911,0,0.5,0.2,0,0,0.5,0.2,0.2,0,0.5,0.5
15919,0,0.5,0.2,0,0,0.5,0.2,0.2,0.2,0.5,0.2
15927,0,0.5,0.2,0,0,0.5,0.2,0.2,0.5,0.5,0
15935,0,0.5,0.2,0,0,0.5,0.2,0.5,0,0.2,0.5
15943,0,0.5,0.2,0,0,0.5,0.2,0.5,0.2,0.2,0.2
15951,0,0.5,0.2,0,0,0.5,0.2,0.5,0.5,0.2,0
15979,0,0.5,0.2,0,0,0.5,0.5,0,0.5,0.2,0.2
15986,0,0.5,0.2,0,0,0.5,0.5,0.2,0,0,0.5
15995,0,0.5,0.2,0,0,0.5,0.5,0.2,0.2,0,0.5
16004,0,0.5,0.2,0,0,0.5,0.5,0.2,0.5,0,0.5
16019,0,0.5,0.2,0,0,0.5,0.5,0.5,0,0.5,0.5
16027,0,0.5,0.2,0,0,0.5,0.5,0.5,0.2,0.5,0.2
16033,0,0.5,0.2,0,0,0.5,0.5,0.5,0.5,0.2,0.2
16042,0,0.5,0.2,0.2,0,0,0,0,0,0.2,0.2
16056,0,0.5,0.2,0.2,0,0,0,0,0.5,0,0
16065,0,0.5,0.2,0.2,0,0,0,0.2,0,0,0
16074,0,0.5,0.2,0.2,0,0,0,0.2,0.2,0,0
16083,0,0.5,0.2,0.2,0,0,0,0.2,0.5,0,0
16092,0,0.5,0.2,0.2,0,0,0,0.5,0,0,0
16100,0,0.5,0.2,0.2,0,0,0,0.5,0,0.5,0.5
16108,0,0.5,0.2,0.2,0,0,0,0.5,0.2,0.5,0.2
16116,0,0.5,0.2,0.2,0,0,0,0.5,0.5,0.5,0
16121,0,0.5,0.2,0.2,0,0,0.2,0,0,0,0.5
16129,0,0.5,0.2,0.2,0,0,0.2,0,0.2,0,0.2
16140,0,0.5,0.2,0.2,0,0,0.2,0,0.5,0.2,0
16147,0,0.5,0.2,0.2,0,0,0.2,0.2,0,0,0.2
16154,0,0.5,0.2,0.2,0,0,0.2,0.2,0,0.5,0.5
16162,0,0.5,0.2,0.2,0,0,0.2,0.2,0.2,0.5,0.2
16170,0,0.5,0.2,0.2,0,0,0.2,0.2,0.5,0.5,0
16178,0,0.5,0.2,0.2,0,0,0.2,0.5,0,0.2,0.5
16185,0,0.5,0.2,0.2,0,0,0.2,0.5,0.2,0.2,0
16190,0,0.5,0.2,0.2,0,0,0.2,0.5,0.2,0.5,0.5
16198,0,0.5,0.2,0.2,0,0,0.2,0.5,0.5,0.5,0.2
16206,0,0.5,0.2,0.2,0,0,0.5,0,0,0.5,0
16214,0,0.5,0.2,0.2,0,0,0.5,0,0.2,0.2,0.5
16222,0,0.5,0.2,0.2,0,0,0.5,0,0.5,0.2,0.2
16230,0,0.5,0.2,0.2,0,0,0.5,0.2,0,0.2,0
16238,0,0.5,0.2,0.2,0,0,0.5,0.2,0.2,0,0.5
16246,0,0.5,0.2,0.2,0,0,0.5,0.2,0.5,0,0.2
16254,0,0.5,0.2,0.2,0,0,0.5,0.5,0,0,0
16260,0,0.5,0.2,0.2,0,0,0.5,0.5,0,0.5,0
16268,0,0.5,0.2,0.2,0,0,0.5,0.5,0.2,0.2,0.5
16275,0,0.5,0.2,0.2,0,0,0.5,0.5,0.5,0.2,0
16282,0,0.5,0.2,0.2,0,0.2,0,0,0,0,0.2
16293,0,0.5,0.2,0.2,0,0.2,0,0,0.2,0.2,0
16307,0,0.5,0.2,0.2,0,0.2,0,0,0.5,0.5,0.5
16315,0,0.5,0.2,0.2,0,0.2,0,0.2,0,0.5,0.2
16323,0,0.5,0.2,0.2,0,0.2,0,0.2,0.2,0.5,0
16331,0,0.5,0.2,0.2,0,0.2,0,0.2,0.5,0.2,0.5
16339,0,0.5,0.2,0.2,0,0.2,0,0.5,0,0.2,0.2
16346,0,0.5,0.2,0.2,0,0.2,0,0.5,0.2,0,0.5
16356,0,0.5,0.2,0.2,0,0.2,0,0.5,0.5,0.2,0
16361,0,0.5,0.2,0.2,0,0.2,0,0.5,0.5,0.5,0.5
16377,0,0.5,0.2,0.2,0,0.2,0.2,0,0.2,0.5,0
16384,0,0.5,0.2,0.2,0,0.2,0.2,0,0.5,0.2,0.2
16392,0,0.5,0.2,0.2,0,0.2,0.2,0.2,0,0.2,0
16400,0,0.5,0.2,0.2,0,0.2,0.2,0.2,0.2,0,0.5
16408,0,0.5,0.2,0.2,0,0.2,0.2,0.2,0.5,0,0.2
16417,0,0.5,0.2,0.2,0,0.2,0.2,0.5,0,0,0.2
16430,0,0.5,0.2,0.2,0,0.2,0.2,0.5,0.2,0.2,0.5
16436,0,0.5,0.2,0.2,0,0.2,0.2,0.5,0.5,0,0.5
16446,0,0.5,0.2,0.2,0,0.2,0.5,0,0,0.2,0
16454,0,0.5,0.2,0.2,0,0.2,0.5,0,0.2,0,0.5
16462,0,0.5,0.2,0.2,0,0.2,0.5,0,0.5,0,0.2
16471,0,0.5,0.2,0.2,0,0.2,0.5,0.2,0,0,0.2
16494,0,0.5,0.2,0.2,0,0.2,0.5,0.2,0.5,0.5,0
16502,0,0.5,0.2,0.2,0,0.2,0.5,0.5,0,0.2,0.5
16509,0,0.5,0.2,0.2,0,0.2,0.5,0.5,0.2,0.2,0
16520,0,0.5,0.2,0.2,0,0.2,0.5,0.5,0.5,0.2,0.5
16526,0,0.5,0.2,0.2,0,0.5,0,0,0,0,0.5
16539,0,0.5,0.2,0.2,0,0.5,0,0,0.2,0.5,0
16547,0,0.5,0.2,0.2,0,0.5,0,0,0.5,0.2,0.5
16554,0,0.5,0.2,0.2,0,0.5,0,0.2,0,0.2,0
16560,0,0.5,0.2,0.2,0,0.5,0,0.2,0.2,0,0
16571,0,0.5,0.2,0.2,0,0.5,0,0.2,0.5,0,0.5
16581,0,0.5,0.2,0.2,0,0.5,0,0.5,0,0.2,0
16586,0,0.5,0.2,0.2,0,0.5,0,0.5,0,0.5,0.5
16594,0,0.5,0.2,0.2,0,0.5,0,0.5,0.2,0.5,0.2
16601,0,0.5,0.2,0.2,0,0.5,0,0.5,0.5,0.2,0.5
16610,0,0.5,0.2,0.2,0,0.5,0.2,0,0,0.2,0.5
16618,0,0.5,0.2,0.2,0,0.5,0.2,0,0.2,0.2,0.2
16624,0,0.5,0.2,0.2,0,0.5,0.2,0,0.5,0,0.2
16633,0,0.5,0.2,0.2,0,0.5,0.2,0.2,0,0,0.2
16644,0,0.5,0.2,0.2,0,0.5,0.2,0.2,0.2,0.2,0
16650,0,0.5,0.2,0.2,0,0.5,0.2,0.2,0.5,0,0
16658,0,0.5,0.2,0.2,0,0.5,0.2,0.2,0.5,0.5,0.5
16666,0,0.5,0.2,0.2,0,0.5,0.2,0.5,0,0.5,0.2
16675,0,0.5,0.2,0.2,0,0.5,0.2,0.5,0.2,0.5,0.2
16683,0,0.5,0.2,0.2,0,0.5,0.2,0.5,0.5,0.5,0
16698,0,0.5,0.2,0.2,0,0.5,0.5,0,0.2,0.2,0
16709,0,0.5,0.2,0.2,0,0.5,0.5,0,0.5,0.2,0.5
16716,0,0.5,0.2,0.2,0,0.5,0.5,0.2,0,0.2,0
16725,0,0.5,0.2,0.2,0,0.5,0.5,0.2,0.2,0.2,0
16732,0,0.5,0.2,0.2,0,0.5,0.5,0.2,0.5,0,0.2
16743,0,0.5,0.2,0.2,0,0.5,0.5,0.5,0,0.2,0
16753,0,0.5,0.2,0.2,0,0.5,0.5,0.5,0.2,0.2,0.2
16761,0,0.5,0.2,0.2,0,0.5,0.5,0.5,0.5,0.2,0
16804,0,0.5,0.2,0.5,0,0,0,0.2,0.2,0,0.2
16817,0,0.5,0.2,0.5,0,0,0,0.2,0.5,0.2,0.5
16833,0,0.5,0.2,0.5,0,0,0,0.5,0.2,0.2,0
16871,0,0.5,0.2,0.5,0,0,0.2,0,0.5,0.2,0.5
16876,0,0.5,0.2,0.5,0,0,0.2,0.2,0,0,0.2
16884,0,0.5,0.2,0.5,0,0,0.2,0.2,0.2,0,0
16896,0,0.5,0.2,0.5,0,0,0.2,0.2,0.5,0.2,0
16911,0,0.5,0.2,0.5,0,0,0.2,0.5,0.2,0,0
16920,0,0.5,0.2,0.5,0,0,0.2,0.5,0.5,0,0
16928,0,0.5,0.2,0.5,0,0,0.2,0.5,0.5,0.5,0.5
16950,0,0.5,0.2,0.5,0,0,0.5,0,0.5,0.2,0
16959,0,0.5,0.2,0.5,0,0,0.5,0.2,0,0.2,0
16967,0,0.5,0.2,0.5,0,0,0.5,0.2,0.2,0,0.5
16974,0,0.5,0.2,0.5,0,0,0.5,0.2,0.5,0,0
16979,0,0.5,0.2,0.5,0,0,0.5,0.2,0.5,0.2,0.5
16989,0,0.5,0.2,0.5,0,0,0.5,0.5,0,0.5,0
16997,0,0.5,0.2,0.5,0,0,0.5,0.5,0.2,0.2,0.5
17005,0,0.5,0.2,0.5,0,0,0.5,0.5,0.5,0.2,0.2
17064,0,0.5,0.2,0.5,0,0.2,0,0.5,0,0,0
17076,0,0.5,0.2,0.5,0,0.2,0,0.5,0.2,0.2,0
17136,0,0.5,0.2,0.5,0,0.2,0.2,0.2,0.5,0,0
17168,0,0.5,0.2,0.5,0,0.2,0.2,0.5,0.5,0.2,0.5
17210,0,0.5,0.2,0.5,0,0.2,0.5,0.2,0.2,0,0.5
17218,0,0.5,0.2,0.5,0,0.2,0.5,0.2,0.5,0,0.2
17226,0,0.5,0.2,0.5,0,0.2,0.5,0.5,0,0,0
17246,0,0.5,0.2,0.5,0,0.2,0.5,0.5,0.5,0,0.5
17253,0,0.5,0.2,0.5,0,0.5,0,0,0,0,0
17280,0,0.5,0.2,0.5,0,0.5,0,0.2,0,0,0
17299,0,0.5,0.2,0.5,0,0.5,0,0.2,0.5,0,0.2
17317,0,0.5,0.2,0.5,0,0.5,0,0.5,0.2,0,0.2
17343,0,0.5,0.2,0.5,0,0.5,0.2,0,0.2,0,0
17425,0,0.5,0.2,0.5,0,0.5,0.5,0,0.2,0,0.2
17443,0,0.5,0.2,0.5,0,0.5,0.5,0.2,0,0,0.2
17453,0,0.5,0.2,0.5,0,0.5,0.5,0.2,0.2,0,0.5
17461,0,0.5,0.2,0.5,0,0.5,0.5,0.2,0.5,0,0.2
17469,0,0.5,0.2,0.5,0,0.5,0.5,0.5,0,0,0
17500,0,0.5,0.5,0,0,0,0,0,0,0.2,0.2
17510,0,0.5,0.5,0,0,0,0,0,0.2,0.2,0.5
17516,0,0.5,0.5,0,0,0,0,0,0.5,0,0.5
17526,0,0.5,0.5,0,0,0,0,0.2,0,0.2,0
17537,0,0.5,0.5,0,0,0,0,0.2,0.2,0.2,0.5
17543,0,0.5,0.5,0,0,0,0,0.2,0.5,0,0.5
17552,0,0.5,0.5,0,0,0,0,0.5,0,0,0.5
17562,0,0.5,0.5,0,0,0,0,0.5,0.2,0.2,0
17570,0,0.5,0.5,0,0,0,0,0.5,0.5,0,0.5
17578,0,0.5,0.5,0,0,0,0.2,0,0,0,0.2
17586,0,0.5,0.5,0,0,0,0.2,0,0.2,0,0
17594,0,0.5,0.5,0,0,0,0.2,0,0.2,0.5,0.5
17602,0,0.5,0.5,0,0,0,0.2,0,0.5,0.5,0.2
17610,0,0.5,0.5,0,0,0,0.2,0.2,0,0.5,0
17618,0,0.5,0.5,0,0,0,0.2,0.2,0.2,0.2,0.5
17625,0,0.5,0.5,0,0,0,0.2,0.2,0.5,0.2,0
17631,0,0.5,0.5,0,0,0,0.2,0.5,0,0,0
17639,0,0.5,0.5,0,0,0,0.2,0.5,0,0.5,0.5
17647,0,0.5,0.5,0,0,0,0.2,0.5,0.2,0.5,0.2
17655,0,0.5,0.5,0,0,0,0.2,0.5,0.5,0.5,0
17671,0,0.5,0.5,0,0,0,0.5,0,0.2,0.2,0.2
17679,0,0.5,0.5,0,0,0,0.5,0,0.5,0.2,0
17684,0,0.5,0.5,0,0,0,0.5,0,0.5,0.5,0.5
17693,0,0.5,0.5,0,0,0,0.5,0.2,0,0.5,0.5
17701,0,0.5,0.5,0,0,0,0.5,0.2,0.2,0.5,0.2
17710,0,0.5,0.5,0,0,0,0.5,0.2,0.5,0.5,0.2
17718,0,0.5,0.5,0,0,0,0.5,0.5,0,0.5,0
17727,0,0.5,0.5,0,0,0,0.5,0.5,0.2,0.5,0
17735,0,0.5,0.5,0,0,0,0.5,0.5,0.5,0.2,0.5
17743,0,0.5,0.5,0,0,0.2,0,0,0,0.2,0.2
17754,0,0.5,0.5,0,0,0.2,0,0,0.2,0.5,0
17762,0,0.5,0.5,0,0,0.2,0,0,0.5,0.2,0.5
17770,0,0.5,0.5,0,0,0.2,0,0.2,0,0.2,0.2
17780,0,0.5,0.5,0,0,0.2,0,0.2,0.2,0.2,0.5
17789,0,0.5,0.5,0,0,0.2,0,0.2,0.5,0.2,0.5
17799,0,0.5,0.5,0,0,0.2,0,0.5,0,0.5,0
17809,0,0.5,0.5,0,0,0.2,0,0.5,0.2,0.5,0.2
17815,0,0.5,0.5,0,0,0.2,0,0.5,0.5,0.2,0.2
17826,0,0.5,0.5,0,0,0.2,0.2,0,0,0.5,0
17833,0,0.5,0.5,0,0,0.2,0.2,0,0.2,0.2,0.2
17841,0,0.5,0.5,0,0,0.2,0.2,0,0.5,0.2,0
17849,0,0.5,0.5,0,0,0.2,0.2,0.2,0,0,0.5
17858,0,0.5,0.5,0,0,0.2,0.2,0.2,0.2,0,0.5
17866,0,0.5,0.5,0,0,0.2,0.2,0.2,0.5,0,0.2
17872,0,0.5,0.5,0,0,0.2,0.2,0.2,0.5,0.5,0.2
17880,0,0.5,0.5,0,0,0.2,0.2,0.5,0,0.5,0
17888,0,0.5,0.5,0,0,0.2,0.2,0.5,0.2,0.2,0.5
17895,0,0.5,0.5,0,0,0.2,0.2,0.5,0.5,0.2,0
17904,0,0.5,0.5,0,0,0.2,0.5,0,0,0.2,0
17923,0,0.5,0.5,0,0,0.2,0.5,0,0.5,0.2,0.2
17931,0,0.5,0.5,0,0,0.2,0.5,0.2,0,0.2,0
17939,0,0.5,0.5,0,0,0.2,0.5,0.2,0.2,0,0.5
17945,0,0.5,0.5,0,0,0.2,0.5,0.2,0.2,0.5,0.5
17953,0,0.5,0.5,0,0,0.2,0.5,0.2,0.5,0.5,0.2
17961,0,0.5,0.5,0,0,0.2,0.5,0.5,0,0.5,0
17969,0,0.5,0.5,0,0,0.2,0.5,0.5,0.2,0.2,0.5
17977,0,0.5,0.5,0,0,0.2,0.5,0.5,0.5,0.2,0.2
17985,0,0.5,0.5,0,0,0.5,0,0,0,0.2,0
17993,0,0.5,0.5,0,0,0.5,0,0,0.2,0,0.5
18001,0,0.5,0.5,0,0,0.5,0,0,0.5,0,0.2
18018,0,0.5,0.5,0,0,0.5,0,0.2,0.2,0,0
18030,0,0.5,0.5,0,0,0.5,0,0.2,0.5,0.2,0
18044,0,0.5,0.5,0,0,0.5,0,0.5,0,0.5,0.5
18053,0,0.5,0.5,0,0,0.5,0,0.5,0.2,0.5,0.5
18060,0,0.5,0.5,0,0,0.5,0,0.5,0.5,0.5,0
18068,0,0.5,0.5,0,0,0.5,0.2,0,0,0.2,0.5
18076,0,0.5,0.5,0,0,0.5,0.2,0,0.2,0.2,0.2
18084,0,0.5,0.5,0,0,0.5,0.2,0,0.5,0.2,0
18092,0,0.5,0.5,0,0,0.5,0.2,0.2,0,0,0.5
18101,0,0.5,0.5,0,0,0.5,0.2,0.2,0.2,0,0.5
18110,0,0.5,0.5,0,0,0.5,0.2,0.2,0.5,0,0.5
18118,0,0.5,0.5,0,0,0.5,0.2,0.5,0,0,0.2
18126,0,0.5,0.5,0,0,0.5,0.2,0.5,0.2,0,0
18134,0,0.5,0.5,0,0,0.5,0.2,0.5,0.2,0.5,0.5
18142,0,0.5,0.5,0,0,0.5,0.2,0.5,0.5,0.5,0.2
18157,0,0.5,0.5,0,0,0.5,0.5,0,0.2,0.2,0.2
18165,0,0.5,0.5,0,0,0.5,0.5,0,0.5,0.2,0
18172,0,0.5,0.5,0,0,0.5,0.5,0.2,0,0,0.2
18181,0,0.5,0.5,0,0,0.5,0.5,0.2,0.2,0,0.2
18197,0,0.5,0.5,0,0,0.5,0.5,0.2,0.5,0.5,0.5
18205,0,0.5,0.5,0,0,0.5,0.5,0.5,0,0.5,0.2
18213,0,0.5,0.5,0,0,0.5,0.5,0.5,0.2,0.5,0
18221,0,0.5,0.5,0,0,0.5,0.5,0.5,0.5,0.2,0.5
18229,0,0.5,0.5,0.2,0,0,0,0,0,0.2,0.2
18239,0,0.5,0.5,0.2,0,0,0,0,0.2,0.2,0.5
18247,0,0.5,0.5,0.2,0,0,0,0,0.5,0.2,0.2
18255,0,0.5,0.5,0.2,0,0,0,0.2,0,0.2,0
18268,0,0.5,0.5,0.2,0,0,0,0.2,0.2,0.5,0.2
18277,0,0.5,0.5,0.2,0,0,0,0.2,0.5,0.5,0.2
18285,0,0.5,0.5,0.2,0,0,0,0.5,0,0.5,0
18297,0,0.5,0.5,0.2,0,0,0,0.5,0.5,0,0
18307,0,0.5,0.5,0.2,0,0,0.2,0,0,0,0.2
18315,0,0.5,0.5,0.2,0,0,0.2,0,0.2,0,0
18323,0,0.5,0.5,0.2,0,0,0.2,0,0.2,0.5,0.5
18331,0,0.5,0.5,0.2,0,0,0.2,0,0.5,0.5,0.2
18339,0,0.5,0.5,0.2,0,0,0.2,0.2,0,0.5,0
18347,0,0.5,0.5,0.2,0,0,0.2,0.2,0.2,0.2,0.5
18354,0,0.5,0.5,0.2,0,0,0.2,0.2,0.5,0.2,0
18360,0,0.5,0.5,0.2,0,0,0.2,0.5,0,0,0
18369,0,0.5,0.5,0.2,0,0,0.2,0.5,0.2,0,0
18377,0,0.5,0.5,0.2,0,0,0.2,0.5,0.2,0.5,0.5
18385,0,0.5,0.5,0.2,0,0,0.2,0.5,0.5,0.5,0.2
18393,0,0.5,0.5,0.2,0,0,0.5,0,0,0.5,0
18408,0,0.5,0.5,0.2,0,0,0.5,0,0.5,0.2,0
18414,0,0.5,0.5,0.2,0,0,0.5,0.2,0,0,0
18426,0,0.5,0.5,0.2,0,0,0.5,0.2,0.2,0.2,0
18432,0,0.5,0.5,0.2,0,0,0.5,0.2,0.5,0,0
18440,0,0.5,0.5,0.2,0,0,0.5,0.2,0.5,0.5,0.5
18448,0,0.5,0.5,0.2,0,0,0.5,0.5,0,0.5,0.2
18455,0,0.5,0.5,0.2,0,0,0.5,0.5,0.2,0.2,0.5
18463,0,0.5,0.5,0.2,0,0,0.5,0.5,0.5,0.2,0.2
18471,0,0.5,0.5,0.2,0,0.2,0,0,0,0.2,0
18484,0,0.5,0.5,0.2,0,0.2,0,0,0.2,0.5,0.2
18490,0,0.5,0.5,0.2,0,0.2,0,0,0.5,0.2,0.2
18503,0,0.5,0.5,0.2,0,0.2,0,0.2,0,0.5,0.5
18511,0,0.5,0.5,0.2,0,0.2,0,0.2,0.2,0.5,0.2
18520,0,0.5,0.5,0.2,0,0.2,0,0.2,0.5,0.5,0.2
18525,0,0.5,0.5,0.2,0,0.2,0,0.5,0,0.2,0
18539,0,0.5,0.5,0.2,0,0.2,0,0.5,0.2,0.5,0.5
18547,0,0.5,0.5,0.2,0,0.2,0,0.5,0.5,0.5,0.2
18552,0,0.5,0.5,0.2,0,0.2,0.2,0,0,0.2,0
18560,0,0.5,0.5,0.2,0,0.2,0.2,0,0.2,0,0.5
18570,0,0.5,0.5,0.2,0,0.2,0.2,0,0.5,0.2,0
18575,0,0.5,0.5,0.2,0,0.2,0.2,0,0.5,0.5,0.5
18582,0,0.5,0.5,0.2,0,0.2,0.2,0.2,0,0.5,0
18588,0,0.5,0.5,0.2,0,0.2,0.2,0.2,0.2,0.2,0
18593,0,0.5,0.5,0.2,0,0.2,0.2,0.2,0.2,0.5,0.5
18599,0,0.5,0.5,0.2,0,0.2,0.2,0.2,0.5,0.2,0.5
18607,0,0.5,0.5,0.2,0,0.2,0.2,0.5,0,0.2,0.2
18613,0,0.5,0.5,0.2,0,0.2,0.2,0.5,0.2,0,0.2
18621,0,0.5,0.5,0.2,0,0.2,0.2,0.5,0.5,0,0
18629,0,0.5,0.5,0.2,0,0.2,0.2,0.5,0.5,0.5,0.5
18636,0,0.5,0.5,0.2,0,0.2,0.5,0,0,0.5,0
18643,0,0.5,0.5,0.2,0,0.2,0.5,0,0.2,0.2,0.2
18649,0,0.5,0.5,0.2,0,0.2,0.5,0,0.5,0,0.2
18656,0,0.5,0.5,0.2,0,0.2,0.5,0,0.5,0.5,0.5
18663,0,0.5,0.5,0.2,0,0.2,0.5,0.2,0,0.5,0
18669,0,0.5,0.5,0.2,0,0.2,0.5,0.2,0.2,0.2,0
18674,0,0.5,0.5,0.2,0,0.2,0.5,0.2,0.2,0.5,0.5
18681,0,0.5,0.5,0.2,0,0.2,0.5,0.2,0.5,0.5,0
18688,0,0.5,0.5,0.2,0,0.2,0.5,0.5,0,0.2,0.2
18695,0,0.5,0.5,0.2,0,0.2,0.5,0.5,0.2,0,0.5
18703,0,0.5,0.5,0.2,0,0.2,0.5,0.5,0.5,0,0.2
18710,0,0.5,0.5,0.2,0,0.2,0.5,0.5,0.5,0.5,0.5
18719,0,0.5,0.5,0.2,0,0.5,0,0,0,0.5,0.5
18726,0,0.5,0.5,0.2,0,0.5,0,0,0.2,0.5,0
18736,0,0.5,0.5,0.2,0,0.5,0,0,0.5,0.5,0.2
18743,0,0.5,0.5,0.2,0,0.5,0,0.2,0,0.2,0.5
18753,0,0.5,0.5,0.2,0,0.5,0,0.2,0.2,0.5,0
18763,0,0.5,0.5,0.2,0,0.5,0,0.2,0.5,0.5,0.2
18770,0,0.5,0.5,0.2,0,0.5,0,0.5,0,0.2,0.5
18779,0,0.5,0.5,0.2,0,0.5,0,0.5,0.2,0.2,0.5
18787,0,0.5,0.5,0.2,0,0.5,0,0.5,0.5,0.2,0.2
18794,0,0.5,0.5,0.2,0,0.5,0.2,0,0,0,0.5
18801,0,0.5,0.5,0.2,0,0.5,0.2,0,0.2,0,0
18808,0,0.5,0.5,0.2,0,0.5,0.2,0,0.2,0.5,0.2
18815,0,0.5,0.5,0.2,0,0.5,0.2,0,0.5,0.2,0.5
18822,0,0.5,0.5,0.2,0,0.5,0.2,0.2,0,0.2,0
18828,0,0.5,0.5,0.2,0,0.5,0.2,0.2,0.2,0,0
18835,0,0.5,0.5,0.2,0,0.5,0.2,0.2,0.2,0.5,0.2
18842,0,0.5,0.5,0.2,0,0.5,0.2,0.2,0.5,0.2,0.5
18850,0,0.5,0.5,0.2,0,0.5,0.2,0.5,0,0.2,0.2
18855,0,0.5,0.5,0.2,0,0.5,0.2,0.5,0.2,0,0
18862,0,0.5,0.5,0.2,0,0.5,0.2,0.5,0.2,0.5,0.2
18869,0,0.5,0.5,0.2,0,0.5,0.2,0.5,0.5,0.2,0.5
18877,0,0.5,0.5,0.2,0,0.5,0.5,0,0,0.2,0.2
18884,0,0.5,0.5,0.2,0,0.5,0.5,0,0.2,0,0.5
18897,0,0.5,0.5,0.2,0,0.5,0.5,0,0.5,0.5,0
18904,0,0.5,0.5,0.2,0,0.5,0.5,0.2,0,0.2,0.2
18911,0,0.5,0.5,0.2,0,0.5,0.5,0.2,0.2,0,0.5
18918,0,0.5,0.5,0.2,0,0.5,0.5,0.2,0.5,0,0
18925,0,0.5,0.5,0.2,0,0.5,0.5,0.2,0.5,0.5,0.2
18932,0,0.5,0.5,0.2,0,0.5,0.5,0.5,0,0.2,0.5
18939,0,0.5,0.5,0.2,0,0.5,0.5,0.5,0.2,0.2,0
18946,0,0.5,0.5,0.2,0,0.5,0.5,0.5,0.5,0,0.2
18952,0,0.5,0.5,0.2,0,0.5,0.5,0.5,0.5,0.5,0.2
18961,0,0.5,0.5,0.5,0,0,0,0,0,0.5,0.2
18971,0,0.5,0.5,0.5,0,0,0,0,0.2,0.5,0.5
18977,0,0.5,0.5,0.5,0,0,0,0,0.5,0.2,0.5
18985,0,0.5,0.5,0.5,0,0,0,0.2,0,0.2,0.2
18993,0,0.5,0.5,0.5,0,0,0,0.2,0.2,0.2,0
19003,0,0.5,0.5,0.5,0,0,0,0.2,0.5,0.2,0.2
19012,0,0.5,0.5,0.5,0,0,0,0.5,0,0.2,0.2
19022,0,0.5,0.5,0.5,0,0,0,0.5,0.2,0.2,0.5
19031,0,0.5,0.5,0.5,0,0,0,0.5,0.5,0.2,0.5
19056,0,0.5,0.5,0.5,0,0,0.2,0,0.5,0.2,0
19062,0,0.5,0.5,0.5,0,0,0.2,0.2,0,0,0
19069,0,0.5,0.5,0.5,0,0,0.2,0.2,0,0.5,0.2
19076,0,0.5,0.5,0.5,0,0,0.2,0.2,0.2,0.2,0.5
19083,0,0.5,0.5,0.5,0,0,0.2,0.2,0.5,0.2,0
19087,0,0.5,0.5,0.5,0,0,0.2,0.2,0.5,0.5,0.2
19094,0,0.5,0.5,0.5,0,0,0.2,0.5,0,0.2,0.5
19100,0,0.5,0.5,0.5,0,0,0.2,0.5,0.2,0,0.5
19110,0,0.5,0.5,0.5,0,0,0.2,0.5,0.5,0.2,0
19115,0,0.5,0.5,0.5,0,0,0.2,0.5,0.5,0.5,0.5
19122,0,0.5,0.5,0.5,0,0,0.5,0,0,0.5,0
19129,0,0.5,0.5,0.5,0,0,0.5,0,0.2,0.2,0.2
19136,0,0.5,0.5,0.5,0,0,0.5,0,0.5,0,0.5
19143,0,0.5,0.5,0.5,0,0,0.5,0.2,0,0,0
19150,0,0.5,0.5,0.5,0,0,0.5,0.2,0,0.5,0.2
19158,0,0.5,0.5,0.5,0,0,0.5,0.2,0.2,0.5,0
19165,0,0.5,0.5,0.5,0,0,0.5,0.2,0.5,0.2,0.2
19172,0,0.5,0.5,0.5,0,0,0.5,0.5,0,0,0.5
19178,0,0.5,0.5,0.5,0,0,0.5,0.5,0,0.5,0.5
19185,0,0.5,0.5,0.5,0,0,0.5,0.5,0.2,0.5,0
19192,0,0.5,0.5,0.5,0,0,0.5,0.5,0.5,0.2,0.2
19213,0,0.5,0.5,0.5,0,0.2,0,0,0.2,0.5,0.2
19219,0,0.5,0.5,0.5,0,0.2,0,0,0.5,0.2,0.2
19232,0,0.5,0.5,0.5,0,0.2,0,0.2,0,0.5,0.5
19238,0,0.5,0.5,0.5,0,0.2,0,0.2,0.2,0.2,0.5
19246,0,0.5,0.5,0.5,0,0.2,0,0.2,0.5,0.2,0.2
19266,0,0.5,0.5,0.5,0,0.2,0,0.5,0.2,0.5,0
19274,0,0.5,0.5,0.5,0,0.2,0,0.5,0.5,0.2,0.5
19300,0,0.5,0.5,0.5,0,0.2,0.2,0,0.5,0.2,0.2
19307,0,0.5,0.5,0.5,0,0.2,0.2,0.2,0,0,0.5
19315,0,0.5,0.5,0.5,0,0.2,0.2,0.2,0.2,0,0.2
19328,0,0.5,0.5,0.5,0,0.2,0.2,0.2,0.5,0.2,0.5
19335,0,0.5,0.5,0.5,0,0.2,0.2,0.5,0,0.2,0
19347,0,0.5,0.5,0.5,0,0.2,0.2,0.5,0.2,0.5,0
19354,0,0.5,0.5,0.5,0,0.2,0.2,0.5,0.5,0.2,0.2
19369,0,0.5,0.5,0.5,0,0.2,0.5,0,0.2,0,0.2
19389,0,0.5,0.5,0.5,0,0.2,0.5,0.2,0,0.2,0
19396,0,0.5,0.5,0.5,0,0.2,0.5,0.2,0.2,0,0.2
19410,0,0.5,0.5,0.5,0,0.2,0.5,0.2,0.5,0.5,0
19417,0,0.5,0.5,0.5,0,0.2,0.5,0.5,0,0.2,0.2
19424,0,0.5,0.5,0.5,0,0.2,0.5,0.5,0.2,0,0.5
19431,0,0.5,0.5,0.5,0,0.2,0.5,0.5,0.5,0,0
19438,0,0.5,0.5,0.5,0,0.2,0.5,0.5,0.5,0.5,0.2
19479,0,0.5,0.5,0.5,0,0.5,0,0.2,0.2,0.2,0
19511,0,0.5,0.5,0.5,0,0.5,0,0.5,0.2,0.5,0.5
19519,0,0.5,0.5,0.5,0,0.5,0,0.5,0.5,0.5,0.2
19542,0,0.5,0.5,0.5,0,0.5,0.2,0,0.5,0.2,0
19548,0,0.5,0.5,0.5,0,0.5,0.2,0.2,0,0,0
19557,0,0.5,0.5,0.5,0,0.5,0.2,0.2,0.2,0,0
19566,0,0.5,0.5,0.5,0,0.5,0.2,0.2,0.5,0,0
19587,0,0.5,0.5,0.5,0,0.5,0.2,0.5,0.2,0.2,0
19598,0,0.5,0.5,0.5,0,0.5,0.2,0.5,0.5,0.2,0.5
19605,0,0.5,0.5,0.5,0,0.5,0.5,0,0,0.2,0
19614,0,0.5,0.5,0.5,0,0.5,0.5,0,0.2,0.2,0
19622,0,0.5,0.5,0.5,0,0.5,0.5,0,0.5,0,0.5
19629,0,0.5,0.5,0.5,0,0.5,0.5,0.2,0,0,0
19643,0,0.5,0.5,0.5,0,0.5,0.5,0.2,0.2,0.2,0.5
19652,0,0.5,0.5,0.5,0,0.5,0.5,0.2,0.5,0.2,0.5
19660,0,0.5,0.5,0.5,0,0.5,0.5,0.5,0,0.2,0.2
19667,0,0.5,0.5,0.5,0,0.5,0.5,0.5,0.2,0,0.5
19674,0,0.5,0.5,0.5,0,0.5,0.5,0.5,0.5,0,0
19689,0.2,0,0,0,0,0,0,0,0,0.5,0
19696,0.2,0,0,0,0,0,0,0,0.2,0.2,0.2
19702,0.2,0,0,0,0,0,0,0,0.5,0,0.2
19711,0.2,0,0,0,0,0,0,0.2,0,0,0.2
19718,0.2,0,0,0,0,0,0,0.2,0,0.5,0.5
19725,0.2,0,0,0,0,0,0,0.2,0.2,0.5,0
19732,0.2,0,0,0,0,0,0,0.2,0.5,0.2,0.2
19739,0.2,0,0,0,0,0,0,0.5,0,0,0.5
19748,0.2,0,0,0,0,0,0,0.5,0.2,0,0.5
19757,0.2,0,0,0,0,0,0,0.5,0.5,0,0.5
19767,0.2,0,0,0,0,0,0.2,0,0,0.2,0
19774,0.2,0,0,0,0,0,0.2,0,0.2,0,0.2
19781,0.2,0,0,0,0,0,0.2,0,0.2,0.5,0.5
19788,0.2,0,0,0,0,0,0.2,0,0.5,0.5,0
19795,0.2,0,0,0,0,0,0.2,0.2,0,0.2,0.2
19802,0.2,0,0,0,0,0,0.2,0.2,0.2,0,0.5
19808,0.2,0,0,0,0,0,0.2,0.2,0.2,0.5,0.5
19815,0.2,0,0,0,0,0,0.2,0.2,0.5,0.5,0
19822,0.2,0,0,0,0,0,0.2,0.5,0,0.2,0.2
19829,0.2,0,0,0,0,0,0.2,0.5,0.2,0,0.5
19835,0.2,0,0,0,0,0,0.2,0.5,0.2,0.5,0.5
19842,0.2,0,0,0,0,0,0.2,0.5,0.5,0.5,0
19850,0.2,0,0,0,0,0,0.5,0,0,0.2,0.5
19857,0.2,0,0,0,0,0,0.5,0,0.2,0.2,0
19864,0.2,0,0,0,0,0,0.5,0,0.5,0,0.2
19873,0.2,0,0,0,0,0,0.5,0.2,0,0,0.2
19880,0.2,0,0,0,0,0,0.5,0.2,0,0.5,0.5
19886,0.2,0,0,0,0,0,0.5,0.2,0.2,0.2,0.5
19893,0.2,0,0,0,0,0,0.5,0.2,0.5,0.2,0
19898,0.2,0,0,0,0,0,0.5,0.2,0.5,0.5,0.5
19907,0.2,0,0,0,0,0,0.5,0.5,0,0.5,0.5
19915,0.2,0,0,0,0,0,0.5,0.5,0.2,0.5,0.2
19922,0.2,0,0,0,0,0,0.5,0.5,0.5,0.2,0.5
19929,0.2,0,0,0,0,0.2,0,0,0,0.2,0
19934,0.2,0,0,0,0,0.2,0,0,0,0.5,0.5
19941,0.2,0,0,0,0,0.2,0,0,0.2,0.5,0
19948,0.2,0,0,0,0,0.2,0,0,0.5,0.2,0.2
19954,0.2,0,0,0,0,0.2,0,0.2,0,0,0.2
19962,0.2,0,0,0,0,0.2,0,0.2,0.2,0,0
19970,0.2,0,0,0,0,0.2,0,0.2,0.2,0.5,0.5
19977,0.2,0,0,0,0,0.2,0,0.2,0.5,0.5,0
19983,0.2,0,0,0,0,0.2,0,0.5,0,0.2,0
19988,0.2,0,0,0,0,0.2,0,0.5,0,0.5,0.5
19995,0.2,0,0,0,0,0.2,0,0.5,0.2,0.5,0
20002,0.2,0,0,0,0,0.2,0,0.5,0.5,0.2,0.2
20008,0.2,0,0,0,0,0.2,0.2,0,0,0,0.2
20015,0.2,0,0,0,0,0.2,0.2,0,0,0.5,0.5
20022,0.2,0,0,0,0,0.2,0.2,0,0.2,0.5,0
20029,0.2,0,0,0,0,0.2,0.2,0,0.5,0.2,0.2
20036,0.2,0,0,0,0,0.2,0.2,0.2,0,0,0.5
20043,0.2,0,0,0,0,0.2,0.2,0.2,0.2,0,0
20050,0.2,0,0,0,0,0.2,0.2,0.2,0.2,0.5,0.2
20056,0.2,0,0,0,0,0.2,0.2,0.2,0.5,0.2,0.2
20063,0.2,0,0,0,0,0.2,0.2,0.5,0,0,0.5
20070,0.2,0,0,0,0,0.2,0.2,0.5,0.2,0,0
20074,0.2,0,0,0,0,0.2,0.2,0.5,0.2,0.2,0.2
20082,0.2,0,0,0,0,0.2,0.2,0.5,0.5,0.2,0
20087,0.2,0,0,0,0,0.2,0.2,0.5,0.5,0.5,0.5
20101,0.2,0,0,0,0,0.2,0.5,0,0.2,0.2,0.2
20108,0.2,0,0,0,0,0.2,0.5,0,0.5,0,0.5
20115,0.2,0,0,0,0,0.2,0.5,0.2,0,0,0
20128,0.2,0,0,0,0,0.2,0.5,0.2,0.2,0.2,0.2
20135,0.2,0,0,0,0,0.2,0.5,0.2,0.5,0,0.5
20142,0.2,0,0,0,0,0.2,0.5,0.5,0,0,0
20149,0.2,0,0,0,0,0.2,0.5,0.5,0,0.5,0.2
20156,0.2,0,0,0,0,0.2,0.5,0.5,0.2,0.2,0.5
20162,0.2,0,0,0,0,0.2,0.5,0.5,0.5,0,0.5
20169,0.2,0,0,0,0,0.5,0,0,0,0,0
20176,0.2,0,0,0,0,0.5,0,0,0,0.5,0.2
20183,0.2,0,0,0,0,0.5,0,0,0.2,0.2,0.5
20190,0.2,0,0,0,0,0.5,0,0,0.5,0.2,0
20197,0.2,0,0,0,0,0.5,0,0.2,0,0,0.2
20204,0.2,0,0,0,0,0.5,0,0.2,0,0.5,0.5
20211,0.2,0,0,0,0,0.5,0,0.2,0.2,0.5,0
20218,0.2,0,0,0,0,0.5,0,0.2,0.5,0.2,0.2
20225,0.2,0,0,0,0,0.5,0,0.5,0,0,0.5
20234,0.2,0,0,0,0,0.5,0,0.5,0.2,0,0.5
20243,0.2,0,0,0,0,0.5,0,0.5,0.5,0,0.5
20252,0.2,0,0,0,0,0.5,0.2,0,0,0,0.5
20259,0.2,0,0,0,0,0.5,0.2,0,0.2,0,0
20272,0.2,0,0,0,0,0.5,0.2,0,0.5,0.2,0.2
20279,0.2,0,0,0,0,0.5,0.2,0.2,0,0,0.5
20286,0.2,0,0,0,0,0.5,0.2,0.2,0.2,0,0
20300,0.2,0,0,0,0,0.5,0.2,0.2,0.5,0.2,0.5
20307,0.2,0,0,0,0,0.5,0.2,0.5,0,0.2,0
20314,0.2,0,0,0,0,0.5,0.2,0.5,0.2,0,0.2
20321,0.2,0,0,0,0,0.5,0.2,0.5,0.2,0.5,0.5
20329,0.2,0,0,0,0,0.5,0.2,0.5,0.5,0.5,0.2
20344,0.2,0,0,0,0,0.5,0.5,0,0.2,0.2,0.2
20351,0.2,0,0,0,0,0.5,0.5,0,0.5,0,0.5
20358,0.2,0,0,0,0,0.5,0.5,0.2,0,0,0
20372,0.2,0,0,0,0,0.5,0.5,0.2,0.2,0.2,0.5
20380,0.2,0,0,0,0,0.5,0.5,0.2,0.5,0.2,0.2
20387,0.2,0,0,0,0,0.5,0.5,0.5,0,0,0.5
20394,0.2,0,0,0,0,0.5,0.5,0.5,0.2,0,0
20407,0.2,0,0,0,0,0.5,0.5,0.5,0.5,0.2,0.2
20414,0.2,0,0,0.2,0,0,0,0,0,0,0.5
20420,0.2,0,0,0.2,0,0,0,0,0,0.5,0.5
20427,0.2,0,0,0.2,0,0,0,0,0.2,0.5,0
20434,0.2,0,0,0.2,0,0,0,0,0.5,0.2,0.2
20441,0.2,0,0,0.2,0,0,0,0.2,0,0,0.5
20450,0.2,0,0,0.2,0,0,0,0.2,0.2,0,0.5
20458,0.2,0,0,0.2,0,0,0,0.2,0.5,0,0.2
20464,0.2,0,0,0.2,0,0,0,0.2,0.5,0.5,0.2
20471,0.2,0,0,0.2,0,0,0,0.5,0,0.2,0.5
20478,0.2,0,0,0.2,0,0,0,0.5,0.2,0.2,0
20484,0.2,0,0,0.2,0,0,0,0.5,0.5,0,0
20492,0.2,0,0,0.2,0,0,0,0.5,0.5,0.5,0.5
20499,0.2,0,0,0.2,0,0,0.2,0,0,0.5,0
20506,0.2,0,0,0.2,0,0,0.2,0,0.2,0.2,0.2
20513,0.2,0,0,0.2,0,0,0.2,0,0.5,0,0.5
20519,0.2,0,0,0.2,0,0,0.2,0,0.5,0.5,0.5
20527,0.2,0,0,0.2,0,0,0.2,0.2,0,0.5,0.2
20534,0.2,0,0,0.2,0,0,0.2,0.2,0.2,0.2,0.5
20541,0.2,0,0,0.2,0,0,0.2,0.2,0.5,0.2,0
20548,0.2,0,0,0.2,0,0,0.2,0.5,0,0,0.2
20555,0.2,0,0,0.2,0,0,0.2,0.5,0,0.5,0.5
20562,0.2,0,0,0.2,0,0,0.2,0.5,0.2,0.5,0
20569,0.2,0,0,0.2,0,0,0.2,0.5,0.5,0.2,0.2
20576,0.2,0,0,0.2,0,0,0.5,0,0,0,0.5
20583,0.2,0,0,0.2,0,0,0.5,0,0.2,0,0
20590,0.2,0,0,0.2,0,0,0.5,0,0.2,0.5,0.2
20597,0.2,0,0,0.2,0,0,0.5,0,0.5,0.2,0.5
20604,0.2,0,0,0.2,0,0,0.5,0.2,0,0.2,0
20611,0.2,0,0,0.2,0,0,0.5,0.2,0.2,0,0.2
20618,0.2,0,0,0.2,0,0,0.5,0.2,0.2,0.5,0.5
20625,0.2,0,0,0.2,0,0,0.5,0.2,0.5,0.5,0
20632,0.2,0,0,0.2,0,0,0.5,0.5,0,0.2,0.2
20638,0.2,0,0,0.2,0,0,0.5,0.5,0.2,0,0.2
20645,0.2,0,0,0.2,0,0,0.5,0.5,0.2,0.5,0.5
20653,0.2,0,0,0.2,0,0,0.5,0.5,0.5,0.5,0.2
20659,0.2,0,0,0.2,0,0.2,0,0,0,0.2,0.2
20664,0.2,0,0,0.2,0,0.2,0,0,0.2,0,0
20670,0.2,0,0,0.2,0,0.2,0,0,0.2,0.5,0
20677,0.2,0,0,0.2,0,0.2,0,0,0.5,0.2,0.2
20686,0.2,0,0,0.2,0,0.2,0,0.2,0,0.2,0.2
20692,0.2,0,0,0.2,0,0.2,0,0.2,0.2,0,0.2
20700,0.2,0,0,0.2,0,0.2,0,0.2,0.5,0,0
20710,0.2,0,0,0.2,0,0.2,0,0.5,0,0,0.2
20717,0.2,0,0,0.2,0,0.2,0,0.5,0,0.5,0.5
20724,0.2,0,0,0.2,0,0.2,0,0.5,0.2,0.5,0
20732,0.2,0,0,0.2,0,0.2,0,0.5,0.5,0.2,0.5
20739,0.2,0,0,0.2,0,0.2,0.2,0,0,0.2,0
20746,0.2,0,0,0.2,0,0.2,0.2,0,0.2,0,0.2
20754,0.2,0,0,0.2,0,0.2,0.2,0,0.5,0,0
20761,0.2,0,0,0.2,0,0.2,0.2,0,0.5,0.5,0.2
20776,0.2,0,0,0.2,0,0.2,0.2,0.2,0.2,0.2,0.2
20785,0.2,0,0,0.2,0,0.2,0.2,0.2,0.5,0.2,0.2
20793,0.2,0,0,0.2,0,0.2,0.2,0.5,0,0.2,0
20800,0.2,0,0,0.2,0,0.2,0.2,0.5,0.2,0,0.2
20807,0.2,0,0,0.2,0,0.2,0.2,0.5,0.2,0.5,0.5
20814,0.2,0,0,0.2,0,0.2,0.2,0.5,0.5,0.5,0
20821,0.2,0,0,0.2,0,0.2,0.5,0,0,0.2,0.2
20829,0.2,0,0,0.2,0,0.2,0.5,0,0.2,0.2,0
20835,0.2,0,0,0.2,0,0.2,0.5,0,0.5,0,0
20849,0.2,0,0,0.2,0,0.2,0.5,0.2,0,0.2,0.5
20864,0.2,0,0,0.2,0,0.2,0.5,0.2,0.5,0,0.5
20871,0.2,0,0,0.2,0,0.2,0.5,0.5,0,0,0
20876,0.2,0,0,0.2,0,0.2,0.5,0.5,0,0.2,0.5
20883,0.2,0,0,0.2,0,0.2,0.5,0.5,0.2,0.2,0
20891,0.2,0,0,0.2,0,0.2,0.5,0.5,0.5,0,0.5
20898,0.2,0,0,0.2,0,0.5,0,0,0,0,0
20904,0.2,0,0,0.2,0,0.5,0,0,0,0.5,0
20912,0.2,0,0,0.2,0,0.5,0,0,0.2,0.2,0.5
20918,0.2,0,0,0.2,0,0.5,0,0,0.5,0,0.5
20925,0.2,0,0,0.2,0,0.5,0,0.2,0,0,0
20932,0.2,0,0,0.2,0,0.5,0,0.2,0,0.5,0.2
20939,0.2,0,0,0.2,0,0.5,0,0.2,0.2,0.2,0.5
20946,0.2,0,0,0.2,0,0.5,0,0.2,0.5,0.2,0
20952,0.2,0,0,0.2,0,0.5,0,0.5,0,0,0
20959,0.2,0,0,0.2,0,0.5,0,0.5,0,0.5,0.2
20966,0.2,0,0,0.2,0,0.5,0,0.5,0.2,0.2,0.5
20973,0.2,0,0,0.2,0,0.5,0,0.5,0.5,0.2,0
20979,0.2,0,0,0.2,0,0.5,0.2,0,0,0,0
20993,0.2,0,0,0.2,0,0.5,0.2,0,0.2,0.2,0.5
21001,0.2,0,0,0.2,0,0.5,0.2,0,0.5,0.2,0.2
21008,0.2,0,0,0.2,0,0.5,0.2,0.2,0,0,0.5
21020,0.2,0,0,0.2,0,0.5,0.2,0.2,0.2,0.2,0.5
21027,0.2,0,0,0.2,0,0.5,0.2,0.2,0.5,0.2,0
21034,0.2,0,0,0.2,0,0.5,0.2,0.5,0,0,0.2
21047,0.2,0,0,0.2,0,0.5,0.2,0.5,0.2,0.2,0.5
21053,0.2,0,0,0.2,0,0.5,0.2,0.5,0.5,0,0.5
21061,0.2,0,0,0.2,0,0.5,0.5,0,0,0,0.2
21081,0.2,0,0,0.2,0,0.5,0.5,0,0.5,0.2,0
21087,0.2,0,0,0.2,0,0.5,0.5,0.2,0,0,0
21101,0.2,0,0,0.2,0,0.5,0.5,0.2,0.2,0.2,0.5
21109,0.2,0,0,0.2,0,0.5,0.5,0.2,0.5,0.2,0.2
21116,0.2,0,0,0.2,0,0.5,0.5,0.5,0,0,0.5
21123,0.2,0,0,0.2,0,0.5,0.5,0.5,0.2,0,0
21128,0.2,0,0,0.2,0,0.5,0.5,0.5,0.2,0.2,0.5
21134,0.2,0,0,0.2,0,0.5,0.5,0.5,0.5,0,0.5
21141,0.2,0,0,0.5,0,0,0,0,0,0,0
21162,0.2,0,0,0.5,0,0,0,0,0.5,0.2,0
21169,0.2,0,0,0.5,0,0,0,0.2,0,0,0.2
21189,0.2,0,0,0.5,0,0,0,0.2,0.5,0.2,0
21195,0.2,0,0,0.5,0,0,0,0.5,0,0,0
21208,0.2,0,0,0.5,0,0,0,0.5,0.2,0.2,0.2
21222,0.2,0,0,0.5,0,0,0.2,0,0,0,0
21231,0.2,0,0,0.5,0,0,0.2,0,0.2,0,0
21244,0.2,0,0,0.5,0,0,0.2,0,0.5,0.2,0.2
21252,0.2,0,0,0.5,0,0,0.2,0.2,0,0.2,0
21259,0.2,0,0,0.5,0,0,0.2,0.2,0.2,0,0.2
21280,0.2,0,0,0.5,0,0,0.2,0.5,0,0.2,0.2
21286,0.2,0,0,0.5,0,0,0.2,0.5,0.2,0,0.2
21299,0.2,0,0,0.5,0,0,0.2,0.5,0.5,0.2,0.5
21312,0.2,0,0,0.5,0,0,0.5,0,0.2,0,0
21323,0.2,0,0,0.5,0,0,0.5,0,0.5,0,0.5
21330,0.2,0,0,0.5,0,0,0.5,0.2,0,0,0
21344,0.2,0,0,0.5,0,0,0.5,0.2,0.2,0.2,0.5
21350,0.2,0,0,0.5,0,0,0.5,0.2,0.5,0,0.5
21357,0.2,0,0,0.5,0,0,0.5,0.5,0,0,0
21370,0.2,0,0,0.5,0,0,0.5,0.5,0.2,0.2,0.2
21377,0.2,0,0,0.5,0,0,0.5,0.5,0.5,0,0.5
21384,0.2,0,0,0.5,0,0.2,0,0,0,0,0
21422,0.2,0,0,0.5,0,0.2,0,0.2,0.2,0,0.5
21429,0.2,0,0,0.5,0,0.2,0,0.2,0.5,0,0
21448,0.2,0,0,0.5,0,0.2,0,0.5,0.2,0,0.2
21456,0.2,0,0,0.5,0,0.2,0,0.5,0.5,0,0
21485,0.2,0,0,0.5,0,0.2,0.2,0,0.5,0,0.5
21492,0.2,0,0,0.5,0,0.2,0.2,0.2,0,0,0
21514,0.2,0,0,0.5,0,0.2,0.2,0.2,0.5,0.2,0.2
21521,0.2,0,0,0.5,0,0.2,0.2,0.5,0,0,0.5
21528,0.2,0,0,0.5,0,0.2,0.2,0.5,0.2,0,0
21542,0.2,0,0,0.5,0,0.2,0.2,0.5,0.5,0.2,0.5
21564,0.2,0,0,0.5,0,0.2,0.5,0,0.5,0,0
21595,0.2,0,0,0.5,0,0.2,0.5,0.2,0.5,0.2,0.2
21605,0.2,0,0,0.5,0,0.2,0.5,0.5,0,0.2,0.5
21611,0.2,0,0,0.5,0,0.2,0.5,0.5,0.2,0,0.5
21620,0.2,0,0,0.5,0,0.2,0.5,0.5,0.5,0,0.5
21636,0.2,0,0,0.5,0,0.5,0,0,0.2,0,0
21664,0.2,0,0,0.5,0,0.5,0,0.2,0.2,0,0.2
21672,0.2,0,0,0.5,0,0.5,0,0.2,0.5,0,0
21701,0.2,0,0,0.5,0,0.5,0,0.5,0.5,0,0.5
21754,0.2,0,0,0.5,0,0.5,0.2,0.2,0.5,0,0.2
21773,0.2,0,0,0.5,0,0.5,0.2,0.5,0.2,0,0.5
21782,0.2,0,0,0.5,0,0.5,0.2,0.5,0.5,0,0.5
21789,0.2,0,0,0.5,0,0.5,0.5,0,0,0,0
21826,0.2,0,0,0.5,0,0.5,0.5,0.2,0.2,0,0.2
21853,0.2,0,0,0.5,0,0.5,0.5,0.5,0.2,0,0.2
21873,0.2,0,0.2,0,0,0,0,0,0,0.2,0
21895,0.2,0,0.2,0,0,0,0,0,0.5,0.5,0.2
21903,0.2,0,0.2,0,0,0,0,0.2,0,0.5,0
21909,0.2,0,0.2,0,0,0,0,0.2,0.2,0.2,0
21916,0.2,0,0.2,0,0,0,0,0.2,0.5,0,0.2
21923,0.2,0,0.2,0,0,0,0,0.2,0.5,0.5,0.5
21930,0.2,0,0.2,0,0,0,0,0.5,0,0.5,0
21936,0.2,0,0.2,0,0,0,0,0.5,0.2,0.2,0
21943,0.2,0,0.2,0,0,0,0,0.5,0.5,0,0.2
21951,0.2,0,0.2,0,0,0,0.2,0,0,0,0
21958,0.2,0,0.2,0,0,0,0.2,0,0,0.5,0.2
21965,0.2,0,0.2,0,0,0,0.2,0,0.2,0.2,0.5
21972,0.2,0,0.2,0,0,0,0.2,0,0.5,0.2,0
21977,0.2,0,0.2,0,0,0,0.2,0,0.5,0.5,0.5
21984,0.2,0,0.2,0,0,0,0.2,0.2,0,0.5,0
21990,0.2,0,0.2,0,0,0,0.2,0.2,0.2,0.2,0
21996,0.2,0,0.2,0,0,0,0.2,0.2,0.5,0,0
22004,0.2,0,0.2,0,0,0,0.2,0.2,0.5,0.5,0.5
22011,0.2,0,0.2,0,0,0,0.2,0.5,0,0.5,0
22017,0.2,0,0.2,0,0,0,0.2,0.5,0.2,0.2,0
22022,0.2,0,0.2,0,0,0,0.2,0.5,0.2,0.5,0.5
22029,0.2,0,0.2,0,0,0,0.2,0.5,0.5,0.5,0
22036,0.2,0,0.2,0,0,0,0.5,0,0,0.2,0.2
22043,0.2,0,0.2,0,0,0,0.5,0,0.2,0,0.5
22057,0.2,0,0.2,0,0,0,0.5,0,0.5,0.5,0.2
22064,0.2,0,0.2,0,0,0,0.5,0.2,0,0.2,0.5
22071,0.2,0,0.2,0,0,0,0.5,0.2,0.2,0.2,0
22078,0.2,0,0.2,0,0,0,0.5,0.2,0.5,0,0.2
22085,0.2,0,0.2,0,0,0,0.5,0.2,0.5,0.5,0.5
22092,0.2,0,0.2,0,0,0,0.5,0.5,0,0.5,0
22099,0.2,0,0.2,0,0,0,0.5,0.5,0.2,0.2,0.2
22106,0.2,0,0.2,0,0,0,0.5,0.5,0.5,0,0.5
22114,0.2,0,0.2,0,0,0.2,0,0,0,0,0.2
22129,0.2,0,0.2,0,0,0.2,0,0,0.2,0.5,0.2
22136,0.2,0,0.2,0,0,0.2,0,0,0.5,0.2,0.5
22141,0.2,0,0.2,0,0,0.2,0,0.2,0,0,0.2
22149,0.2,0,0.2,0,0,0.2,0,0.2,0.2,0,0
22158,0.2,0,0.2,0,0,0.2,0,0.2,0.5,0,0
22167,0.2,0,0.2,0,0,0.2,0,0.5,0,0,0
22174,0.2,0,0.2,0,0,0.2,0,0.5,0,0.5,0.2
22181,0.2,0,0.2,0,0,0.2,0,0.5,0.2,0.2,0.5
22188,0.2,0,0.2,0,0,0.2,0,0.5,0.5,0.2,0
22194,0.2,0,0.2,0,0,0.2,0.2,0,0,0,0
22208,0.2,0,0.2,0,0,0.2,0.2,0,0.2,0.2,0.5
22215,0.2,0,0.2,0,0,0.2,0.2,0,0.5,0.2,0
22221,0.2,0,0.2,0,0,0.2,0.2,0.2,0,0,0
22228,0.2,0,0.2,0,0,0.2,0.2,0.2,0,0.5,0.2
22235,0.2,0,0.2,0,0,0.2,0.2,0.2,0.2,0.2,0.5
22242,0.2,0,0.2,0,0,0.2,0.2,0.2,0.5,0.2,0
22249,0.2,0,0.2,0,0,0.2,0.2,0.5,0,0,0.2
22256,0.2,0,0.2,0,0,0.2,0.2,0.5,0,0.5,0.5
22263,0.2,0,0.2,0,0,0.2,0.2,0.5,0.2,0.5,0
22269,0.2,0,0.2,0,0,0.2,0.2,0.5,0.5,0.2,0
22276,0.2,0,0.2,0,0,0.2,0.5,0,0,0,0.2
22289,0.2,0,0.2,0,0,0.2,0.5,0,0.2,0.2,0.5
22297,0.2,0,0.2,0,0,0.2,0.5,0,0.5,0.2,0.2
22303,0.2,0,0.2,0,0,0.2,0.5,0.2,0,0,0.2
22316,0.2,0,0.2,0,0,0.2,0.5,0.2,0.2,0.2,0.5
22324,0.2,0,0.2,0,0,0.2,0.5,0.2,0.5,0.2,0.2
22331,0.2,0,0.2,0,0,0.2,0.5,0.5,0,0,0.5
22337,0.2,0,0.2,0,0,0.2,0.5,0.5,0,0.5,0.5
22352,0.2,0,0.2,0,0,0.2,0.5,0.5,0.5,0.2,0.5
22359,0.2,0,0.2,0,0,0.5,0,0,0,0.2,0
22366,0.2,0,0.2,0,0,0.5,0,0,0.2,0,0.2
22372,0.2,0,0.2,0,0,0.5,0,0,0.2,0.5,0.2
22380,0.2,0,0.2,0,0,0.5,0,0,0.5,0.5,0
22387,0.2,0,0.2,0,0,0.5,0,0.2,0,0.2,0.2
22393,0.2,0,0.2,0,0,0.5,0,0.2,0.2,0,0.2
22399,0.2,0,0.2,0,0,0.5,0,0.2,0.2,0.5,0.2
22406,0.2,0,0.2,0,0,0.5,0,0.2,0.5,0.2,0.5
22413,0.2,0,0.2,0,0,0.5,0,0.5,0,0.2,0
22420,0.2,0,0.2,0,0,0.5,0,0.5,0.2,0,0.2
22427,0.2,0,0.2,0,0,0.5,0,0.5,0.2,0.5,0.5
22434,0.2,0,0.2,0,0,0.5,0,0.5,0.5,0.5,0
22441,0.2,0,0.2,0,0,0.5,0.2,0,0,0.2,0.2
22448,0.2,0,0.2,0,0,0.5,0.2,0,0.2,0,0.5
22457,0.2,0,0.2,0,0,0.5,0.2,0,0.5,0,0.5
22466,0.2,0,0.2,0,0,0.5,0.2,0.2,0,0,0.5
22474,0.2,0,0.2,0,0,0.5,0.2,0.2,0.2,0,0.2
22481,0.2,0,0.2,0,0,0.5,0.2,0.2,0.2,0.5,0.5
22488,0.2,0,0.2,0,0,0.5,0.2,0.2,0.5,0.5,0
22495,0.2,0,0.2,0,0,0.5,0.2,0.5,0,0.2,0.2
22501,0.2,0,0.2,0,0,0.5,0.2,0.5,0.2,0,0.2
22507,0.2,0,0.2,0,0,0.5,0.2,0.5,0.2,0.5,0.2
22515,0.2,0,0.2,0,0,0.5,0.2,0.5,0.5,0.5,0
22528,0.2,0,0.2,0,0,0.5,0.5,0,0.2,0,0.2
22537,0.2,0,0.2,0,0,0.5,0.5,0,0.5,0,0.2
53419,0.5,0.5,0,0.2,0,0,0.5,0.2,0.2,0.2,0.2
53428,0.5,0.5,0,0.2,0,0,0.5,0.2,0.5,0.2,0.2
53436,0.5,0.5,0,0.2,0,0,0.5,0.5,0,0.2,0
53444,0.5,0.5,0,0.2,0,0,0.5,0.5,0.2,0,0.5
53452,0.5,0.5,0,0.2,0,0,0.5,0.5,0.5,0,0.2
53460,0.5,0.5,0,0.2,0,0.2,0,0,0,0,0
53468,0.5,0.5,0,0.2,0,0.2,0,0,0,0.5,0.5
53484,0.5,0.5,0,0.2,0,0.2,0,0,0.5,0.5,0
53493,0.5,0.5,0,0.2,0,0.2,0,0.2,0,0.5,0
53501,0.5,0.5,0,0.2,0,0.2,0,0.2,0.2,0.2,0.5
53509,0.5,0.5,0,0.2,0,0.2,0,0.2,0.5,0.2,0.2
53516,0.5,0.5,0,0.2,0,0.2,0,0.5,0,0,0.5
53526,0.5,0.5,0,0.2,0,0.2,0,0.5,0.2,0.2,0
53532,0.5,0.5,0,0.2,0,0.2,0,0.5,0.5,0,0
53540,0.5,0.5,0,0.2,0,0.2,0,0.5,0.5,0.5,0.5
53548,0.5,0.5,0,0.2,0,0.2,0.2,0,0,0.5,0.2
53556,0.5,0.5,0,0.2,0,0.2,0.2,0,0.2,0.5,0
53564,0.5,0.5,0,0.2,0,0.2,0.2,0,0.5,0.2,0.5
53572,0.5,0.5,0,0.2,0,0.2,0.2,0.2,0,0.2,0.2
53581,0.5,0.5,0,0.2,0,0.2,0.2,0.2,0.2,0.2,0.2
53589,0.5,0.5,0,0.2,0,0.2,0.2,0.2,0.5,0.2,0
53596,0.5,0.5,0,0.2,0,0.2,0.2,0.5,0,0,0.2
53605,0.5,0.5,0,0.2,0,0.2,0.2,0.5,0.2,0,0.2
53613,0.5,0.5,0,0.2,0,0.2,0.2,0.5,0.5,0,0
53621,0.5,0.5,0,0.2,0,0.2,0.2,0.5,0.5,0.5,0.5
53628,0.5,0.5,0,0.2,0,0.2,0.5,0,0,0.5,0
53636,0.5,0.5,0,0.2,0,0.2,0.5,0,0.2,0.2,0.5
53644,0.5,0.5,0,0.2,0,0.2,0.5,0,0.5,0.2,0.2
53652,0.5,0.5,0,0.2,0,0.2,0.5,0.2,0,0.2,0
53660,0.5,0.5,0,0.2,0,0.2,0.5,0.2,0.2,0,0.5
53667,0.5,0.5,0,0.2,0,0.2,0.5,0.2,0.5,0,0
53676,0.5,0.5,0,0.2,0,0.2,0.5,0.5,0,0,0
53687,0.5,0.5,0,0.2,0,0.2,0.5,0.5,0.2,0,0.5
53692,0.5,0.5,0,0.2,0,0.2,0.5,0.5,0.2,0.5,0.2
53701,0.5,0.5,0,0.2,0,0.2,0.5,0.5,0.5,0.5,0.2
53708,0.5,0.5,0,0.2,0,0.5,0,0,0,0.2,0.5
53717,0.5,0.5,0,0.2,0,0.5,0,0,0.2,0.2,0.5
53725,0.5,0.5,0,0.2,0,0.5,0,0,0.5,0.2,0.2
53732,0.5,0.5,0,0.2,0,0.5,0,0.2,0,0,0.5
53744,0.5,0.5,0,0.2,0,0.5,0,0.2,0.2,0.2,0.5
53750,0.5,0.5,0,0.2,0,0.5,0,0.2,0.5,0,0.5
53761,0.5,0.5,0,0.2,0,0.5,0,0.5,0,0.2,0.2
53767,0.5,0.5,0,0.2,0,0.5,0,0.5,0.2,0,0.2
53778,0.5,0.5,0,0.2,0,0.5,0,0.5,0.5,0.2,0
53784,0.5,0.5,0,0.2,0,0.5,0.2,0,0,0,0
53792,0.5,0.5,0,0.2,0,0.5,0.2,0,0,0.5,0.5
53800,0.5,0.5,0,0.2,0,0.5,0.2,0,0.2,0.5,0.2
53808,0.5,0.5,0,0.2,0,0.5,0.2,0,0.5,0.5,0
53816,0.5,0.5,0,0.2,0,0.5,0.2,0.2,0,0.2,0.5
53824,0.5,0.5,0,0.2,0,0.5,0.2,0.2,0.2,0.2,0.2
53830,0.5,0.5,0,0.2,0,0.5,0.2,0.2,0.5,0,0.2
53840,0.5,0.5,0,0.2,0,0.5,0.2,0.5,0,0,0.5
53851,0.5,0.5,0,0.2,0,0.5,0.2,0.5,0.2,0.2,0.2
53857,0.5,0.5,0,0.2,0,0.5,0.2,0.5,0.5,0,0.2
53876,0.5,0.5,0,0.2,0,0.5,0.5,0,0.2,0,0.5
53884,0.5,0.5,0,0.2,0,0.5,0.5,0,0.5,0,0.2
53892,0.5,0.5,0,0.2,0,0.5,0.5,0.2,0,0,0
53900,0.5,0.5,0,0.2,0,0.5,0.5,0.2,0,0.5,0.5
53909,0.5,0.5,0,0.2,0,0.5,0.5,0.2,0.2,0.5,0.5
53917,0.5,0.5,0,0.2,0,0.5,0.5,0.2,0.5,0.5,0.2
53924,0.5,0.5,0,0.2,0,0.5,0.5,0.5,0,0.2,0.5
53933,0.5,0.5,0,0.2,0,0.5,0.5,0.5,0.2,0.2,0.5
53941,0.5,0.5,0,0.2,0,0.5,0.5,0.5,0.5,0.2,0.2
53958,0.5,0.5,0,0.5,0,0,0,0,0.2,0.2,0
53963,0.5,0.5,0,0.5,0,0,0,0,0.2,0.5,0.5
53971,0.5,0.5,0,0.5,0,0,0,0,0.5,0.5,0.2
53980,0.5,0.5,0,0.5,0,0,0,0.2,0,0.5,0.2
53988,0.5,0.5,0,0.5,0,0,0,0.2,0.2,0.5,0
53995,0.5,0.5,0,0.5,0,0,0,0.2,0.5,0.2,0.2
54022,0.5,0.5,0,0.5,0,0,0,0.5,0.5,0.2,0.2
54030,0.5,0.5,0,0.5,0,0,0.2,0,0,0.2,0
54036,0.5,0.5,0,0.5,0,0,0.2,0,0.2,0,0
54047,0.5,0.5,0,0.5,0,0,0.2,0,0.5,0,0.5
54055,0.5,0.5,0,0.5,0,0,0.2,0.2,0,0,0.2
54061,0.5,0.5,0,0.5,0,0,0.2,0.2,0,0.5,0.2
54068,0.5,0.5,0,0.5,0,0,0.2,0.2,0.2,0.2,0.5
54078,0.5,0.5,0,0.5,0,0,0.2,0.2,0.5,0.5,0
54087,0.5,0.5,0,0.5,0,0,0.2,0.5,0,0.5,0
54095,0.5,0.5,0,0.5,0,0,0.2,0.5,0.2,0.2,0.5
54102,0.5,0.5,0,0.5,0,0,0.2,0.5,0.5,0.2,0
54111,0.5,0.5,0,0.5,0,0,0.5,0,0,0.2,0
54119,0.5,0.5,0,0.5,0,0,0.5,0,0.2,0,0.5
54124,0.5,0.5,0,0.5,0,0,0.5,0,0.2,0.5,0.2
54132,0.5,0.5,0,0.5,0,0,0.5,0,0.5,0.5,0
54140,0.5,0.5,0,0.5,0,0,0.5,0.2,0,0.2,0.5
54149,0.5,0.5,0,0.5,0,0,0.5,0.2,0.2,0.2,0.5
54157,0.5,0.5,0,0.5,0,0,0.5,0.2,0.5,0.2,0.2
54165,0.5,0.5,0,0.5,0,0,0.5,0.5,0,0.2,0
54173,0.5,0.5,0,0.5,0,0,0.5,0.5,0.2,0,0.5
54180,0.5,0.5,0,0.5,0,0,0.5,0.5,0.5,0,0
54188,0.5,0.5,0,0.5,0,0,0.5,0.5,0.5,0.5,0.5
54196,0.5,0.5,0,0.5,0,0.2,0,0,0,0.5,0.2
54204,0.5,0.5,0,0.5,0,0.2,0,0,0.2,0.5,0
54221,0.5,0.5,0,0.5,0,0.2,0,0.2,0,0.2,0.5
54229,0.5,0.5,0,0.5,0,0.2,0,0.2,0.2,0.2,0.2
54235,0.5,0.5,0,0.5,0,0.2,0,0.2,0.5,0,0.2
54243,0.5,0.5,0,0.5,0,0.2,0,0.5,0,0,0
54251,0.5,0.5,0,0.5,0,0.2,0,0.5,0,0.5,0.5
54259,0.5,0.5,0,0.5,0,0.2,0,0.5,0.2,0.5,0.2
54265,0.5,0.5,0,0.5,0,0.2,0,0.5,0.5,0.2,0.2
54272,0.5,0.5,0,0.5,0,0.2,0.2,0,0,0,0.5
54279,0.5,0.5,0,0.5,0,0.2,0.2,0,0.2,0,0
54286,0.5,0.5,0,0.5,0,0.2,0.2,0,0.2,0.5,0.2
54302,0.5,0.5,0,0.5,0,0.2,0.2,0.2,0,0.2,0.5
54310,0.5,0.5,0,0.5,0,0.2,0.2,0.2,0.2,0.2,0.2
54318,0.5,0.5,0,0.5,0,0.2,0.2,0.2,0.5,0.2,0
54326,0.5,0.5,0,0.5,0,0.2,0.2,0.5,0,0,0.5
54334,0.5,0.5,0,0.5,0,0.2,0.2,0.5,0.2,0,0.2
54342,0.5,0.5,0,0.5,0,0.2,0.2,0.5,0.5,0,0
54350,0.5,0.5,0,0.5,0,0.2,0.2,0.5,0.5,0.5,0.5
54358,0.5,0.5,0,0.5,0,0.2,0.5,0,0,0.5,0.2
54366,0.5,0.5,0,0.5,0,0.2,0.5,0,0.2,0.5,0
54374,0.5,0.5,0,0.5,0,0.2,0.5,0,0.5,0.2,0.5
54382,0.5,0.5,0,0.5,0,0.2,0.5,0.2,0,0.2,0.2
54390,0.5,0.5,0,0.5,0,0.2,0.5,0.2,0.2,0.2,0
54398,0.5,0.5,0,0.5,0,0.2,0.5,0.2,0.5,0,0.5
54406,0.5,0.5,0,0.5,0,0.2,0.5,0.5,0,0,0.2
54410,0.5,0.5,0,0.5,0,0.2,0.5,0.5,0,0.2,0.5
54418,0.5,0.5,0,0.5,0,0.2,0.5,0.5,0.2,0.2,0.2
54428,0.5,0.5,0,0.5,0,0.2,0.5,0.5,0.5,0.2,0.5
54436,0.5,0.5,0,0.5,0,0.5,0,0,0,0.2,0.2
54450,0.5,0.5,0,0.5,0,0.5,0,0,0.5,0,0
54460,0.5,0.5,0,0.5,0,0.5,0,0.2,0,0,0.2
54474,0.5,0.5,0,0.5,0,0.5,0,0.2,0.2,0.5,0
54482,0.5,0.5,0,0.5,0,0.5,0,0.2,0.5,0.2,0.5
54490,0.5,0.5,0,0.5,0,0.5,0,0.5,0,0.2,0.2
54498,0.5,0.5,0,0.5,0,0.5,0,0.5,0.2,0.2,0
54505,0.5,0.5,0,0.5,0,0.5,0,0.5,0.5,0,0.2
54513,0.5,0.5,0,0.5,0,0.5,0.2,0,0,0,0
54554,0.5,0.5,0,0.5,0,0.5,0.2,0.2,0.2,0.2,0.5
54562,0.5,0.5,0,0.5,0,0.5,0.2,0.2,0.5,0.2,0.2
54569,0.5,0.5,0,0.5,0,0.5,0.2,0.5,0,0,0.5
54572,0.5,0.5,0,0.5,0,0.5,0.2,0.5,0,0.2,0.5
54580,0.5,0.5,0,0.5,0,0.5,0.2,0.5,0.2,0.2,0.2
54588,0.5,0.5,0,0.5,0,0.5,0.2,0.5,0.5,0.2,0
54597,0.5,0.5,0,0.5,0,0.5,0.5,0,0,0.2,0
54605,0.5,0.5,0,0.5,0,0.5,0.5,0,0.2,0,0.5
54613,0.5,0.5,0,0.5,0,0.5,0.5,0,0.5,0,0.2
54621,0.5,0.5,0,0.5,0,0.5,0.5,0.2,0,0,0
54629,0.5,0.5,0,0.5,0,0.5,0.5,0.2,0,0.5,0.5
54637,0.5,0.5,0,0.5,0,0.5,0.5,0.2,0.2,0.5,0.2
54645,0.5,0.5,0,0.5,0,0.5,0.5,0.2,0.5,0.5,0
54655,0.5,0.5,0,0.5,0,0.5,0.5,0.5,0,0.5,0.2
54665,0.5,0.5,0,0.5,0,0.5,0.5,0.5,0.2,0.5,0.5
54673,0.5,0.5,0,0.5,0,0.5,0.5,0.5,0.5,0.5,0.2
54680,0.5,0.5,0.2,0,0,0,0,0,0,0.2,0.5
54705,0.5,0.5,0.2,0,0,0,0,0.2,0,0.2,0
54720,0.5,0.5,0.2,0,0,0,0,0.2,0.5,0,0
54729,0.5,0.5,0.2,0,0,0,0,0.5,0,0,0
54747,0.5,0.5,0.2,0,0,0,0,0.5,0.5,0,0
54756,0.5,0.5,0.2,0,0,0,0.2,0,0,0,0
54764,0.5,0.5,0.2,0,0,0,0.2,0,0,0.5,0.5
54772,0.5,0.5,0.2,0,0,0,0.2,0,0.2,0.5,0.2
54778,0.5,0.5,0.2,0,0,0,0.2,0,0.5,0.2,0.2
54787,0.5,0.5,0.2,0,0,0,0.2,0.2,0,0.2,0.2
54791,0.5,0.5,0.2,0,0,0,0.2,0.2,0,0.5,0.5
54799,0.5,0.5,0.2,0,0,0,0.2,0.2,0.2,0.5,0.2
54807,0.5,0.5,0.2,0,0,0,0.2,0.2,0.5,0.5,0
54814,0.5,0.5,0.2,0,0,0,0.2,0.5,0,0.2,0.2
54821,0.5,0.5,0.2,0,0,0,0.2,0.5,0.2,0,0.5
54832,0.5,0.5,0.2,0,0,0,0.2,0.5,0.5,0.2,0.2
54853,0.5,0.5,0.2,0,0,0,0.5,0,0.2,0.5,0.2
54861,0.5,0.5,0.2,0,0,0,0.5,0,0.5,0.5,0
54869,0.5,0.5,0.2,0,0,0,0.5,0.2,0,0.2,0.5
54876,0.5,0.5,0.2,0,0,0,0.5,0.2,0.2,0.2,0
54885,0.5,0.5,0.2,0,0,0,0.5,0.2,0.5,0.2,0
54899,0.5,0.5,0.2,0,0,0,0.5,0.5,0,0.5,0.5
54906,0.5,0.5,0.2,0,0,0,0.5,0.5,0.2,0.5,0
54913,0.5,0.5,0.2,0,0,0,0.5,0.5,0.5,0.2,0.2
54927,0.5,0.5,0.2,0,0,0.2,0,0,0.2,0,0
54944,0.5,0.5,0.2,0,0,0.2,0,0,0.5,0.5,0.5
54951,0.5,0.5,0.2,0,0,0.2,0,0.2,0,0.5,0
54958,0.5,0.5,0.2,0,0,0.2,0,0.2,0.2,0.2,0.2
54967,0.5,0.5,0.2,0,0,0.2,0,0.2,0.5,0.2,0.2
54975,0.5,0.5,0.2,0,0,0.2,0,0.5,0,0.2,0
54995,0.5,0.5,0.2,0,0,0.2,0,0.5,0.5,0.2,0.5
55002,0.5,0.5,0.2,0,0,0.2,0.2,0,0,0.2,0
55008,0.5,0.5,0.2,0,0,0.2,0.2,0,0.2,0,0
55015,0.5,0.5,0.2,0,0,0.2,0.2,0,0.2,0.5,0.2
55022,0.5,0.5,0.2,0,0,0.2,0.2,0,0.5,0.2,0.5
55028,0.5,0.5,0.2,0,0,0.2,0.2,0.2,0,0,0.5
55035,0.5,0.5,0.2,0,0,0.2,0.2,0.2,0.2,0,0
55043,0.5,0.5,0.2,0,0,0.2,0.2,0.2,0.2,0.5,0.5
55050,0.5,0.5,0.2,0,0,0.2,0.2,0.2,0.5,0.5,0
55057,0.5,0.5,0.2,0,0,0.2,0.2,0.5,0,0.2,0.2
55064,0.5,0.5,0.2,0,0,0.2,0.2,0.5,0.2,0,0.5
55071,0.5,0.5,0.2,0,0,0.2,0.2,0.5,0.5,0,0
55078,0.5,0.5,0.2,0,0,0.2,0.2,0.5,0.5,0.5,0.2
55085,0.5,0.5,0.2,0,0,0.2,0.5,0,0,0.2,0.5
55094,0.5,0.5,0.2,0,0,0.2,0.5,0,0.2,0.2,0.5
55101,0.5,0.5,0.2,0,0,0.2,0.5,0,0.5,0.2,0
55115,0.5,0.5,0.2,0,0,0.2,0.5,0.2,0,0.5,0.5
55122,0.5,0.5,0.2,0,0,0.2,0.5,0.2,0.2,0.5,0
55128,0.5,0.5,0.2,0,0,0.2,0.5,0.2,0.5,0.2,0
55144,0.5,0.5,0.2,0,0,0.2,0.5,0.5,0.2,0,0.2
55151,0.5,0.5,0.2,0,0,0.2,0.5,0.5,0.2,0.5,0.5
55158,0.5,0.5,0.2,0,0,0.2,0.5,0.5,0.5,0.5,0
55165,0.5,0.5,0.2,0,0,0.5,0,0,0,0.2,0.2
55178,0.5,0.5,0.2,0,0,0.5,0,0,0.2,0.5,0.5
55185,0.5,0.5,0.2,0,0,0.5,0,0,0.5,0.5,0
55192,0.5,0.5,0.2,0,0,0.5,0,0.2,0,0.2,0.2
55205,0.5,0.5,0.2,0,0,0.5,0,0.2,0.2,0.5,0.5
55212,0.5,0.5,0.2,0,0,0.5,0,0.2,0.5,0.5,0
55219,0.5,0.5,0.2,0,0,0.5,0,0.5,0,0.2,0.2
55233,0.5,0.5,0.2,0,0,0.5,0,0.5,0.5,0,0
55242,0.5,0.5,0.2,0,0,0.5,0.2,0,0,0,0
55249,0.5,0.5,0.2,0,0,0.5,0.2,0,0,0.5,0.2
55256,0.5,0.5,0.2,0,0,0.5,0.2,0,0.2,0.2,0.5
55263,0.5,0.5,0.2,0,0,0.5,0.2,0,0.5,0.2,0
55278,0.5,0.5,0.2,0,0,0.5,0.2,0.2,0.2,0,0
55285,0.5,0.5,0.2,0,0,0.5,0.2,0.2,0.2,0.5,0.2
55292,0.5,0.5,0.2,0,0,0.5,0.2,0.2,0.5,0.2,0.5
55299,0.5,0.5,0.2,0,0,0.5,0.2,0.5,0,0.2,0
55306,0.5,0.5,0.2,0,0,0.5,0.2,0.5,0.2,0,0.2
55313,0.5,0.5,0.2,0,0,0.5,0.2,0.5,0.2,0.5,0.5
55320,0.5,0.5,0.2,0,0,0.5,0.2,0.5,0.5,0.5,0
55327,0.5,0.5,0.2,0,0,0.5,0.5,0,0,0.2,0.2
55349,0.5,0.5,0.2,0,0,0.5,0.5,0,0.5,0.5,0.5
55356,0.5,0.5,0.2,0,0,0.5,0.5,0.2,0,0.5,0
55363,0.5,0.5,0.2,0,0,0.5,0.5,0.2,0.2,0.2,0.2
55370,0.5,0.5,0.2,0,0,0.5,0.5,0.2,0.5,0,0.5
55384,0.5,0.5,0.2,0,0,0.5,0.5,0.5,0,0.5,0.2
55391,0.5,0.5,0.2,0,0,0.5,0.5,0.5,0.2,0.2,0.5
55398,0.5,0.5,0.2,0,0,0.5,0.5,0.5,0.5,0.2,0
55420,0.5,0.5,0.2,0.2,0,0,0,0,0.2,0.5,0.2
55428,0.5,0.5,0.2,0.2,0,0,0,0,0.5,0.5,0
55435,0.5,0.5,0.2,0.2,0,0,0,0.2,0,0.2,0.2
55449,0.5,0.5,0.2,0.2,0,0,0,0.2,0.5,0,0
55457,0.5,0.5,0.2,0.2,0,0,0,0.2,0.5,0.5,0.5
55464,0.5,0.5,0.2,0.2,0,0,0,0.5,0,0.5,0
55470,0.5,0.5,0.2,0.2,0,0,0,0.5,0.2,0.2,0
55484,0.5,0.5,0.2,0.2,0,0,0,0.5,0.5,0.5,0.5
55491,0.5,0.5,0.2,0.2,0,0,0.2,0,0,0.5,0
55498,0.5,0.5,0.2,0.2,0,0,0.2,0,0.2,0.2,0.2
55503,0.5,0.5,0.2,0.2,0,0,0.2,0,0.5,0,0
55511,0.5,0.5,0.2,0.2,0,0,0.2,0,0.5,0.5,0.5
55518,0.5,0.5,0.2,0.2,0,0,0.2,0.2,0,0.5,0
55525,0.5,0.5,0.2,0.2,0,0,0.2,0.2,0.2,0.2,0.2
55535,0.5,0.5,0.2,0.2,0,0,0.2,0.2,0.5,0.2,0.5
55542,0.5,0.5,0.2,0.2,0,0,0.2,0.5,0,0.2,0
55548,0.5,0.5,0.2,0.2,0,0,0.2,0.5,0.2,0,0
55555,0.5,0.5,0.2,0.2,0,0,0.2,0.5,0.2,0.5,0.2
55562,0.5,0.5,0.2,0.2,0,0,0.2,0.5,0.5,0.2,0.5
55569,0.5,0.5,0.2,0.2,0,0,0.5,0,0,0.2,0
55577,0.5,0.5,0.2,0.2,0,0,0.5,0,0.2,0,0.5
55592,0.5,0.5,0.2,0.2,0,0,0.5,0,0.5,0.5,0.5
55599,0.5,0.5,0.2,0.2,0,0,0.5,0.2,0,0.5,0
55606,0.5,0.5,0.2,0.2,0,0,0.5,0.2,0.2,0.2,0.2
55614,0.5,0.5,0.2,0.2,0,0,0.5,0.2,0.5,0.2,0
55620,0.5,0.5,0.2,0.2,0,0,0.5,0.5,0,0,0
55628,0.5,0.5,0.2,0.2,0,0,0.5,0.5,0,0.5,0.5
55635,0.5,0.5,0.2,0.2,0,0,0.5,0.5,0.2,0.5,0
55642,0.5,0.5,0.2,0.2,0,0,0.5,0.5,0.5,0.2,0.2
55653,0.5,0.5,0.2,0.2,0,0.2,0,0,0,0.5,0
55664,0.5,0.5,0.2,0.2,0,0.2,0,0,0.2,0.5,0.5
55671,0.5,0.5,0.2,0.2,0,0.2,0,0,0.5,0.5,0
55678,0.5,0.5,0.2,0.2,0,0.2,0,0.2,0,0.2,0.2
55690,0.5,0.5,0.2,0.2,0,0.2,0,0.2,0.2,0.5,0.2
55696,0.5,0.5,0.2,0.2,0,0.2,0,0.2,0.5,0.2,0.2
55710,0.5,0.5,0.2,0.2,0,0.2,0,0.5,0.2,0,0
55717,0.5,0.5,0.2,0.2,0,0.2,0,0.5,0.2,0.5,0.2
55724,0.5,0.5,0.2,0.2,0,0.2,0,0.5,0.5,0.2,0.5
55734,0.5,0.5,0.2,0.2,0,0.2,0.2,0,0,0.5,0
55740,0.5,0.5,0.2,0.2,0,0.2,0.2,0,0.2,0.2,0
55745,0.5,0.5,0.2,0.2,0,0.2,0.2,0,0.2,0.5,0.5
55752,0.5,0.5,0.2,0.2,0,0.2,0.2,0,0.5,0.5,0
55760,0.5,0.5,0.2,0.2,0,0.2,0.2,0.2,0,0.2,0.5
55766,0.5,0.5,0.2,0.2,0,0.2,0.2,0.2,0.2,0,0.5
55774,0.5,0.5,0.2,0.2,0,0.2,0.2,0.2,0.5,0,0.2
55782,0.5,0.5,0.2,0.2,0,0.2,0.2,0.5,0,0,0
55789,0.5,0.5,0.2,0.2,0,0.2,0.2,0.5,0,0.5,0.2
55796,0.5,0.5,0.2,0.2,0,0.2,0.2,0.5,0.2,0.2,0.5
55803,0.5,0.5,0.2,0.2,0,0.2,0.2,0.5,0.5,0.2,0
55809,0.5,0.5,0.2,0.2,0,0.2,0.5,0,0,0,0
55816,0.5,0.5,0.2,0.2,0,0.2,0.5,0,0,0.5,0.2
55823,0.5,0.5,0.2,0.2,0,0.2,0.5,0,0.2,0.2,0.5
55830,0.5,0.5,0.2,0.2,0,0.2,0.5,0,0.5,0.2,0
55834,0.5,0.5,0.2,0.2,0,0.2,0.5,0,0.5,0.5,0.2
55841,0.5,0.5,0.2,0.2,0,0.2,0.5,0.2,0,0.2,0.5
55849,0.5,0.5,0.2,0.2,0,0.2,0.5,0.2,0.2,0.2,0.2
55856,0.5,0.5,0.2,0.2,0,0.2,0.5,0.2,0.5,0,0.5
55863,0.5,0.5,0.2,0.2,0,0.2,0.5,0.5,0,0,0
55870,0.5,0.5,0.2,0.2,0,0.2,0.5,0.5,0,0.5,0.2
55877,0.5,0.5,0.2,0.2,0,0.2,0.5,0.5,0.2,0.2,0.5
55884,0.5,0.5,0.2,0.2,0,0.2,0.5,0.5,0.5,0.2,0
55888,0.5,0.5,0.2,0.2,0,0.2,0.5,0.5,0.5,0.5,0.2
55896,0.5,0.5,0.2,0.2,0,0.5,0,0,0,0.5,0
55902,0.5,0.5,0.2,0.2,0,0.5,0,0,0.2,0.2,0
55916,0.5,0.5,0.2,0.2,0,0.5,0,0,0.5,0.5,0.5
55923,0.5,0.5,0.2,0.2,0,0.5,0,0.2,0,0.5,0
55933,0.5,0.5,0.2,0.2,0,0.5,0,0.2,0.2,0.5,0.2
55939,0.5,0.5,0.2,0.2,0,0.5,0,0.2,0.5,0.2,0.2
55952,0.5,0.5,0.2,0.2,0,0.5,0,0.5,0,0.5,0.5
55957,0.5,0.5,0.2,0.2,0,0.5,0,0.5,0.2,0.2,0.2
55965,0.5,0.5,0.2,0.2,0,0.5,0,0.5,0.5,0.2,0
55972,0.5,0.5,0.2,0.2,0,0.5,0.2,0,0,0,0.2
55996,0.5,0.5,0.2,0.2,0,0.5,0.2,0,0.5,0.5,0.2
56003,0.5,0.5,0.2,0.2,0,0.5,0.2,0.2,0,0.2,0.5
56010,0.5,0.5,0.2,0.2,0,0.5,0.2,0.2,0.2,0.2,0
56015,0.5,0.5,0.2,0.2,0,0.5,0.2,0.2,0.2,0.5,0.5
56022,0.5,0.5,0.2,0.2,0,0.5,0.2,0.2,0.5,0.5,0
56029,0.5,0.5,0.2,0.2,0,0.5,0.2,0.5,0,0.2,0.2
56035,0.5,0.5,0.2,0.2,0,0.5,0.2,0.5,0.2,0,0.2
56042,0.5,0.5,0.2,0.2,0,0.5,0.2,0.5,0.2,0.5,0.5
56049,0.5,0.5,0.2,0.2,0,0.5,0.2,0.5,0.5,0.5,0
56056,0.5,0.5,0.2,0.2,0,0.5,0.5,0,0,0.2,0.2
56064,0.5,0.5,0.2,0.2,0,0.5,0.5,0,0.2,0.2,0
56070,0.5,0.5,0.2,0.2,0,0.5,0.5,0,0.5,0,0
56078,0.5,0.5,0.2,0.2,0,0.5,0.5,0,0.5,0.5,0.5
56085,0.5,0.5,0.2,0.2,0,0.5,0.5,0.2,0,0.5,0
56092,0.5,0.5,0.2,0.2,0,0.5,0.5,0.2,0.2,0.2,0.2
56099,0.5,0.5,0.2,0.2,0,0.5,0.5,0.2,0.5,0,0.5
56108,0.5,0.5,0.2,0.2,0,0.5,0.5,0.5,0,0,0.5
56116,0.5,0.5,0.2,0.2,0,0.5,0.5,0.5,0.2,0,0.2
56122,0.5,0.5,0.2,0.2,0,0.5,0.5,0.5,0.2,0.5,0.2
56129,0.5,0.5,0.2,0.2,0,0.5,0.5,0.5,0.5,0.2,0.5
56136,0.5,0.5,0.2,0.5,0,0,0,0,0,0.2,0
56150,0.5,0.5,0.2,0.5,0,0,0,0,0.2,0.5,0.5
56157,0.5,0.5,0.2,0.5,0,0,0,0,0.5,0.5,0
56164,0.5,0.5,0.2,0.5,0,0,0,0.2,0,0.2,0.2
56176,0.5,0.5,0.2,0.5,0,0,0,0.2,0.2,0.5,0.2
56185,0.5,0.5,0.2,0.5,0,0,0,0.2,0.5,0.5,0.2
56189,0.5,0.5,0.2,0.5,0,0,0,0.5,0,0,0.5
56213,0.5,0.5,0.2,0.5,0,0,0,0.5,0.5,0.5,0.5
56220,0.5,0.5,0.2,0.5,0,0,0.2,0,0,0.5,0
56227,0.5,0.5,0.2,0.5,0,0,0.2,0,0.2,0.2,0.2
56231,0.5,0.5,0.2,0.5,0,0,0.2,0,0.2,0.5,0.5
56237,0.5,0.5,0.2,0.5,0,0,0.2,0,0.5,0.2,0.5
56243,0.5,0.5,0.2,0.5,0,0,0.2,0.2,0,0,0.5
56251,0.5,0.5,0.2,0.5,0,0,0.2,0.2,0.2,0,0.2
56259,0.5,0.5,0.2,0.5,0,0,0.2,0.2,0.5,0,0
56266,0.5,0.5,0.2,0.5,0,0,0.2,0.2,0.5,0.5,0.2
56273,0.5,0.5,0.2,0.5,0,0,0.2,0.5,0,0.2,0.5
56280,0.5,0.5,0.2,0.5,0,0,0.2,0.5,0.2,0.2,0
56285,0.5,0.5,0.2,0.5,0,0,0.2,0.5,0.2,0.5,0.5
56291,0.5,0.5,0.2,0.5,0,0,0.2,0.5,0.5,0.2,0.5
56302,0.5,0.5,0.2,0.5,0,0,0.5,0,0,0.5,0.2
56309,0.5,0.5,0.2,0.5,0,0,0.5,0,0.2,0.2,0.5
56317,0.5,0.5,0.2,0.5,0,0,0.5,0,0.5,0.2,0.2
56322,0.5,0.5,0.2,0.5,0,0,0.5,0.2,0,0,0
56331,0.5,0.5,0.2,0.5,0,0,0.5,0.2,0.2,0,0
56338,0.5,0.5,0.2,0.5,0,0,0.5,0.2,0.2,0.5,0.2
56344,0.5,0.5,0.2,0.5,0,0,0.5,0.2,0.5,0.2,0.2
56350,0.5,0.5,0.2,0.5,0,0,0.5,0.5,0,0,0.2
56357,0.5,0.5,0.2,0.5,0,0,0.5,0.5,0,0.5,0.5
56363,0.5,0.5,0.2,0.5,0,0,0.5,0.5,0.2,0.2,0.5
56370,0.5,0.5,0.2,0.5,0,0,0.5,0.5,0.5,0.2,0
56375,0.5,0.5,0.2,0.5,0,0,0.5,0.5,0.5,0.5,0.5
56391,0.5,0.5,0.2,0.5,0,0.2,0,0,0.2,0.5,0
56398,0.5,0.5,0.2,0.5,0,0.2,0,0,0.5,0.2,0.2
56405,0.5,0.5,0.2,0.5,0,0.2,0,0.2,0,0,0.5
56415,0.5,0.5,0.2,0.5,0,0.2,0,0.2,0.2,0.2,0
56429,0.5,0.5,0.2,0.5,0,0.2,0,0.2,0.5,0.5,0.5
56436,0.5,0.5,0.2,0.5,0,0.2,0,0.5,0,0.5,0
56447,0.5,0.5,0.2,0.5,0,0.2,0,0.5,0.2,0.5,0.5
56454,0.5,0.5,0.2,0.5,0,0.2,0,0.5,0.5,0.5,0
56457,0.5,0.5,0.2,0.5,0,0.2,0.2,0,0,0,0
56468,0.5,0.5,0.2,0.5,0,0.2,0.2,0,0.2,0,0.5
56476,0.5,0.5,0.2,0.5,0,0.2,0.2,0,0.5,0,0.2
56483,0.5,0.5,0.2,0.5,0,0.2,0.2,0,0.5,0.5,0.5
56497,0.5,0.5,0.2,0.5,0,0.2,0.2,0.2,0.2,0.2,0.2
56504,0.5,0.5,0.2,0.5,0,0.2,0.2,0.2,0.5,0,0.5
56513,0.5,0.5,0.2,0.5,0,0.2,0.2,0.5,0,0,0.5
56522,0.5,0.5,0.2,0.5,0,0.2,0.2,0.5,0.2,0,0.5
56528,0.5,0.5,0.2,0.5,0,0.2,0.2,0.5,0.2,0.5,0.5
56542,0.5,0.5,0.2,0.5,0,0.2,0.5,0,0,0.2,0.2
56549,0.5,0.5,0.2,0.5,0,0.2,0.5,0,0.2,0,0.5
56556,0.5,0.5,0.2,0.5,0,0.2,0.5,0,0.5,0,0
56563,0.5,0.5,0.2,0.5,0,0.2,0.5,0,0.5,0.5,0.2
56571,0.5,0.5,0.2,0.5,0,0.2,0.5,0.2,0,0.5,0
56579,0.5,0.5,0.2,0.5,0,0.2,0.5,0.2,0.2,0.2,0.5
56584,0.5,0.5,0.2,0.5,0,0.2,0.5,0.2,0.5,0,0.2
56591,0.5,0.5,0.2,0.5,0,0.2,0.5,0.2,0.5,0.5,0.5
56599,0.5,0.5,0.2,0.5,0,0.2,0.5,0.5,0,0.5,0.2
56605,0.5,0.5,0.2,0.5,0,0.2,0.5,0.5,0.2,0.2,0.2
56612,0.5,0.5,0.2,0.5,0,0.2,0.5,0.5,0.5,0,0.5
56618,0.5,0.5,0.2,0.5,0,0.2,0.5,0.5,0.5,0.5,0.5
56632,0.5,0.5,0.2,0.5,0,0.5,0,0,0.2,0.2,0.2
56639,0.5,0.5,0.2,0.5,0,0.5,0,0,0.5,0,0.5
56647,0.5,0.5,0.2,0.5,0,0.5,0,0.2,0,0,0.2
56661,0.5,0.5,0.2,0.5,0,0.5,0,0.2,0.2,0.5,0
56668,0.5,0.5,0.2,0.5,0,0.5,0,0.2,0.5,0.2,0.2
56674,0.5,0.5,0.2,0.5,0,0.5,0,0.5,0,0,0.2
56685,0.5,0.5,0.2,0.5,0,0.5,0,0.5,0.2,0.2,0
56698,0.5,0.5,0.2,0.5,0,0.5,0,0.5,0.5,0.5,0.2
56705,0.5,0.5,0.2,0.5,0,0.5,0.2,0,0,0.2,0.5
56713,0.5,0.5,0.2,0.5,0,0.5,0.2,0,0.2,0.2,0.2
56720,0.5,0.5,0.2,0.5,0,0.5,0.2,0,0.5,0,0.5
56727,0.5,0.5,0.2,0.5,0,0.5,0.2,0.2,0,0,0
56749,0.5,0.5,0.2,0.5,0,0.5,0.2,0.2,0.5,0.2,0.2
56756,0.5,0.5,0.2,0.5,0,0.5,0.2,0.5,0,0,0.5
56763,0.5,0.5,0.2,0.5,0,0.5,0.2,0.5,0.2,0,0
56772,0.5,0.5,0.2,0.5,0,0.5,0.2,0.5,0.5,0,0
56781,0.5,0.5,0.2,0.5,0,0.5,0.5,0,0,0,0
56794,0.5,0.5,0.2,0.5,0,0.5,0.5,0,0.2,0.2,0.2
56801,0.5,0.5,0.2,0.5,0,0.5,0.5,0,0.5,0,0.5
56820,0.5,0.5,0.2,0.5,0,0.5,0.5,0.2,0.2,0.2,0
56827,0.5,0.5,0.2,0.5,0,0.5,0.5,0.2,0.5,0,0.2
56835,0.5,0.5,0.2,0.5,0,0.5,0.5,0.5,0,0,0
56848,0.5,0.5,0.2,0.5,0,0.5,0.5,0.5,0.2,0.2,0.2
56856,0.5,0.5,0.2,0.5,0,0.5,0.5,0.5,0.5,0.2,0
56883,0.5,0.5,0.5,0,0,0,0,0,0.5,0.2,0
56905,0.5,0.5,0.5,0,0,0,0,0.2,0.2,0.5,0.2
56919,0.5,0.5,0.5,0,0,0,0,0.5,0,0.2,0
56932,0.5,0.5,0.5,0,0,0,0,0.5,0.2,0.5,0.2
56939,0.5,0.5,0.5,0,0,0,0,0.5,0.5,0.2,0.5
56951,0.5,0.5,0.5,0,0,0,0.2,0,0,0.5,0.5
56958,0.5,0.5,0.5,0,0,0,0.2,0,0.2,0.5,0
56965,0.5,0.5,0.5,0,0,0,0.2,0,0.5,0.2,0.2
56973,0.5,0.5,0.5,0,0,0,0.2,0.2,0,0.2,0
56986,0.5,0.5,0.5,0,0,0,0.2,0.2,0.2,0.5,0.2
56994,0.5,0.5,0.5,0,0,0,0.2,0.2,0.5,0.5,0
57000,0.5,0.5,0.5,0,0,0,0.2,0.5,0,0.2,0
57008,0.5,0.5,0.5,0,0,0,0.2,0.5,0.2,0,0.5
57022,0.5,0.5,0.5,0,0,0,0.2,0.5,0.5,0.5,0.2
57031,0.5,0.5,0.5,0,0,0,0.5,0,0,0.5,0.2
57038,0.5,0.5,0.5,0,0,0,0.5,0,0.2,0.2,0.5
57046,0.5,0.5,0.5,0,0,0,0.5,0,0.5,0.2,0.2
57068,0.5,0.5,0.5,0,0,0,0.5,0.2,0.2,0.5,0.5
57075,0.5,0.5,0.5,0,0,0,0.5,0.2,0.5,0.5,0
57082,0.5,0.5,0.5,0,0,0,0.5,0.5,0,0.2,0.2
57089,0.5,0.5,0.5,0,0,0,0.5,0.5,0.2,0,0.5
57097,0.5,0.5,0.5,0,0,0,0.5,0.5,0.5,0,0.2
57103,0.5,0.5,0.5,0,0,0,0.5,0.5,0.5,0.5,0.2
57111,0.5,0.5,0.5,0,0,0.2,0,0,0,0.5,0
57121,0.5,0.5,0.5,0,0,0.2,0,0,0.2,0.5,0.2
57128,0.5,0.5,0.5,0,0,0.2,0,0,0.5,0.2,0.5
57139,0.5,0.5,0.5,0,0,0.2,0,0.2,0,0.5,0.2
57148,0.5,0.5,0.5,0,0,0.2,0,0.2,0.2,0.5,0.2
57158,0.5,0.5,0.5,0,0,0.2,0,0.2,0.5,0.5,0.5
57165,0.5,0.5,0.5,0,0,0.2,0,0.5,0,0.5,0
57172,0.5,0.5,0.5,0,0,0.2,0,0.5,0.2,0.2,0.2
57181,0.5,0.5,0.5,0,0,0.2,0,0.5,0.5,0.2,0.2
57189,0.5,0.5,0.5,0,0,0.2,0.2,0,0,0.2,0
57196,0.5,0.5,0.5,0,0,0.2,0.2,0,0.2,0,0.2
57211,0.5,0.5,0.5,0,0,0.2,0.2,0,0.5,0.5,0.2
57218,0.5,0.5,0.5,0,0,0.2,0.2,0.2,0,0.2,0.5
57225,0.5,0.5,0.5,0,0,0.2,0.2,0.2,0.2,0.2,0
57231,0.5,0.5,0.5,0,0,0.2,0.2,0.2,0.5,0,0
57239,0.5,0.5,0.5,0,0,0.2,0.2,0.2,0.5,0.5,0.5
57246,0.5,0.5,0.5,0,0,0.2,0.2,0.5,0,0.5,0
57253,0.5,0.5,0.5,0,0,0.2,0.2,0.5,0.2,0.2,0.2
57274,0.5,0.5,0.5,0,0,0.2,0.5,0,0,0.5,0.2
57283,0.5,0.5,0.5,0,0,0.2,0.5,0,0.2,0.5,0.2
57288,0.5,0.5,0.5,0,0,0.2,0.5,0,0.5,0.2,0
57302,0.5,0.5,0.5,0,0,0.2,0.5,0.2,0,0.5,0.5
57309,0.5,0.5,0.5,0,0,0.2,0.5,0.2,0.2,0.5,0
57317,0.5,0.5,0.5,0,0,0.2,0.5,0.2,0.5,0.2,0.5
57324,0.5,0.5,0.5,0,0,0.2,0.5,0.5,0,0.2,0
57329,0.5,0.5,0.5,0,0,0.2,0.5,0.5,0,0.5,0.5
57335,0.5,0.5,0.5,0,0,0.2,0.5,0.5,0.2,0.2,0.5
57342,0.5,0.5,0.5,0,0,0.2,0.5,0.5,0.5,0.2,0
57356,0.5,0.5,0.5,0,0,0.5,0,0,0,0.5,0.5
57362,0.5,0.5,0.5,0,0,0.5,0,0,0.2,0.2,0.5
57380,0.5,0.5,0.5,0,0,0.5,0,0.2,0,0.2,0.5
57389,0.5,0.5,0.5,0,0,0.5,0,0.2,0.2,0.2,0.5
57401,0.5,0.5,0.5,0,0,0.5,0,0.2,0.5,0.5,0.5
57406,0.5,0.5,0.5,0,0,0.5,0,0.5,0,0.2,0.2
57418,0.5,0.5,0.5,0,0,0.5,0,0.5,0.2,0.5,0.2
57424,0.5,0.5,0.5,0,0,0.5,0,0.5,0.5,0.2,0.2
57432,0.5,0.5,0.5,0,0,0.5,0.2,0,0,0.2,0
57449,0.5,0.5,0.5,0,0,0.5,0.2,0,0.5,0,0.5
57455,0.5,0.5,0.5,0,0,0.5,0.2,0,0.5,0.5,0.5
57463,0.5,0.5,0.5,0,0,0.5,0.2,0.2,0,0.5,0.2
57469,0.5,0.5,0.5,0,0,0.5,0.2,0.2,0.2,0.2,0.2
57476,0.5,0.5,0.5,0,0,0.5,0.2,0.2,0.5,0,0.5
57482,0.5,0.5,0.5,0,0,0.5,0.2,0.2,0.5,0.5,0.5
57488,0.5,0.5,0.5,0,0,0.5,0.2,0.5,0,0.2,0.5
57494,0.5,0.5,0.5,0,0,0.5,0.2,0.5,0.2,0,0.5
57500,0.5,0.5,0.5,0,0,0.5,0.2,0.5,0.2,0.5,0.5
57506,0.5,0.5,0.5,0,0,0.5,0.2,0.5,0.5,0.2,0.5
57517,0.5,0.5,0.5,0,0,0.5,0.5,0,0,0.5,0.2
57523,0.5,0.5,0.5,0,0,0.5,0.5,0,0.2,0.2,0.2
57535,0.5,0.5,0.5,0,0,0.5,0.5,0,0.5,0.5,0.2
57541,0.5,0.5,0.5,0,0,0.5,0.5,0.2,0,0.2,0.2
57552,0.5,0.5,0.5,0,0,0.5,0.5,0.2,0.2,0.5,0
57558,0.5,0.5,0.5,0,0,0.5,0.5,0.2,0.5,0.2,0
57571,0.5,0.5,0.5,0,0,0.5,0.5,0.5,0,0.5,0.2
57578,0.5,0.5,0.5,0,0,0.5,0.5,0.5,0.2,0.2,0.5
57584,0.5,0.5,0.5,0,0,0.5,0.5,0.5,0.5,0,0.5
57590,0.5,0.5,0.5,0,0,0.5,0.5,0.5,0.5,0.5,0.5
57603,0.5,0.5,0.5,0.2,0,0,0,0,0.2,0.2,0
57609,0.5,0.5,0.5,0.2,0,0,0,0,0.5,0,0
57616,0.5,0.5,0.5,0.2,0,0,0,0,0.5,0.5,0.2
57621,0.5,0.5,0.5,0.2,0,0,0,0.2,0,0.2,0
57626,0.5,0.5,0.5,0.2,0,0,0,0.2,0,0.5,0.5
57631,0.5,0.5,0.5,0.2,0,0,0,0.2,0.2,0.2,0.2
57644,0.5,0.5,0.5,0.2,0,0,0,0.2,0.5,0.5,0.5
57650,0.5,0.5,0.5,0.2,0,0,0,0.5,0,0.2,0.5
57660,0.5,0.5,0.5,0.2,0,0,0,0.5,0.2,0.5,0
57668,0.5,0.5,0.5,0.2,0,0,0,0.5,0.5,0.2,0.5
57672,0.5,0.5,0.5,0.2,0,0,0.2,0,0,0,0
57686,0.5,0.5,0.5,0.2,0,0,0.2,0,0.2,0.2,0.5
57697,0.5,0.5,0.5,0.2,0,0,0.2,0,0.5,0.5,0.2
57703,0.5,0.5,0.5,0.2,0,0,0.2,0.2,0,0.2,0.2
57713,0.5,0.5,0.5,0.2,0,0,0.2,0.2,0.2,0.2,0.5
57723,0.5,0.5,0.5,0.2,0,0,0.2,0.2,0.5,0.5,0
57730,0.5,0.5,0.5,0.2,0,0,0.2,0.5,0,0.2,0.2
57741,0.5,0.5,0.5,0.2,0,0,0.2,0.5,0.2,0.5,0
57747,0.5,0.5,0.5,0.2,0,0,0.2,0.5,0.5,0.2,0
57753,0.5,0.5,0.5,0.2,0,0,0.5,0,0,0,0
57759,0.5,0.5,0.5,0.2,0,0,0.5,0,0,0.5,0
57765,0.5,0.5,0.5,0.2,0,0,0.5,0,0.2,0.2,0
57771,0.5,0.5,0.5,0.2,0,0,0.5,0,0.5,0,0
57777,0.5,0.5,0.5,0.2,0,0,0.5,0,0.5,0.5,0
57783,0.5,0.5,0.5,0.2,0,0,0.5,0.2,0,0.2,0
57789,0.5,0.5,0.5,0.2,0,0,0.5,0.2,0.2,0,0
57794,0.5,0.5,0.5,0.2,0,0,0.5,0.2,0.2,0.2,0.5
57801,0.5,0.5,0.5,0.2,0,0,0.5,0.2,0.5,0.2,0
57806,0.5,0.5,0.5,0.2,0,0,0.5,0.2,0.5,0.5,0.5
57812,0.5,0.5,0.5,0.2,0,0,0.5,0.5,0,0.2,0.5
57818,0.5,0.5,0.5,0.2,0,0,0.5,0.5,0.2,0,0.5
57826,0.5,0.5,0.5,0.2,0,0,0.5,0.5,0.5,0,0.2
57833,0.5,0.5,0.5,0.2,0,0,0.5,0.5,0.5,0.5,0.5
57840,0.5,0.5,0.5,0.2,0,0.2,0,0,0,0.5,0
57847,0.5,0.5,0.5,0.2,0,0.2,0,0,0.2,0.2,0.2
57852,0.5,0.5,0.5,0.2,0,0.2,0,0,0.5,0,0
57860,0.5,0.5,0.5,0.2,0,0.2,0,0,0.5,0.5,0.5
57866,0.5,0.5,0.5,0.2,0,0.2,0,0.2,0,0.2,0.5
57873,0.5,0.5,0.5,0.2,0,0.2,0,0.2,0.2,0.2,0
57887,0.5,0.5,0.5,0.2,0,0.2,0,0.2,0.5,0.5,0.5
57893,0.5,0.5,0.5,0.2,0,0.2,0,0.5,0,0.2,0.5
57900,0.5,0.5,0.5,0.2,0,0.2,0,0.5,0.2,0.2,0
57913,0.5,0.5,0.5,0.2,0,0.2,0,0.5,0.5,0.5,0.2
57920,0.5,0.5,0.5,0.2,0,0.2,0.2,0,0,0.2,0.5
57930,0.5,0.5,0.5,0.2,0,0.2,0.2,0,0.2,0.5,0
57936,0.5,0.5,0.5,0.2,0,0.2,0.2,0,0.5,0.2,0
57941,0.5,0.5,0.5,0.2,0,0.2,0.2,0,0.5,0.5,0.5
57948,0.5,0.5,0.5,0.2,0,0.2,0.2,0.2,0,0.5,0
57959,0.5,0.5,0.5,0.2,0,0.2,0.2,0.2,0.2,0.5,0.5
57966,0.5,0.5,0.5,0.2,0,0.2,0.2,0.2,0.5,0.5,0
57972,0.5,0.5,0.5,0.2,0,0.2,0.2,0.5,0,0.2,0
57978,0.5,0.5,0.5,0.2,0,0.2,0.2,0.5,0.2,0,0
57986,0.5,0.5,0.5,0.2,0,0.2,0.2,0.5,0.2,0.5,0.5
57992,0.5,0.5,0.5,0.2,0,0.2,0.2,0.5,0.5,0.2,0.5
57998,0.5,0.5,0.5,0.2,0,0.2,0.5,0,0,0,0.5
58005,0.5,0.5,0.5,0.2,0,0.2,0.5,0,0.2,0,0
58011,0.5,0.5,0.5,0.2,0,0.2,0.5,0,0.2,0.5,0
58017,0.5,0.5,0.5,0.2,0,0.2,0.5,0,0.5,0.2,0
58023,0.5,0.5,0.5,0.2,0,0.2,0.5,0.2,0,0,0
58029,0.5,0.5,0.5,0.2,0,0.2,0.5,0.2,0,0.5,0
58036,0.5,0.5,0.5,0.2,0,0.2,0.5,0.2,0.2,0.2,0.2
58042,0.5,0.5,0.5,0.2,0,0.2,0.5,0.2,0.5,0,0.2
58047,0.5,0.5,0.5,0.2,0,0.2,0.5,0.2,0.5,0.5,0
58053,0.5,0.5,0.5,0.2,0,0.2,0.5,0.5,0,0.2,0
58060,0.5,0.5,0.5,0.2,0,0.2,0.5,0.5,0.2,0,0.2
58066,0.5,0.5,0.5,0.2,0,0.2,0.5,0.5,0.2,0.5,0.2
58071,0.5,0.5,0.5,0.2,0,0.2,0.5,0.5,0.5,0.2,0
58077,0.5,0.5,0.5,0.2,0,0.5,0,0,0,0,0
58085,0.5,0.5,0.5,0.2,0,0.5,0,0,0,0.5,0.5
58091,0.5,0.5,0.5,0.2,0,0.5,0,0,0.2,0.2,0.5
58095,0.5,0.5,0.5,0.2,0,0.5,0,0,0.5,0,0
58103,0.5,0.5,0.5,0.2,0,0.5,0,0,0.5,0.5,0.5
58108,0.5,0.5,0.5,0.2,0,0.5,0,0.2,0,0.2,0.2
58114,0.5,0.5,0.5,0.2,0,0.5,0,0.2,0.2,0,0.2
58128,0.5,0.5,0.5,0.2,0,0.5,0,0.2,0.5,0.5,0
58134,0.5,0.5,0.5,0.2,0,0.5,0,0.5,0,0.2,0
58147,0.5,0.5,0.5,0.2,0,0.5,0,0.5,0.2,0.5,0.2
58153,0.5,0.5,0.5,0.2,0,0.5,0,0.5,0.5,0.2,0.2
58158,0.5,0.5,0.5,0.2,0,0.5,0.2,0,0,0,0
58167,0.5,0.5,0.5,0.2,0,0.5,0.2,0,0.2,0,0
58175,0.5,0.5,0.5,0.2,0,0.5,0.2,0,0.2,0.5,0.5
58181,0.5,0.5,0.5,0.2,0,0.5,0.2,0,0.5,0.2,0.5
58193,0.5,0.5,0.5,0.2,0,0.5,0.2,0.2,0,0.5,0.5
58199,0.5,0.5,0.5,0.2,0,0.5,0.2,0.2,0.2,0.2,0.5
58209,0.5,0.5,0.5,0.2,0,0.5,0.2,0.2,0.5,0.5,0
58214,0.5,0.5,0.5,0.2,0,0.5,0.2,0.5,0,0,0.5
58221,0.5,0.5,0.5,0.2,0,0.5,0.2,0.5,0.2,0,0
58227,0.5,0.5,0.5,0.2,0,0.5,0.2,0.5,0.2,0.5,0
58238,0.5,0.5,0.5,0.2,0,0.5,0.2,0.5,0.5,0.5,0.5
58244,0.5,0.5,0.5,0.2,0,0.5,0.5,0,0,0.2,0.5
58255,0.5,0.5,0.5,0.2,0,0.5,0.5,0,0.2,0.5,0.2
58261,0.5,0.5,0.5,0.2,0,0.5,0.5,0,0.5,0.2,0.2
58266,0.5,0.5,0.5,0.2,0,0.5,0.5,0.2,0,0,0
58272,0.5,0.5,0.5,0.2,0,0.5,0.5,0.2,0,0.5,0
58278,0.5,0.5,0.5,0.2,0,0.5,0.5,0.2,0.2,0.2,0
58283,0.5,0.5,0.5,0.2,0,0.5,0.5,0.2,0.2,0.5,0.5
58289,0.5,0.5,0.5,0.2,0,0.5,0.5,0.2,0.5,0.2,0.5
58294,0.5,0.5,0.5,0.2,0,0.5,0.5,0.5,0,0,0.2
58299,0.5,0.5,0.5,0.2,0,0.5,0.5,0.5,0,0.5,0
58305,0.5,0.5,0.5,0.2,0,0.5,0.5,0.5,0.2,0.2,0
58311,0.5,0.5,0.5,0.2,0,0.5,0.5,0.5,0.5,0,0
58317,0.5,0.5,0.5,0.2,0,0.5,0.5,0.5,0.5,0.5,0
58335,0.5,0.5,0.5,0.5,0,0,0,0,0.2,0.5,0
58345,0.5,0.5,0.5,0.5,0,0,0,0,0.5,0.5,0.2
58352,0.5,0.5,0.5,0.5,0,0,0,0.2,0,0.2,0.5
58362,0.5,0.5,0.5,0.5,0,0,0,0.2,0.2,0.5,0
58372,0.5,0.5,0.5,0.5,0,0,0,0.2,0.5,0.5,0.2
58379,0.5,0.5,0.5,0.5,0,0,0,0.5,0,0.2,0.5
58388,0.5,0.5,0.5,0.5,0,0,0,0.5,0.2,0.2,0.5
58400,0.5,0.5,0.5,0.5,0,0,0,0.5,0.5,0.5,0.5
58407,0.5,0.5,0.5,0.5,0,0,0.2,0,0,0.5,0
58417,0.5,0.5,0.5,0.5,0,0,0.2,0,0.2,0.5,0.2
58421,0.5,0.5,0.5,0.5,0,0,0.2,0,0.5,0,0.5
58434,0.5,0.5,0.5,0.5,0,0,0.2,0.2,0,0.5,0
58439,0.5,0.5,0.5,0.5,0,0,0.2,0.2,0.2,0,0.5
58451,0.5,0.5,0.5,0.5,0,0,0.2,0.2,0.5,0.2,0.5
58458,0.5,0.5,0.5,0.5,0,0,0.2,0.5,0,0.2,0
58470,0.5,0.5,0.5,0.5,0,0,0.2,0.5,0.2,0.5,0
58480,0.5,0.5,0.5,0.5,0,0,0.2,0.5,0.5,0.5,0.2
58492,0.5,0.5,0.5,0.5,0,0,0.5,0,0.2,0,0.2
58498,0.5,0.5,0.5,0.5,0,0,0.5,0,0.2,0.5,0.2
58505,0.5,0.5,0.5,0.5,0,0,0.5,0,0.5,0.2,0.5
58512,0.5,0.5,0.5,0.5,0,0,0.5,0.2,0,0.2,0
58518,0.5,0.5,0.5,0.5,0,0,0.5,0.2,0.2,0,0
58524,0.5,0.5,0.5,0.5,0,0,0.5,0.2,0.2,0.5,0
58530,0.5,0.5,0.5,0.5,0,0,0.5,0.2,0.5,0.2,0
58536,0.5,0.5,0.5,0.5,0,0,0.5,0.5,0,0,0
58542,0.5,0.5,0.5,0.5,0,0,0.5,0.5,0,0.5,0
58547,0.5,0.5,0.5,0.5,0,0,0.5,0.5,0.2,0,0.5
58554,0.5,0.5,0.5,0.5,0,0,0.5,0.5,0.5,0,0
58560,0.5,0.5,0.5,0.5,0,0,0.5,0.5,0.5,0.5,0
58570,0.5,0.5,0.5,0.5,0,0.2,0,0,0,0.5,0.2
58589,0.5,0.5,0.5,0.5,0,0.2,0,0,0.5,0.5,0.5
58594,0.5,0.5,0.5,0.5,0,0.2,0,0.2,0,0.2,0.2
58614,0.5,0.5,0.5,0.5,0,0.2,0,0.2,0.5,0.5,0
58625,0.5,0.5,0.5,0.5,0,0.2,0,0.5,0,0.5,0.5
58640,0.5,0.5,0.5,0.5,0,0.2,0,0.5,0.5,0.2,0.5
58647,0.5,0.5,0.5,0.5,0,0.2,0.2,0,0,0.2,0
58660,0.5,0.5,0.5,0.5,0,0.2,0.2,0,0.2,0.5,0.2
58665,0.5,0.5,0.5,0.5,0,0.2,0.2,0,0.5,0.2,0
58675,0.5,0.5,0.5,0.5,0,0.2,0.2,0.2,0,0.2,0.2
58683,0.5,0.5,0.5,0.5,0,0.2,0.2,0.2,0.2,0.2,0
58691,0.5,0.5,0.5,0.5,0,0.2,0.2,0.2,0.5,0,0.5
58704,0.5,0.5,0.5,0.5,0,0.2,0.2,0.5,0,0.5,0
58710,0.5,0.5,0.5,0.5,0,0.2,0.2,0.5,0.2,0.2,0
58715,0.5,0.5,0.5,0.5,0,0.2,0.2,0.5,0.2,0.5,0.5
58723,0.5,0.5,0.5,0.5,0,0.2,0.2,0.5,0.5,0.5,0.2
58735,0.5,0.5,0.5,0.5,0,0.2,0.5,0,0.2,0,0.2
58741,0.5,0.5,0.5,0.5,0,0.2,0.5,0,0.2,0.5,0.2
58753,0.5,0.5,0.5,0.5,0,0.2,0.5,0.2,0,0,0.2
58759,0.5,0.5,0.5,0.5,0,0.2,0.5,0.2,0,0.5,0.2
58765,0.5,0.5,0.5,0.5,0,0.2,0.5,0.2,0.2,0.2,0.2
58769,0.5,0.5,0.5,0.5,0,0.2,0.5,0.2,0.2,0.5,0.5
58775,0.5,0.5,0.5,0.5,0,0.2,0.5,0.2,0.5,0.2,0.5
58781,0.5,0.5,0.5,0.5,0,0.2,0.5,0.5,0,0,0.5
58787,0.5,0.5,0.5,0.5,0,0.2,0.5,0.5,0,0.5,0.5
58792,0.5,0.5,0.5,0.5,0,0.2,0.5,0.5,0.2,0.2,0.2
58798,0.5,0.5,0.5,0.5,0,0.2,0.5,0.5,0.5,0,0.2
58804,0.5,0.5,0.5,0.5,0,0.2,0.5,0.5,0.5,0.5,0.2
58812,0.5,0.5,0.5,0.5,0,0.5,0,0,0,0.5,0
58818,0.5,0.5,0.5,0.5,0,0.5,0,0,0.2,0.2,0
58831,0.5,0.5,0.5,0.5,0,0.5,0,0,0.5,0.5,0.2
58838,0.5,0.5,0.5,0.5,0,0.5,0,0.2,0,0.2,0.5
58845,0.5,0.5,0.5,0.5,0,0.5,0,0.2,0.2,0.2,0
58859,0.5,0.5,0.5,0.5,0,0.5,0,0.2,0.5,0.5,0.5
58865,0.5,0.5,0.5,0.5,0,0.5,0,0.5,0,0.2,0.5
58874,0.5,0.5,0.5,0.5,0,0.5,0,0.5,0.2,0.2,0.5
58883,0.5,0.5,0.5,0.5,0,0.5,0,0.5,0.5,0.2,0.5
58893,0.5,0.5,0.5,0.5,0,0.5,0.2,0,0,0.5,0
58899,0.5,0.5,0.5,0.5,0,0.5,0.2,0,0.2,0.2,0
58910,0.5,0.5,0.5,0.5,0,0.5,0.2,0,0.5,0.2,0.5
58918,0.5,0.5,0.5,0.5,0,0.5,0.2,0.2,0,0.2,0.2
58922,0.5,0.5,0.5,0.5,0,0.5,0.2,0.2,0,0.5,0.5
58929,0.5,0.5,0.5,0.5,0,0.5,0.2,0.2,0.2,0.5,0
58935,0.5,0.5,0.5,0.5,0,0.5,0.2,0.2,0.5,0.2,0
58942,0.5,0.5,0.5,0.5,0,0.5,0.2,0.5,0,0,0.2
58954,0.5,0.5,0.5,0.5,0,0.5,0.2,0.5,0.2,0.2,0.2
58966,0.5,0.5,0.5,0.5,0,0.5,0.2,0.5,0.5,0.5,0.2
58978,0.5,0.5,0.5,0.5,0,0.5,0.5,0,0.2,0,0.2
58984,0.5,0.5,0.5,0.5,0,0.5,0.5,0,0.2,0.5,0.2
58997,0.5,0.5,0.5,0.5,0,0.5,0.5,0.2,0,0,0.5
59002,0.5,0.5,0.5,0.5,0,0.5,0.5,0.2,0,0.5,0.2
59008,0.5,0.5,0.5,0.5,0,0.5,0.5,0.2,0.2,0.2,0.2
59014,0.5,0.5,0.5,0.5,0,0.5,0.5,0.2,0.5,0,0.2
59020,0.5,0.5,0.5,0.5,0,0.5,0.5,0.2,0.5,0.5,0.2
59027,0.5,0.5,0.5,0.5,0,0.5,0.5,0.5,0,0.2,0.5
59033,0.5,0.5,0.5,0.5,0,0.5,0.5,0.5,0.2,0,0.5
59040,0.5,0.5,0.5,0.5,0,0.5,0.5,0.5,0.5,0,0
59047,0.5,0.5,0.5,0.5,0,0.5,0.5,0.5,0.5,0.5,0.2
