0,0,0,0,0,0,0
1,0,0,0,0,0,0
5,0,0,0,0,0,0
13,0,0,0,0,0,0
21,0,0,0,0,0,0
27,0,0,0,0,0,0
35,0,0,0,0,0,0
43,0,0,0,0,0,0
51,0,0,0,0,0,0
59,0,0,0,0,0,0
67,0,0,0,0,0,0
75,0,0,0,0,0,0
83,0,0,0,0,0,0
91,0,0,0,0,0,0
99,0,0,0,0,0,0
107,0,0,0,0,0,0
115,0,0,0,0,0,0
123,0,0,0,0,0,0
130,0,0,0,0,0,0
137,0,0,0,0,0,0
148,0,0,0,0,0,0
155,0,0,0,0,0,0
164,0,0,0,0,0,0
172,0,0,0,0,0,0
180,0,0,0,0,0,0
188,0,0,0,0,0,0
197,0,0,0,0,0,0
205,0,0,0,0,0,0
214,0,0,0,0,0,0
222,0,0,0,0,0,0
229,0,0,0,0,0,0
237,0,0,0,0,0,0
245,0,0,0,0,0,0
256,0,0,0,0,0,0
263,0,0,0,0,0,0
272,0,0,0,0,0,0
280,0,0,0,0,0,0
288,0,0,0,0,0,0
296,0,0,0,0,0,0
305,0,0,0,0,0,0
313,0,0,0,0,0,0
322,0,0,0,0,0,0
330,0,0,0,0,0,0
338,0,0,0,0,0,0
346,0,0,0,0,0,0
351,0,0,0,0,0,0
360,0,0,0,0,0,0
369,0,0,0,0,0,0
377,0,0,0,0,0,0
385,0,0,0,0,0,0
395,0,0,0,0,0,0
405,0,0,0,0,0,0
409,0,0,0,0,0,0
417,0,0,0,0,0,0
425,0,0,0,0,0,0
434,0,0,0,0,0,0
441,0,0,0,0,0,0
447,0,0,0,0,0,0
455,0,0,0,0,0,0
463,0,0,0,0,0,0
471,0,0,0,0,0,0
479,0,0,0,0,0,0
487,0,0,0,0,0,0
495,0,0,0,0,0,0
502,0,0,0,0,0,0
511,0,0,0,0,0,0
520,0,0,0,0,0,0
529,0,0,0,0,0,0
539,0,0,0,0,0,0
548,0,0,0,0,0,0
556,0,0,0,0,0,0
565,0,0,0,0,0,0
574,0,0,0,0,0,0
583,0,0,0,0,0,0
591,0,0,0,0,0,0
596,0,0,0,0,0,0
604,0,0,0,0,0,0
610,0,0,0,0,0,0
621,0,0,0,0,0,0
624,0,0,0,0,0,0
632,0,0,0,0,0,0
641,0,0,0,0,0,0
651,0,0,0,0,0,0
659,0,0,0,0,0,0
667,0,0,0,0,0,0
675,0,0,0,0,0,0
691,0,0,0,0,0,0
699,0,0,0,0,0,0
707,0,0,0,0,0,0
715,0,0,0,0,0,0
723,0,0,0,0,0,0
731,0,0,0,0,0,0
739,0,0,0,0,0,0
747,0,0,0,0,0,0
755,0,0,0,0,0,0
779,0,0,0,0,0,0
801,0,0,0,0,0,0
811,0,0,0,0,0,0
819,0,0,0,0,0,0
829,0,0,0,0,0,0
895,0,0,0,0,0,0
902,0,0,0,0,0,0
912,0,0,0,0,0,0
918,0,0,0,0,0,0
927,0,0,0,0,0,0
968,0,0,0,0,0,0
976,0,0,0,0,0,0
984,0,0,0,0,0,0
991,0,0,0,0,0,0
998,0,0,0,0,0,0
1006,0,0,0,0,0,0
1014,0,0,0,0,0,0
1022,0,0,0,0,0,0
1031,0,0,0,0,0,0
1039,0,0,0,0,0,0
1048,0,0,0,0,0,0
1055,0,0,0,0,0,0
1065,0,0,0,0,0,0
1071,0,0,0,0,0,0
1079,0,0,0,0,0,0
1087,0,0,0,0,0,0
1095,0,0,0,0,0,0
1103,0,0,0,0,0,0
1111,0,0,0,0,0,0
1119,0,0,0,0,0,0
1126,0,0,0,0,0,0
1134,0,0,0,0,0,0
1142,0,0,0,0,0,0
1151,0,0,0,0,0,0
1159,0,0,0,0,0,0
1167,0,0,0,0,0,0
1175,0,0,0,0,0,0
1184,0,0,0,0,0,0
1192,0,0,0,0,0,0
1200,0,0,0,0,0,0
1207,0,0,0,0,0,0
1215,0,0,0,0,0,0
1224,0,0,0,0,0,0
1233,0,0,0,0,0,0
1244,0,0,0,0,0,0
1254,0,0,0,0,0,0
1261,0,0,0,0,0,0
1269,0,0,0,0,0,0
1277,0,0,0,0,0,0
1285,0,0,0,0,0,0
1294,0,0,0,0,0,0
1302,0,0,0,0,0,0
1310,0,0,0,0,0,0
1318,0,0,0,0,0,0
1323,0,0,0,0,0,0
1333,0,0,0,0,0,0
1344,0,0,0,0,0,0
1349,0,0,0,0,0,0
1357,0,0,0,0,0,0
1365,0,0,0,0,0,0
1374,0,0,0,0,0,0
1382,0,0,0,0,0,0
1390,0,0,0,0,0,0
1398,0,0,0,0,0,0
1405,0,0,0,0,0,0
1415,0,0,0,0,0,0
1424,0,0,0,0,0,0
1434,0,0,0,0,0,0
1439,0,0,0,0,0,0
1447,0,0,0,0,0,0
1455,0,0,0,0,0,0
1460,0,0,0,0,0,0
1468,0,0,0,0,0,0
1477,0,0,0,0,0,0
1485,0,0,0,0,0,0
1491,0,0,0,0,0,0
1499,0,0,0,0,0,0
1507,0,0,0,0,0,0
1515,0,0,0,0,0,0
1522,0,0,0,0,0,0
1530,0,0,0,0,0,0
1538,0,0,0,0,0,0
1546,0,0,0,0,0,0
1554,0,0,0,0,0,0
1562,0,0,0,0,0,0
1571,0,0,0,0,0,0
1579,0,0,0,0,0,0
1587,0,0,0,0,0,0
1595,0,0,0,0,0,0
1604,0,0,0,0,0,0
1613,0,0,0,0,0,0
1621,0,0,0,0,0,0
1629,0,0,0,0,0,0
1638,0,0,0,0,0,0
1652,0,0,0,0,0,0
1657,0,0,0,0,0,0
1668,0,0,0,0,0,0
1673,0,0,0,0,0,0
1697,0,0,0,0,0,0
1705,0,0,0,0,0,0
1713,0,0,0,0,0,0
1722,0,0,0,0,0,0
1730,0,0,0,0,0,0
1769,0,0,0,0,0,0
1778,0,0,0,0,0,0
1786,0,0,0,0,0,0
1794,0,0,0,0,0,0
1802,0,0,0,0,0,0
1812,0,0,0,0,0,0
1819,0,0,0,0,0,0
1827,0,0,0,0,0,0
1859,0,0,0,0,0,0
1867,0,0,0,0,0,0
1875,0,0,0,0,0,0
1884,0,0,0,0,0,0
1913,0,0,0,0,0,0
1921,0,0,0,0,0,0
1929,0,0,0,0,0,0
1938,0,0,0,0,0,0
1948,0,0,0,0,0,0
1954,0,0,0,0,0,0
1961,0,0,0,0,0,0
1969,0,0,0,0,0,0
1977,0,0,0,0,0,0
1985,0,0,0,0,0,0
1993,0,0,0,0,0,0
2001,0,0,0,0,0,0
2007,0,0,0,0,0,0
2015,0,0,0,0,0,0
2023,0,0,0,0,0,0
2031,0,0,0,0,0,0
2039,0,0,0,0,0,0
2048,0,0,0,0,0,0
2056,0,0,0,0,0,0
2064,0,0,0,0,0,0
2072,0,0,0,0,0,0
2078,0,0,0,0,0,0
2086,0,0,0,0,0,0
2096,0,0,0,0,0,0
2103,0,0,0,0,0,0
2111,0,0,0,0,0,0
2120,0,0,0,0,0,0
2129,0,0,0,0,0,0
2137,0,0,0,0,0,0
2145,0,0,0,0,0,0
2153,0,0,0,0,0,0
2161,0,0,0,0,0,0
2168,0,0,0,0,0,0
2176,0,0,0,0,0,0
2184,0,0,0,0,0,0
2192,0,0,0,0,0,0
2199,0,0,0,0,0,0
2209,0,0,0,0,0,0
2218,0,0,0,0,0,0
2226,0,0,0,0,0,0
2234,0,0,0,0,0,0
2242,0,0,0,0,0,0
2250,0,0,0,0,0,0
2258,0,0,0,0,0,0
2266,0,0,0,0,0,0
2274,0,0,0,0,0,0
2282,0,0,0,0,0,0
2291,0,0,0,0,0,0
2300,0,0,0,0,0,0
2308,0,0,0,0,0,0
2314,0,0,0,0,0,0
2324,0,0,0,0,0,0
2334,0,0,0,0,0,0
2340,0,0,0,0,0,0
2348,0,0,0,0,0,0
2357,0,0,0,0,0,0
2365,0,0,0,0,0,0
2373,0,0,0,0,0,0
2381,0,0,0,0,0,0
2389,0,0,0,0,0,0
2397,0,0,0,0,0,0
2405,0,0,0,0,0,0
2415,0,0,0,0,0,0
2423,0,0,0,0,0,0
2433,0,0,0,0,0,0
2440,0,0,0,0,0,0
2449,0,0,0,0,0,0
2458,0,0,0,0,0,0
2467,0,0,0,0,0,0
2476,0,0,0,0,0,0
2485,0,0,0,0,0,0
2493,0,0,0,0,0,0
2502,0,0,0,0,0,0
2510,0,0,0,0,0,0
2518,0,0,0,0,0,0
2526,0,0,0,0,0,0
2533,0,0,0,0,0,0
2539,0,0,0,0,0,0
2550,0,0,0,0,0,0
2556,0,0,0,0,0,0
2565,0,0,0,0,0,0
2573,0,0,0,0,0,0
2581,0,0,0,0,0,0
2589,0,0,0,0,0,0
2597,0,0,0,0,0,0
2605,0,0,0,0,0,0
2611,0,0,0,0,0,0
2622,0,0,0,0,0,0
2627,0,0,0,0,0,0
2635,0,0,0,0,0,0
2643,0,0,0,0,0,0
2650,0,0,0,0,0,0
2656,0,0,0,0,0,0
2666,0,0,0,0,0,0
2676,0,0,0,0,0,0
2681,0,0,0,0,0,0
2689,0,0,0,0,0,0
2697,0,0,0,0,0,0
2706,0,0,0,0,0,0
2712,0,0,0,0,0,0
2721,0,0,0,0,0,0
2727,0,0,0,0,0,0
2737,0,0,0,0,0,0
2750,0,0,0,0,0,0
2754,0,0,0,0,0,0
2765,0,0,0,0,0,0
2775,0,0,0,0,0,0
2781,0,0,0,0,0,0
2791,0,0,0,0,0,0
2800,0,0,0,0,0,0
2810,0,0,0,0,0,0
2822,0,0,0,0,0,0
2828,0,0,0,0,0,0
2839,0,0,0,0,0,0
2846,0,0,0,0,0,0
2857,0,0,0,0,0,0
2862,0,0,0,0,0,0
2874,0,0,0,0,0,0
2881,0,0,0,0,0,0
2891,0,0,0,0,0,0
2899,0,0,0,0,0,0
2909,0,0,0,0,0,0
2918,0,0,0,0,0,0
2926,0,0,0,0,0,0
2934,0,0,0,0,0,0
2942,0,0,0,0,0,0
2950,0,0,0,0,0,0
2958,0,0,0,0,0,0
2967,0,0,0,0,0,0
2974,0,0,0,0,0,0
2984,0,0,0,0,0,0
2993,0,0,0,0,0,0
3002,0,0,0,0,0,0
3010,0,0,0,0,0,0
3018,0,0,0,0,0,0
3025,0,0,0,0,0,0
3033,0,0,0,0,0,0
3041,0,0,0,0,0,0
3049,0,0,0,0,0,0
3057,0,0,0,0,0,0
3065,0,0,0,0,0,0
3073,0,0,0,0,0,0
3081,0,0,0,0,0,0
3089,0,0,0,0,0,0
3097,0,0,0,0,0,0
3105,0,0,0,0,0,0
3112,0,0,0,0,0,0
3121,0,0,0,0,0,0
3130,0,0,0,0,0,0
3138,0,0,0,0,0,0
3146,0,0,0,0,0,0
3155,0,0,0,0,0,0
3162,0,0,0,0,0,0
3166,0,0,0,0,0,0
3175,0,0,0,0,0,0
3183,0,0,0,0,0,0
3190,0,0,0,0,0,0
3198,0,0,0,0,0,0
3206,0,0,0,0,0,0
3215,0,0,0,0,0,0
3223,0,0,0,0,0,0
3231,0,0,0,0,0,0
3238,0,0,0,0,0,0
3246,0,0,0,0,0,0
3254,0,0,0,0,0,0
3262,0,0,0,0,0,0
3267,0,0,0,0,0,0
3278,0,0,0,0,0,0
3288,0,0,0,0,0,0
3293,0,0,0,0,0,0
3301,0,0,0,0,0,0
3310,0,0,0,0,0,0
3320,0,0,0,0,0,0
3328,0,0,0,0,0,0
3337,0,0,0,0,0,0
3345,0,0,0,0,0,0
3354,0,0,0,0,0,0
3363,0,0,0,0,0,0
3371,0,0,0,0,0,0
3379,0,0,0,0,0,0
3387,0,0,0,0,0,0
3395,0,0,0,0,0,0
3406,0,0,0,0,0,0
3414,0,0,0,0,0,0
3423,0,0,0,0,0,0
3431,0,0,0,0,0,0
3439,0,0,0,0,0,0
3447,0,0,0,0,0,0
3454,0,0,0,0,0,0
3463,0,0,0,0,0,0
3471,0,0,0,0,0,0
3480,0,0,0,0,0,0
3488,0,0,0,0,0,0
3496,0,0,0,0,0,0
3501,0,0,0,0,0,0
3514,0,0,0,0,0,0
3522,0,0,0,0,0,0
3530,0,0,0,0,0,0
3538,0,0,0,0,0,0
3544,0,0,0,0,0,0
3553,0,0,0,0,0,0
3561,0,0,0,0,0,0
3569,0,0,0,0,0,0
3579,0,0,0,0,0,0
3586,0,0,0,0,0,0
3594,0,0,0,0,0,0
3602,0,0,0,0,0,0
3610,0,0,0,0,0,0
3623,0,0,0,0,0,0
3629,0,0,0,0,0,0
3637,0,0,0,0,0,0
3645,0,0,0,0,0,0
3651,0,0,0,0,0,0
3659,0,0,0,0,0,0
3668,0,0,0,0,0,0
3677,0,0,0,0,0,0
3686,0,0,0,0,0,0
3722,0,0,0,0,0,0
3730,0,0,0,0,0,0
3738,0,0,0,0,0,0
3747,0,0,0,0,0,0
3755,0,0,0,0,0,0
3764,0,0,0,0,0,0
3772,0,0,0,0,0,0
3780,0,0,0,0,0,0
3789,0,0,0,0,0,0
3805,0,0,0,0,0,0
3813,0,0,0,0,0,0
3821,0,0,0,0,0,0
3829,0,0,0,0,0,0
3837,0,0,0,0,0,0
3845,0,0,0,0,0,0
3853,0,0,0,0,0,0
3861,0,0,0,0,0,0
3878,0,0,0,0,0,0
3886,0,0,0,0,0,0
3894,0,0,0,0,0,0
3902,0,0,0,0,0,0
3911,0,0,0,0,0,0
3917,0,0,0,0,0,0
3926,0,0,0,0,0,0
3936,0,0,0,0,0,0
3943,0,0,0,0,0,0
3952,0,0,0,0,0,0
3962,0,0,0,0,0,0
3971,0,0,0,0,0,0
3980,0,0,0,0,0,0
3990,0,0,0,0,0,0
3997,0,0,0,0,0,0
4004,0,0,0,0,0,0
4012,0,0,0,0,0,0
4020,0,0,0,0,0,0
4028,0,0,0,0,0,0
4037,0,0,0,0,0,0
4046,0,0,0,0,0,0
4053,0,0,0,0,0,0
4059,0,0,0,0,0,0
4068,0,0,0,0,0,0
4076,0,0,0,0,0,0
4084,0,0,0,0,0,0
4092,0,0,0,0,0,0
4100,0,0,0,0,0,0
4109,0,0,0,0,0,0
4117,0,0,0,0,0,0
4123,0,0,0,0,0,0
4130,0,0,0,0,0,0
4138,0,0,0,0,0,0
4146,0,0,0,0,0,0
4154,0,0,0,0,0,0
4163,0,0,0,0,0,0
4171,0,0,0,0,0,0
4178,0,0,0,0,0,0
4187,0,0,0,0,0,0
4194,0,0,0,0,0,0
4202,0,0,0,0,0,0
4210,0,0,0,0,0,0
4218,0,0,0,0,0,0
4226,0,0,0,0,0,0
4234,0,0,0,0,0,0
4242,0,0,0,0,0,0
4248,0,0,0,0,0,0
4258,0,0,0,0,0,0
4266,0,0,0,0,0,0
4275,0,0,0,0,0,0
4283,0,0,0,0,0,0
4291,0,0,0,0,0,0
4299,0,0,0,0,0,0
4307,0,0,0,0,0,0
4315,0,0,0,0,0,0
4323,0,0,0,0,0,0
4329,0,0,0,0,0,0
4339,0,0,0,0,0,0
4349,0,0,0,0,0,0
4359,0,0,0,0,0,0
4365,0,0,0,0,0,0
4376,0,0,0,0,0,0
4382,0,0,0,0,0,0
4390,0,0,0,0,0,0
4398,0,0,0,0,0,0
4406,0,0,0,0,0,0
4414,0,0,0,0,0,0
4422,0,0,0,0,0,0
4428,0,0,0,0,0,0
4437,0,0,0,0,0,0
4445,0,0,0,0,0,0
4453,0,0,0,0,0,0
4461,0,0,0,0,0,0
4469,0,0,0,0,0,0
4476,0,0,0,0,0,0
4482,0,0,0,0,0,0
4490,0,0,0,0,0,0
4498,0,0,0,0,0,0
4506,0,0,0,0,0,0
4514,0,0,0,0,0,0
4522,0,0,0,0,0,0
4530,0,0,0,0,0,0
4537,0,0,0,0,0,0
4546,0,0,0,0,0,0
4557,0,0,0,0,0,0
4562,0,0,0,0,0,0
4570,0,0,0,0,0,0
4578,0,0,0,0,0,0
4586,0,0,0,0,0,0
4593,0,0,0,0,0,0
4601,0,0,0,0,0,0
4609,0,0,0,0,0,0
4616,0,0,0,0,0,0
4627,0,0,0,0,0,0
4636,0,0,0,0,0,0
4644,0,0,0,0,0,0
4660,0,0,0,0,0,0
4684,0,0,0,0,0,0
4690,0,0,0,0,0,0
4701,0,0,0,0,0,0
4709,0,0,0,0,0,0
4717,0,0,0,0,0,0
4725,0,0,0,0,0,0
4741,0,0,0,0,0,0
4749,0,0,0,0,0,0
4757,0,0,0,0,0,0
4765,0,0,0,0,0,0
4773,0,0,0,0,0,0
4803,0,0,0,0,0,0
4811,0,0,0,0,0,0
4819,0,0,0,0,0,0
4826,0,0,0,0,0,0
4836,0,0,0,0,0,0
4844,0,0,0,0,0,0
4852,0,0,0,0,0,0
4860,0,0,0,0,0,0
4873,0,0,0,0,0,0
4880,0,0,0,0,0,0
4887,0,0,0,0,0,0
4898,0,0,0,0,0,0
4907,0,0,0,0,0,0
4914,0,0,0,0,0,0
4922,0,0,0,0,0,0
4930,0,0,0,0,0,0
4938,0,0,0,0,0,0
4946,0,0,0,0,0,0
4954,0,0,0,0,0,0
4962,0,0,0,0,0,0
4969,0,0,0,0,0,0
4976,0,0,0,0,0,0
4984,0,0,0,0,0,0
4992,0,0,0,0,0,0
5000,0,0,0,0,0,0
5008,0,0,0,0,0,0
5016,0,0,0,0,0,0
5023,0,0,0,0,0,0
5031,0,0,0,0,0,0
5040,0,0,0,0,0,0
5048,0,0,0,0,0,0
5056,0,0,0,0,0,0
5064,0,0,0,0,0,0
5072,0,0,0,0,0,0
5081,0,0,0,0,0,0
5089,0,0,0,0,0,0
5094,0,0,0,0,0,0
5105,0,0,0,0,0,0
5111,0,0,0,0,0,0
5120,0,0,0,0,0,0
5127,0,0,0,0,0,0
5135,0,0,0,0,0,0
5143,0,0,0,0,0,0
5151,0,0,0,0,0,0
5159,0,0,0,0,0,0
5169,0,0,0,0,0,0
5179,0,0,0,0,0,0
5186,0,0,0,0,0,0
5194,0,0,0,0,0,0
5202,0,0,0,0,0,0
5210,0,0,0,0,0,0
5219,0,0,0,0,0,0
5227,0,0,0,0,0,0
5234,0,0,0,0,0,0
5243,0,0,0,0,0,0
5251,0,0,0,0,0,0
5258,0,0,0,0,0,0
5267,0,0,0,0,0,0
5278,0,0,0,0,0,0
5284,0,0,0,0,0,0
5292,0,0,0,0,0,0
5300,0,0,0,0,0,0
5308,0,0,0,0,0,0
5316,0,0,0,0,0,0
5324,0,0,0,0,0,0
5333,0,0,0,0,0,0
5342,0,0,0,0,0,0
5351,0,0,0,0,0,0
5359,0,0,0,0,0,0
5366,0,0,0,0,0,0
5375,0,0,0,0,0,0
5385,0,0,0,0,0,0
5391,0,0,0,0,0,0
5399,0,0,0,0,0,0
5408,0,0,0,0,0,0
5416,0,0,0,0,0,0
5424,0,0,0,0,0,0
5430,0,0,0,0,0,0
5436,0,0,0,0,0,0
5444,0,0,0,0,0,0
5452,0,0,0,0,0,0
5460,0,0,0,0,0,0
5468,0,0,0,0,0,0
5477,0,0,0,0,0,0
5485,0,0,0,0,0,0
5493,0,0,0,0,0,0
5500,0,0,0,0,0,0
5508,0,0,0,0,0,0
5517,0,0,0,0,0,0
5529,0,0,0,0,0,0
5535,0,0,0,0,0,0
5552,0,0,0,0,0,0
5560,0,0,0,0,0,0
5567,0,0,0,0,0,0
5573,0,0,0,0,0,0
5584,0,0,0,0,0,0
5591,0,0,0,0,0,0
5600,0,0,0,0,0,0
5610,0,0,0,0,0,0
5615,0,0,0,0,0,0
5631,0,0,0,0,0,0
5645,0,0,0,0,0,0
5676,0,0,0,0,0,0
5684,0,0,0,0,0,0
5692,0,0,0,0,0,0
5700,0,0,0,0,0,0
5705,0,0,0,0,0,0
5713,0,0,0,0,0,0
5721,0,0,0,0,0,0
5729,0,0,0,0,0,0
5737,0,0,0,0,0,0
5742,0,0,0,0,0,0
5754,0,0,0,0,0,0
5759,0,0,0,0,0,0
5767,0,0,0,0,0,0
5775,0,0,0,0,0,0
5783,0,0,0,0,0,0
5791,0,0,0,0,0,0
5799,0,0,0,0,0,0
5805,0,0,0,0,0,0
5814,0,0,0,0,0,0
5823,0,0,0,0,0,0
5831,0,0,0,0,0,0
5839,0,0,0,0,0,0
5847,0,0,0,0,0,0
5855,0,0,0,0,0,0
5863,0,0,0,0,0,0
5871,0,0,0,0,0,0
5879,0,0,0,0,0,0
5887,0,0,0,0,0,0
5895,0,0,0,0,0,0
5903,0,0,0,0,0,0
5911,0,0,0,0,0,0
5919,0,0,0,0,0,0
5928,0,0,0,0,0,0
5935,0,0,0,0,0,0
5944,0,0,0,0,0,0
5951,0,0,0,0,0,0
5963,0,0,0,0,0,0
5971,0,0,0,0,0,0
5978,0,0,0,0,0,0
5985,0,0,0,0,0,0
5995,0,0,0,0,0,0
6003,0,0,0,0,0,0
6011,0,0,0,0,0,0
6019,0,0,0,0,0,0
6027,0,0,0,0,0,0
6035,0,0,0,0,0,0
6043,0,0,0,0,0,0
6051,0,0,0,0,0,0
6059,0,0,0,0,0,0
6069,0,0,0,0,0,0
6077,0,0,0,0,0,0
6085,0,0,0,0,0,0
6092,0,0,0,0,0,0
6100,0,0,0,0,0,0
6108,0,0,0,0,0,0
6116,0,0,0,0,0,0
6124,0,0,0,0,0,0
6132,0,0,0,0,0,0
6140,0,0,0,0,0,0
6148,0,0,0,0,0,0
6156,0,0,0,0,0,0
6165,0,0,0,0,0,0
6175,0,0,0,0,0,0
6186,0,0,0,0,0,0
6190,0,0,0,0,0,0
6198,0,0,0,0,0,0
6206,0,0,0,0,0,0
6214,0,0,0,0,0,0
6222,0,0,0,0,0,0
6230,0,0,0,0,0,0
6238,0,0,0,0,0,0
6246,0,0,0,0,0,0
6254,0,0,0,0,0,0
6262,0,0,0,0,0,0
6270,0,0,0,0,0,0
6277,0,0,0,0,0,0
6285,0,0,0,0,0,0
6293,0,0,0,0,0,0
6302,0,0,0,0,0,0
6314,0,0,0,0,0,0
6321,0,0,0,0,0,0
6330,0,0,0,0,0,0
6338,0,0,0,0,0,0
6346,0,0,0,0,0,0
6351,0,0,0,0,0,0
6360,0,0,0,0,0,0
6369,0,0,0,0,0,0
6377,0,0,0,0,0,0
6385,0,0,0,0,0,0
6393,0,0,0,0,0,0
6401,0,0,0,0,0,0
6411,0,0,0,0,0,0
6416,0,0,0,0,0,0
6424,0,0,0,0,0,0
6432,0,0,0,0,0,0
6440,0,0,0,0,0,0
6448,0,0,0,0,0,0
6456,0,0,0,0,0,0
6464,0,0,0,0,0,0
6472,0,0,0,0,0,0
6480,0,0,0,0,0,0
6488,0,0,0,0,0,0
6496,0,0,0,0,0,0
6504,0,0,0,0,0,0
6514,0,0,0,0,0,0
6521,0,0,0,0,0,0
6531,0,0,0,0,0,0
6538,0,0,0,0,0,0
6547,0,0,0,0,0,0
6555,0,0,0,0,0,0
6563,0,0,0,0,0,0
6572,0,0,0,0,0,0
6580,0,0,0,0,0,0
6588,0,0,0,0,0,0
6596,0,0,0,0,0,0
6636,0,0,0,0,0,0
6644,0,0,0,0,0,0
6652,0,0,0,0,0,0
6669,0,0,0,0,0,0
6674,0,0,0,0,0,0
6682,0,0,0,0,0,0
6690,0,0,0,0,0,0
6698,0,0,0,0,0,0
6710,0,0,0,0,0,0
6718,0,0,0,0,0,0
6724,0,0,0,0,0,0
6734,0,0,0,0,0,0
6743,0,0,0,0,0,0
6751,0,0,0,0,0,0
6759,0,0,0,0,0,0
6765,0,0,0,0,0,0
6774,0,0,0,0,0,0
6782,0,0,0,0,0,0
6791,0,0,0,0,0,0
6800,0,0,0,0,0,0
6808,0,0,0,0,0,0
6815,0,0,0,0,0,0
6833,0,0,0,0,0,0
6843,0,0,0,0,0,0
6849,0,0,0,0,0,0
6861,0,0,0,0,0,0
6867,0,0,0,0,0,0
6875,0,0,0,0,0,0
6883,0,0,0,0,0,0
6892,0,0,0,0,0,0
6900,0,0,0,0,0,0
6907,0,0,0,0,0,0
6915,0,0,0,0,0,0
6923,0,0,0,0,0,0
6932,0,0,0,0,0,0
6939,0,0,0,0,0,0
6950,0,0,0,0,0,0
6960,0,0,0,0,0,0
6966,0,0,0,0,0,0
6974,0,0,0,0,0,0
6982,0,0,0,0,0,0
6990,0,0,0,0,0,0
6999,0,0,0,0,0,0
7007,0,0,0,0,0,0
7015,0,0,0,0,0,0
7023,0,0,0,0,0,0
7032,0,0,0,0,0,0
7040,0,0,0,0,0,0
7048,0,0,0,0,0,0
7056,0,0,0,0,0,0
7068,0,0,0,0,0,0
7076,0,0,0,0,0,0
7085,0,0,0,0,0,0
7093,0,0,0,0,0,0
7101,0,0,0,0,0,0
7109,0,0,0,0,0,0
7117,0,0,0,0,0,0
7125,0,0,0,0,0,0
7133,0,0,0,0,0,0
7142,0,0,0,0,0,0
7150,0,0,0,0,0,0
7159,0,0,0,0,0,0
7166,0,0,0,0,0,0
7177,0,0,0,0,0,0
7184,0,0,0,0,0,0
7194,0,0,0,0,0,0
7200,0,0,0,0,0,0
7208,0,0,0,0,0,0
7216,0,0,0,0,0,0
7224,0,0,0,0,0,0
7233,0,0,0,0,0,0
7241,0,0,0,0,0,0
7250,0,0,0,0,0,0
7259,0,0,0,0,0,0
7268,0,0,0,0,0,0
7276,0,0,0,0,0,0
7282,0,0,0,0,0,0
7291,0,0,0,0,0,0
7299,0,0,0,0,0,0
7307,0,0,0,0,0,0
7315,0,0,0,0,0,0
7323,0,0,0,0,0,0
7331,0,0,0,0,0,0
7339,0,0,0,0,0,0
7348,0,0,0,0,0,0
7356,0,0,0,0,0,0
7363,0,0,0,0,0,0
7371,0,0,0,0,0,0
7379,0,0,0,0,0,0
7387,0,0,0,0,0,0
7395,0,0,0,0,0,0
7403,0,0,0,0,0,0
7411,0,0,0,0,0,0
7419,0,0,0,0,0,0
7426,0,0,0,0,0,0
7435,0,0,0,0,0,0
7444,0,0,0,0,0,0
7453,0,0,0,0,0,0
7464,0,0,0,0,0,0
7470,0,0,0,0,0,0
7479,0,0,0,0,0,0
7488,0,0,0,0,0,0
7500,0,0,0,0,0,0
7506,0,0,0,0,0,0
7518,0,0,0,0,0,0
7525,0,0,0,0,0,0
7536,0,0,0,0,0,0
7542,0,0,0,0,0,0
7554,0,0,0,0,0,0
7559,0,0,0,0,0,0
7565,0,0,0,0,0,0
7587,0,0,0,0,0,0
7619,0,0,0,0,0,0
7627,0,0,0,0,0,0
7635,0,0,0,0,0,0
7643,0,0,0,0,0,0
7652,0,0,0,0,0,0
7660,0,0,0,0,0,0
7668,0,0,0,0,0,0
7684,0,0,0,0,0,0
7692,0,0,0,0,0,0
7700,0,0,0,0,0,0
7708,0,0,0,0,0,0
7716,0,0,0,0,0,0
7721,0,0,0,0,0,0
7738,0,0,0,0,0,0
7748,0,0,0,0,0,0
7758,0,0,0,0,0,0
7766,0,0,0,0,0,0
7774,0,0,0,0,0,0
7782,0,0,0,0,0,0
7790,0,0,0,0,0,0
7798,0,0,0,0,0,0
7811,0,0,0,0,0,0
7819,0,0,0,0,0,0
7826,0,0,0,0,0,0
7834,0,0,0,0,0,0
7842,0,0,0,0,0,0
7850,0,0,0,0,0,0
7858,0,0,0,0,0,0
7866,0,0,0,0,0,0
7875,0,0,0,0,0,0
7883,0,0,0,0,0,0
7891,0,0,0,0,0,0
7898,0,0,0,0,0,0
7906,0,0,0,0,0,0
7914,0,0,0,0,0,0
7922,0,0,0,0,0,0
7929,0,0,0,0,0,0
7937,0,0,0,0,0,0
7945,0,0,0,0,0,0
7953,0,0,0,0,0,0
7961,0,0,0,0,0,0
7969,0,0,0,0,0,0
7978,0,0,0,0,0,0
7986,0,0,0,0,0,0
7995,0,0,0,0,0,0
8003,0,0,0,0,0,0
8009,0,0,0,0,0,0
8017,0,0,0,0,0,0
8025,0,0,0,0,0,0
8034,0,0,0,0,0,0
8042,0,0,0,0,0,0
8048,0,0,0,0,0,0
8056,0,0,0,0,0,0
8064,0,0,0,0,0,0
8073,0,0,0,0,0,0
8083,0,0,0,0,0,0
8091,0,0,0,0,0,0
8098,0,0,0,0,0,0
8106,0,0,0,0,0,0
8113,0,0,0,0,0,0
8123,0,0,0,0,0,0
8131,0,0,0,0,0,0
8139,0,0,0,0,0,0
8146,0,0,0,0,0,0
8155,0,0,0,0,0,0
8163,0,0,0,0,0,0
8171,0,0,0,0,0,0
8179,0,0,0,0,0,0
8187,0,0,0,0,0,0
8195,0,0,0,0,0,0
8203,0,0,0,0,0,0
8211,0,0,0,0,0,0
8218,0,0,0,0,0,0
8226,0,0,0,0,0,0
8234,0,0,0,0,0,0
8242,0,0,0,0,0,0
8250,0,0,0,0,0,0
8258,0,0,0,0,0,0
8266,0,0,0,0,0,0
8274,0,0,0,0,0,0
8282,0,0,0,0,0,0
8291,0,0,0,0,0,0
8301,0,0,0,0,0,0
8311,0,0,0,0,0,0
8318,0,0,0,0,0,0
8327,0,0,0,0,0,0
8336,0,0,0,0,0,0
8344,0,0,0,0,0,0
8352,0,0,0,0,0,0
8360,0,0,0,0,0,0
8368,0,0,0,0,0,0
8376,0,0,0,0,0,0
8384,0,0,0,0,0,0
8392,0,0,0,0,0,0
8400,0,0,0,0,0,0
8408,0,0,0,0,0,0
8417,0,0,0,0,0,0
8425,0,0,0,0,0,0
8435,0,0,0,0,0,0
8446,0,0,0,0,0,0
8454,0,0,0,0,0,0
8460,0,0,0,0,0,0
8468,0,0,0,0,0,0
8477,0,0,0,0,0,0
8485,0,0,0,0,0,0
8493,0,0,0,0,0,0
8501,0,0,0,0,0,0
8509,0,0,0,0,0,0
8516,0,0,0,0,0,0
8525,0,0,0,0,0,0
8549,0,0,0,0,0,0
8557,0,0,0,0,0,0
8573,0,0,0,0,0,0
8579,0,0,0,0,0,0
8589,0,0,0,0,0,0
8595,0,0,0,0,0,0
8603,0,0,0,0,0,0
8611,0,0,0,0,0,0
8619,0,0,0,0,0,0
8627,0,0,0,0,0,0
8635,0,0,0,0,0,0
8643,0,0,0,0,0,0
8649,0,0,0,0,0,0
8661,0,0,0,0,0,0
8668,0,0,0,0,0,0
8678,0,0,0,0,0,0
8690,0,0,0,0,0,0
8696,0,0,0,0,0,0
8706,0,0,0,0,0,0
8711,0,0,0,0,0,0
8719,0,0,0,0,0,0
8727,0,0,0,0,0,0
8735,0,0,0,0,0,0
8743,0,0,0,0,0,0
8751,0,0,0,0,0,0
8758,0,0,0,0,0,0
8766,0,0,0,0,0,0
8774,0,0,0,0,0,0
8782,0,0,0,0,0,0
8790,0,0,0,0,0,0
8798,0,0,0,0,0,0
8807,0,0,0,0,0,0
8815,0,0,0,0,0,0
8824,0,0,0,0,0,0
8832,0,0,0,0,0,0
8840,0,0,0,0,0,0
8848,0,0,0,0,0,0
8856,0,0,0,0,0,0
8864,0,0,0,0,0,0
8872,0,0,0,0,0,0
8880,0,0,0,0,0,0
8888,0,0,0,0,0,0
8895,0,0,0,0,0,0
8902,0,0,0,0,0,0
8909,0,0,0,0,0,0
8917,0,0,0,0,0,0
8925,0,0,0,0,0,0
8933,0,0,0,0,0,0
8941,0,0,0,0,0,0
8949,0,0,0,0,0,0
8957,0,0,0,0,0,0
8965,0,0,0,0,0,0
8973,0,0,0,0,0,0
8982,0,0,0,0,0,0
8990,0,0,0,0,0,0
8998,0,0,0,0,0,0
9006,0,0,0,0,0,0
9014,0,0,0,0,0,0
9022,0,0,0,0,0,0
9030,0,0,0,0,0,0
9038,0,0,0,0,0,0
9047,0,0,0,0,0,0
9055,0,0,0,0,0,0
9063,0,0,0,0,0,0
9071,0,0,0,0,0,0
9079,0,0,0,0,0,0
9086,0,0,0,0,0,0
9091,0,0,0,0,0,0
9103,0,0,0,0,0,0
9108,0,0,0,0,0,0
9117,0,0,0,0,0,0
9127,0,0,0,0,0,0
9135,0,0,0,0,0,0
9143,0,0,0,0,0,0
9151,0,0,0,0,0,0
9162,0,0,0,0,0,0
9168,0,0,0,0,0,0
9176,0,0,0,0,0,0
9184,0,0,0,0,0,0
9192,0,0,0,0,0,0
9197,0,0,0,0,0,0
9206,0,0,0,0,0,0
9214,0,0,0,0,0,0
9222,0,0,0,0,0,0
9230,0,0,0,0,0,0
9238,0,0,0,0,0,0
9246,0,0,0,0,0,0
9252,0,0,0,0,0,0
9260,0,0,0,0,0,0
9272,0,0,0,0,0,0
9278,0,0,0,0,0,0
9287,0,0,0,0,0,0
9295,0,0,0,0,0,0
9303,0,0,0,0,0,0
9311,0,0,0,0,0,0
9319,0,0,0,0,0,0
9325,0,0,0,0,0,0
9336,0,0,0,0,0,0
9341,0,0,0,0,0,0
9349,0,0,0,0,0,0
9357,0,0,0,0,0,0
9365,0,0,0,0,0,0
9374,0,0,0,0,0,0
9380,0,0,0,0,0,0
9388,0,0,0,0,0,0
9396,0,0,0,0,0,0
9404,0,0,0,0,0,0
9412,0,0,0,0,0,0
9421,0,0,0,0,0,0
9429,0,0,0,0,0,0
9437,0,0,0,0,0,0
9445,0,0,0,0,0,0
9453,0,0,0,0,0,0
9461,0,0,0,0,0,0
9469,0,0,0,0,0,0
9476,0,0,0,0,0,0
9485,0,0,0,0,0,0
9493,0,0,0,0,0,0
9501,0,0,0,0,0,0
9509,0,0,0,0,0,0
9517,0,0,0,0,0,0
9525,0,0,0,0,0,0
9532,0,0,0,0,0,0
9540,0,0,0,0,0,0
9550,0,0,0,0,0,0
9559,0,0,0,0,0,0
9568,0,0,0,0,0,0
9575,0,0,0,0,0,0
9584,0,0,0,0,0,0
9594,0,0,0,0,0,0
9602,0,0,0,0,0,0
9610,0,0,0,0,0,0
9649,0,0,0,0,0,0
9657,0,0,0,0,0,0
9691,0,0,0,0,0,0
9707,0,0,0,0,0,0
9715,0,0,0,0,0,0
9723,0,0,0,0,0,0
9731,0,0,0,0,0,0
9741,0,0,0,0,0,0
9748,0,0,0,0,0,0
9756,0,0,0,0,0,0
9773,0,0,0,0,0,0
9781,0,0,0,0,0,0
9789,0,0,0,0,0,0
9797,0,0,0,0,0,0
9805,0,0,0,0,0,0
9813,0,0,0,0,0,0
9821,0,0,0,0,0,0
9831,0,0,0,0,0,0
9839,0,0,0,0,0,0
9849,0,0,0,0,0,0
9857,0,0,0,0,0,0
9865,0,0,0,0,0,0
9873,0,0,0,0,0,0
9882,0,0,0,0,0,0
9890,0,0,0,0,0,0
9898,0,0,0,0,0,0
9906,0,0,0,0,0,0
9914,0,0,0,0,0,0
9922,0,0,0,0,0,0
9930,0,0,0,0,0,0
9937,0,0,0,0,0,0
9945,0,0,0,0,0,0
9958,0,0,0,0,0,0
9963,0,0,0,0,0,0
9974,0,0,0,0,0,0
9992,0,0,0,0,0,0
10001,0,0,0,0,0,0
10009,0,0,0,0,0,0
10017,0,0,0,0,0,0
10025,0,0,0,0,0,0
10033,0,0,0,0,0,0
10041,0,0,0,0,0,0
10049,0,0,0,0,0,0
10057,0,0,0,0,0,0
10066,0,0,0,0,0,0
10074,0,0,0,0,0,0
10080,0,0,0,0,0,0
10089,0,0,0,0,0,0
10097,0,0,0,0,0,0
10105,0,0,0,0,0,0
10113,0,0,0,0,0,0
10121,0,0,0,0,0,0
10129,0,0,0,0,0,0
10138,0,0,0,0,0,0
10145,0,0,0,0,0,0
10154,0,0,0,0,0,0
10162,0,0,0,0,0,0
10173,0,0,0,0,0,0
10179,0,0,0,0,0,0
10188,0,0,0,0,0,0
10196,0,0,0,0,0,0
10204,0,0,0,0,0,0
10212,0,0,0,0,0,0
10220,0,0,0,0,0,0
10228,0,0,0,0,0,0
10236,0,0,0,0,0,0
10244,0,0,0,0,0,0
10252,0,0,0,0,0,0
10261,0,0,0,0,0,0
10269,0,0,0,0,0,0
10277,0,0,0,0,0,0
10285,0,0,0,0,0,0
10293,0,0,0,0,0,0
10301,0,0,0,0,0,0
10309,0,0,0,0,0,0
10317,0,0,0,0,0,0
10324,0,0,0,0,0,0
10332,0,0,0,0,0,0
10341,0,0,0,0,0,0
10349,0,0,0,0,0,0
10357,0,0,0,0,0,0
10365,0,0,0,0,0,0
10373,0,0,0,0,0,0
10381,0,0,0,0,0,0
10385,0,0,0,0,0,0
10393,0,0,0,0,0,0
10401,0,0,0,0,0,0
10409,0,0,0,0,0,0
10417,0,0,0,0,0,0
10424,0,0,0,0,0,0
10431,0,0,0,0,0,0
10438,0,0,0,0,0,0
10447,0,0,0,0,0,0
10456,0,0,0,0,0,0
10463,0,0,0,0,0,0
10471,0,0,0,0,0,0
10479,0,0,0,0,0,0
10486,0,0,0,0,0,0
10497,0,0,0,0,0,0
10525,0,0,0,0,0,0
10530,0,0,0,0,0,0
10539,0,0,0,0,0,0
10577,0,0,0,0,0,0
10587,0,0,0,0,0,0
10593,0,0,0,0,0,0
10606,0,0,0,0,0,0
10611,0,0,0,0,0,0
10623,0,0,0,0,0,0
10636,0,0,0,0,0,0
10652,0,0,0,0,0,0
10660,0,0,0,0,0,0
10668,0,0,0,0,0,0
10676,0,0,0,0,0,0
10686,0,0,0,0,0,0
10692,0,0,0,0,0,0
10704,0,0,0,0,0,0
10713,0,0,0,0,0,0
10722,0,0,0,0,0,0
10731,0,0,0,0,0,0
10740,0,0,0,0,0,0
10750,0,0,0,0,0,0
10758,0,0,0,0,0,0
10766,0,0,0,0,0,0
10775,0,0,0,0,0,0
10783,0,0,0,0,0,0
10791,0,0,0,0,0,0
10799,0,0,0,0,0,0
10807,0,0,0,0,0,0
10815,0,0,0,0,0,0
10823,0,0,0,0,0,0
10831,0,0,0,0,0,0
10838,0,0,0,0,0,0
10853,0,0,0,0,0,0
10861,0,0,0,0,0,0
10869,0,0,0,0,0,0
10877,0,0,0,0,0,0
10884,0,0,0,0,0,0
10891,0,0,0,0,0,0
10899,0,0,0,0,0,0
10907,0,0,0,0,0,0
10915,0,0,0,0,0,0
10923,0,0,0,0,0,0
10931,0,0,0,0,0,0
10939,0,0,0,0,0,0
10949,0,0,0,0,0,0
10962,0,0,0,0,0,0
10972,0,0,0,0,0,0
10980,0,0,0,0,0,0
10988,0,0,0,0,0,0
10996,0,0,0,0,0,0
11004,0,0,0,0,0,0
11012,0,0,0,0,0,0
11020,0,0,0,0,0,0
11028,0,0,0,0,0,0
11036,0,0,0,0,0,0
11045,0,0,0,0,0,0
11054,0,0,0,0,0,0
11071,0,0,0,0,0,0
11079,0,0,0,0,0,0
11087,0,0,0,0,0,0
11095,0,0,0,0,0,0
11103,0,0,0,0,0,0
11111,0,0,0,0,0,0
11120,0,0,0,0,0,0
11128,0,0,0,0,0,0
11135,0,0,0,0,0,0
11146,0,0,0,0,0,0
11153,0,0,0,0,0,0
11168,0,0,0,0,0,0
11176,0,0,0,0,0,0
11184,0,0,0,0,0,0
11192,0,0,0,0,0,0
11200,0,0,0,0,0,0
11208,0,0,0,0,0,0
11215,0,0,0,0,0,0
11223,0,0,0,0,0,0
11238,0,0,0,0,0,0
11246,0,0,0,0,0,0
11255,0,0,0,0,0,0
11263,0,0,0,0,0,0
11269,0,0,0,0,0,0
11278,0,0,0,0,0,0
11286,0,0,0,0,0,0
11294,0,0,0,0,0,0
11302,0,0,0,0,0,0
11310,0,0,0,0,0,0
11318,0,0,0,0,0,0
11326,0,0,0,0,0,0
11334,0,0,0,0,0,0
11341,0,0,0,0,0,0
11351,0,0,0,0,0,0
11361,0,0,0,0,0,0
11369,0,0,0,0,0,0
11379,0,0,0,0,0,0
11390,0,0,0,0,0,0
11397,0,0,0,0,0,0
11404,0,0,0,0,0,0
11414,0,0,0,0,0,0
11422,0,0,0,0,0,0
11432,0,0,0,0,0,0
11441,0,0,0,0,0,0
11450,0,0,0,0,0,0
11485,0,0,0,0,0,0
11498,0,0,0,0,0,0
11507,0,0,0,0,0,0
11515,0,0,0,0,0,0
11521,0,0,0,0,0,0
11530,0,0,0,0,0,0
11539,0,0,0,0,0,0
11548,0,0,0,0,0,0
11556,0,0,0,0,0,0
11567,0,0,0,0,0,0
11577,0,0,0,0,0,0
11584,0,0,0,0,0,0
11593,0,0,0,0,0,0
11610,0,0,0,0,0,0
11621,0,0,0,0,0,0
11631,0,0,0,0,0,0
11637,0,0,0,0,0,0
11648,0,0,0,0,0,0
11657,0,0,0,0,0,0
11666,0,0,0,0,0,0
11675,0,0,0,0,0,0
11684,0,0,0,0,0,0
11692,0,0,0,0,0,0
11700,0,0,0,0,0,0
11709,0,0,0,0,0,0
11717,0,0,0,0,0,0
11725,0,0,0,0,0,0
11733,0,0,0,0,0,0
11741,0,0,0,0,0,0
11749,0,0,0,0,0,0
11757,0,0,0,0,0,0
11765,0,0,0,0,0,0
11773,0,0,0,0,0,0
11781,0,0,0,0,0,0
11790,0,0,0,0,0,0
11799,0,0,0,0,0,0
11807,0,0,0,0,0,0
11815,0,0,0,0,0,0
11823,0,0,0,0,0,0
11831,0,0,0,0,0,0
11839,0,0,0,0,0,0
11847,0,0,0,0,0,0
11854,0,0,0,0,0,0
11860,0,0,0,0,0,0
11868,0,0,0,0,0,0
11876,0,0,0,0,0,0
11884,0,0,0,0,0,0
11891,0,0,0,0,0,0
11901,0,0,0,0,0,0
11909,0,0,0,0,0,0
11918,0,0,0,0,0,0
11928,0,0,0,0,0,0
11937,0,0,0,0,0,0
11944,0,0,0,0,0,0
11952,0,0,0,0,0,0
11960,0,0,0,0,0,0
11969,0,0,0,0,0,0
11977,0,0,0,0,0,0
11985,0,0,0,0,0,0
11993,0,0,0,0,0,0
12002,0,0,0,0,0,0
12009,0,0,0,0,0,0
12015,0,0,0,0,0,0
12025,0,0,0,0,0,0
12035,0,0,0,0,0,0
12045,0,0,0,0,0,0
12053,0,0,0,0,0,0
12061,0,0,0,0,0,0
12069,0,0,0,0,0,0
12075,0,0,0,0,0,0
12083,0,0,0,0,0,0
12091,0,0,0,0,0,0
12099,0,0,0,0,0,0
12108,0,0,0,0,0,0
12113,0,0,0,0,0,0
12121,0,0,0,0,0,0
12129,0,0,0,0,0,0
12137,0,0,0,0,0,0
12144,0,0,0,0,0,0
12149,0,0,0,0,0,0
12157,0,0,0,0,0,0
12165,0,0,0,0,0,0
12173,0,0,0,0,0,0
12181,0,0,0,0,0,0
12188,0,0,0,0,0,0
12196,0,0,0,0,0,0
12204,0,0,0,0,0,0
12212,0,0,0,0,0,0
12220,0,0,0,0,0,0
12228,0,0,0,0,0,0
12236,0,0,0,0,0,0
12244,0,0,0,0,0,0
12251,0,0,0,0,0,0
12261,0,0,0,0,0,0
12269,0,0,0,0,0,0
12277,0,0,0,0,0,0
12285,0,0,0,0,0,0
12293,0,0,0,0,0,0
12301,0,0,0,0,0,0
12310,0,0,0,0,0,0
12318,0,0,0,0,0,0
12326,0,0,0,0,0,0
12334,0,0,0,0,0,0
12342,0,0,0,0,0,0
12350,0,0,0,0,0,0
12358,0,0,0,0,0,0
12367,0,0,0,0,0,0
12375,0,0,0,0,0,0
12382,0,0,0,0,0,0
12391,0,0,0,0,0,0
12400,0,0,0,0,0,0
12410,0,0,0,0,0,0
12416,0,0,0,0,0,0
12424,0,0,0,0,0,0
12433,0,0,0,0,0,0
12441,0,0,0,0,0,0
12446,0,0,0,0,0,0
12469,0,0,0,0,0,0
12477,0,0,0,0,0,0
12485,0,0,0,0,0,0
12493,0,0,0,0,0,0
12500,0,0,0,0,0,0
12510,0,0,0,0,0,0
12518,0,0,0,0,0,0
12548,0,0,0,0,0,0
12574,0,0,0,0,0,0
12585,0,0,0,0,0,0
12593,0,0,0,0,0,0
12600,0,0,0,0,0,0
12607,0,0,0,0,0,0
12617,0,0,0,0,0,0
12625,0,0,0,0,0,0
12633,0,0,0,0,0,0
12640,0,0,0,0,0,0
12645,0,0,0,0,0,0
12655,0,0,0,0,0,0
12662,0,0,0,0,0,0
12670,0,0,0,0,0,0
12678,0,0,0,0,0,0
12686,0,0,0,0,0,0
12695,0,0,0,0,0,0
12702,0,0,0,0,0,0
12709,0,0,0,0,0,0
12718,0,0,0,0,0,0
12726,0,0,0,0,0,0
12734,0,0,0,0,0,0
12742,0,0,0,0,0,0
12750,0,0,0,0,0,0
12758,0,0,0,0,0,0
12765,0,0,0,0,0,0
12772,0,0,0,0,0,0
12779,0,0,0,0,0,0
12787,0,0,0,0,0,0
12795,0,0,0,0,0,0
12803,0,0,0,0,0,0
12811,0,0,0,0,0,0
12819,0,0,0,0,0,0
12825,0,0,0,0,0,0
12833,0,0,0,0,0,0
12841,0,0,0,0,0,0
12849,0,0,0,0,0,0
12857,0,0,0,0,0,0
12865,0,0,0,0,0,0
12873,0,0,0,0,0,0
12880,0,0,0,0,0,0
12887,0,0,0,0,0,0
12895,0,0,0,0,0,0
12903,0,0,0,0,0,0
12910,0,0,0,0,0,0
12917,0,0,0,0,0,0
12927,0,0,0,0,0,0
12936,0,0,0,0,0,0
12942,0,0,0,0,0,0
12951,0,0,0,0,0,0
12960,0,0,0,0,0,0
12968,0,0,0,0,0,0
12976,0,0,0,0,0,0
12983,0,0,0,0,0,0
12992,0,0,0,0,0,0
12998,0,0,0,0,0,0
13009,0,0,0,0,0,0
13016,0,0,0,0,0,0
13025,0,0,0,0,0,0
13034,0,0,0,0,0,0
13042,0,0,0,0,0,0
13052,0,0,0,0,0,0
13061,0,0,0,0,0,0
13070,0,0,0,0,0,0
13078,0,0,0,0,0,0
13087,0,0,0,0,0,0
13096,0,0,0,0,0,0
13105,0,0,0,0,0,0
13114,0,0,0,0,0,0
13123,0,0,0,0,0,0
13131,0,0,0,0,0,0
13139,0,0,0,0,0,0
13147,0,0,0,0,0,0
13155,0,0,0,0,0,0
13163,0,0,0,0,0,0
13171,0,0,0,0,0,0
13179,0,0,0,0,0,0
13186,0,0,0,0,0,0
13194,0,0,0,0,0,0
13202,0,0,0,0,0,0
13210,0,0,0,0,0,0
13218,0,0,0,0,0,0
13226,0,0,0,0,0,0
13235,0,0,0,0,0,0
13243,0,0,0,0,0,0
13251,0,0,0,0,0,0
13259,0,0,0,0,0,0
13267,0,0,0,0,0,0
13275,0,0,0,0,0,0
13283,0,0,0,0,0,0
13291,0,0,0,0,0,0
13299,0,0,0,0,0,0
13307,0,0,0,0,0,0
13315,0,0,0,0,0,0
13321,0,0,0,0,0,0
13332,0,0,0,0,0,0
13337,0,0,0,0,0,0
13345,0,0,0,0,0,0
13353,0,0,0,0,0,0
13361,0,0,0,0,0,0
13369,0,0,0,0,0,0
13377,0,0,0,0,0,0
13385,0,0,0,0,0,0
13393,0,0,0,0,0,0
13402,0,0,0,0,0,0
13414,0,0,0,0,0,0
13419,0,0,0,0,0,0
13432,0,0,0,0,0,0
13437,0,0,0,0,0,0
13448,0,0,0,0,0,0
13456,0,0,0,0,0,0
13464,0,0,0,0,0,0
13474,0,0,0,0,0,0
13487,0,0,0,0,0,0
13496,0,0,0,0,0,0
13504,0,0,0,0,0,0
13512,0,0,0,0,0,0
13517,0,0,0,0,0,0
13525,0,0,0,0,0,0
13541,0,0,0,0,0,0
13549,0,0,0,0,0,0
13554,0,0,0,0,0,0
13579,0,0,0,0,0,0
13595,0,0,0,0,0,0
13603,0,0,0,0,0,0
13611,0,0,0,0,0,0
13619,0,0,0,0,0,0
13625,0,0,0,0,0,0
13633,0,0,0,0,0,0
13642,0,0,0,0,0,0
13650,0,0,0,0,0,0
13658,0,0,0,0,0,0
13664,0,0,0,0,0,0
13673,0,0,0,0,0,0
13683,0,0,0,0,0,0
13691,0,0,0,0,0,0
13699,0,0,0,0,0,0
13707,0,0,0,0,0,0
13715,0,0,0,0,0,0
13723,0,0,0,0,0,0
13731,0,0,0,0,0,0
13739,0,0,0,0,0,0
13747,0,0,0,0,0,0
13755,0,0,0,0,0,0
13765,0,0,0,0,0,0
13770,0,0,0,0,0,0
13781,0,0,0,0,0,0
13788,0,0,0,0,0,0
13796,0,0,0,0,0,0
13804,0,0,0,0,0,0
13812,0,0,0,0,0,0
13820,0,0,0,0,0,0
13828,0,0,0,0,0,0
13841,0,0,0,0,0,0
13849,0,0,0,0,0,0
13856,0,0,0,0,0,0
13863,0,0,0,0,0,0
13873,0,0,0,0,0,0
13885,0,0,0,0,0,0
13893,0,0,0,0,0,0
13901,0,0,0,0,0,0
13909,0,0,0,0,0,0
13917,0,0,0,0,0,0
13925,0,0,0,0,0,0
13933,0,0,0,0,0,0
13941,0,0,0,0,0,0
13949,0,0,0,0,0,0
13957,0,0,0,0,0,0
13964,0,0,0,0,0,0
13973,0,0,0,0,0,0
13981,0,0,0,0,0,0
13988,0,0,0,0,0,0
13996,0,0,0,0,0,0
14006,0,0,0,0,0,0
14014,0,0,0,0,0,0
14023,0,0,0,0,0,0
14031,0,0,0,0,0,0
14039,0,0,0,0,0,0
14047,0,0,0,0,0,0
14055,0,0,0,0,0,0
14063,0,0,0,0,0,0
14070,0,0,0,0,0,0
14077,0,0,0,0,0,0
14086,0,0,0,0,0,0
14095,0,0,0,0,0,0
14103,0,0,0,0,0,0
14111,0,0,0,0,0,0
14119,0,0,0,0,0,0
14127,0,0,0,0,0,0
14134,0,0,0,0,0,0
14142,0,0,0,0,0,0
14148,0,0,0,0,0,0
14156,0,0,0,0,0,0
14164,0,0,0,0,0,0
14172,0,0,0,0,0,0
14180,0,0,0,0,0,0
14189,0,0,0,0,0,0
14197,0,0,0,0,0,0
14205,0,0,0,0,0,0
14212,0,0,0,0,0,0
14220,0,0,0,0,0,0
14228,0,0,0,0,0,0
14236,0,0,0,0,0,0
14244,0,0,0,0,0,0
14252,0,0,0,0,0,0
14260,0,0,0,0,0,0
14269,0,0,0,0,0,0
14276,0,0,0,0,0,0
14287,0,0,0,0,0,0
14297,0,0,0,0,0,0
14307,0,0,0,0,0,0
14309,0,0,0,0,0,0
14317,0,0,0,0,0,0
14325,0,0,0,0,0,0
14333,0,0,0,0,0,0
14341,0,0,0,0,0,0
14347,0,0,0,0,0,0
14355,0,0,0,0,0,0
14367,0,0,0,0,0,0
14388,0,0,0,0,0,0
14395,0,0,0,0,0,0
14402,0,0,0,0,0,0
14412,0,0,0,0,0,0
14419,0,0,0,0,0,0
14429,0,0,0,0,0,0
14440,0,0,0,0,0,0
14447,0,0,0,0,0,0
14457,0,0,0,0,0,0
14461,0,0,0,0,0,0
14477,0,0,0,0,0,0
14486,0,0,0,0,0,0
14492,0,0,0,0,0,0
14500,0,0,0,0,0,0
14510,0,0,0,0,0,0
14520,0,0,0,0,0,0
14531,0,0,0,0,0,0
14537,0,0,0,0,0,0
14547,0,0,0,0,0,0
14552,0,0,0,0,0,0
14561,0,0,0,0,0,0
14569,0,0,0,0,0,0
14576,0,0,0,0,0,0
14584,0,0,0,0,0,0
14592,0,0,0,0,0,0
14600,0,0,0,0,0,0
14611,0,0,0,0,0,0
14618,0,0,0,0,0,0
14626,0,0,0,0,0,0
14633,0,0,0,0,0,0
14641,0,0,0,0,0,0
14649,0,0,0,0,0,0
14657,0,0,0,0,0,0
14665,0,0,0,0,0,0
14673,0,0,0,0,0,0
14681,0,0,0,0,0,0
14690,0,0,0,0,0,0
14698,0,0,0,0,0,0
14705,0,0,0,0,0,0
14713,0,0,0,0,0,0
14721,0,0,0,0,0,0
14729,0,0,0,0,0,0
14737,0,0,0,0,0,0
14745,0,0,0,0,0,0
14753,0,0,0,0,0,0
14761,0,0,0,0,0,0
14770,0,0,0,0,0,0
14778,0,0,0,0,0,0
14786,0,0,0,0,0,0
14794,0,0,0,0,0,0
14802,0,0,0,0,0,0
14809,0,0,0,0,0,0
14817,0,0,0,2,0,0
14825,0,0,0,0,0,0
14833,0,0,0,0,0,0
14841,0,0,0,0,0,0
14849,0,0,0,0,0,0
14857,0,0,0,0,0,0
14865,0,0,0,0,0,0
14874,0,0,0,0,0,0
14882,0,0,0,0,0,0
14890,0,0,0,0,0,0
14898,0,0,0,0,0,0
14905,0,0,0,0,0,0
14913,0,0,0,0,0,0
14921,0,0,0,0,0,0
14929,0,0,0,0,0,0
14937,0,0,0,0,0,0
14945,0,0,0,0,0,0
14953,0,0,0,0,0,0
14959,0,0,0,0,0,0
14968,0,0,0,0,0,0
14977,0,0,0,0,0,0
14985,0,0,0,0,0,0
14992,0,0,0,0,0,0
15000,0,0,0,0,0,0
15008,0,0,0,0,0,0
15016,0,0,0,0,0,0
15024,0,0,0,0,0,0
15032,0,0,0,0,0,0
15041,0,0,0,0,0,0
15050,0,0,0,0,0,0
15060,0,0,0,0,0,0
15066,0,0,0,0,0,0
15074,0,0,0,0,0,0
15082,0,0,0,0,0,0
15090,0,0,0,0,0,0
15098,0,0,0,0,0,0
15106,0,0,0,0,0,0
15114,0,0,0,0,0,0
15122,0,0,0,0,0,0
15133,0,0,0,0,0,0
15140,0,0,0,0,0,0
15150,0,0,0,0,0,0
15156,0,0,0,0,0,0
15164,0,0,0,0,0,0
15172,0,0,0,0,0,0
15180,0,0,0,0,0,0
15188,0,0,0,0,0,0
15197,0,0,0,0,0,0
15205,0,0,0,0,0,0
15213,0,0,0,0,0,0
15221,0,0,0,0,0,0
15229,0,0,0,0,0,0
15238,0,0,0,0,0,0
15248,0,0,0,0,0,0
15255,0,0,0,0,0,0
15264,0,0,0,0,0,0
15272,0,0,0,0,0,0
15280,0,0,0,0,0,0
15288,0,0,0,0,0,0
15296,0,0,0,0,0,0
15304,0,0,0,0,0,0
15312,0,0,0,0,0,0
15320,0,0,0,0,0,0
15328,0,0,0,0,0,0
15336,0,0,0,0,0,0
15345,0,0,0,0,0,0
15360,0,0,0,0,0,0
15368,0,0,0,0,0,0
15377,0,0,0,0,0,0
15385,0,0,0,0,0,0
15394,0,0,0,0,0,0
15403,0,0,0,0,0,0
15411,0,0,0,0,0,0
15419,0,0,0,0,0,0
15427,0,0,0,0,0,0
15435,0,0,0,0,0,0
15450,0,0,0,0,0,0
15458,0,0,0,0,0,0
15466,0,0,0,0,0,0
15474,0,0,0,0,0,0
15482,0,0,0,0,0,0
15490,0,0,0,0,0,0
15498,0,0,0,0,0,0
15507,0,0,0,0,0,0
15513,0,0,0,0,0,0
15521,0,0,0,0,0,0
15529,0,0,0,0,0,0
15537,0,0,0,0,0,0
15545,0,0,0,0,0,0
15554,0,0,0,0,0,0
15562,0,0,0,0,0,0
15569,0,0,0,0,0,0
15577,0,0,0,0,0,0
15585,0,0,0,0,0,0
15593,0,0,0,0,0,0
15601,0,0,0,0,0,0
15607,0,0,0,0,0,0
15615,0,0,0,0,0,0
15623,0,0,0,0,0,0
15631,0,0,0,0,0,0
15639,0,0,0,0,0,0
15647,0,0,0,0,0,0
15655,0,0,0,0,0,0
15663,0,0,0,0,0,0
15671,0,0,0,0,0,0
15677,0,0,0,0,0,0
15685,0,0,0,0,0,0
15693,0,0,0,0,0,0
15702,0,0,0,0,0,0
15710,0,0,0,0,0,0
15715,0,0,0,0,0,0
15723,0,0,0,0,0,0
15731,0,0,0,0,0,0
15738,0,0,0,0,0,0
15746,0,0,0,0,0,0
15755,0,0,0,0,0,0
15763,0,0,0,0,0,0
15770,0,0,0,0,0,0
15776,0,0,0,0,0,0
15784,0,0,0,0,0,0
15792,0,0,0,0,0,0
15800,0,0,0,0,0,0
15808,0,0,0,0,0,0
15816,0,0,0,0,0,0
15826,0,0,0,0,0,0
15834,0,0,0,0,0,0
15841,0,0,0,0,0,0
15849,0,0,0,0,0,0
15857,0,0,0,0,0,0
15865,0,0,0,0,0,0
15873,0,0,0,0,0,0
15881,0,0,0,0,0,0
15889,0,0,0,0,0,0
15897,0,0,0,0,0,0
15912,0,0,0,0,0,0
15921,0,0,0,0,0,0
15929,0,0,0,0,0,0
15936,0,0,0,0,0,0
15942,0,0,0,0,0,0
15947,0,0,0,0,0,0
15955,0,0,0,0,0,0
15963,0,0,0,0,0,0
15971,0,0,0,0,0,0
15980,0,0,0,0,0,0
15989,0,0,0,0,0,0
15997,0,0,0,0,0,0
16005,0,0,0,0,0,0
16011,0,0,0,0,0,0
16020,0,0,0,0,0,0
16029,0,0,0,0,0,0
16037,0,0,0,0,0,0
16045,0,0,0,0,0,0
16053,0,0,0,0,0,0
16061,0,0,0,0,0,0
16068,0,0,0,0,0,0
16074,0,0,0,0,0,0
16083,0,0,0,0,0,0
16093,0,0,0,0,0,0
16101,0,0,0,0,0,0
16109,0,0,0,0,0,0
16117,0,0,0,0,0,0
16125,0,0,0,0,0,0
16132,0,0,0,0,0,0
16140,0,0,0,0,0,0
16147,0,0,0,0,0,0
16155,0,0,0,0,0,0
16163,0,0,0,0,0,0
16171,0,0,0,0,0,0
16179,0,0,0,0,0,0
16187,0,0,0,0,0,0
16195,0,0,0,0,0,0
16203,0,0,0,0,0,0
16209,0,0,0,0,0,0
16219,0,0,0,0,0,0
16228,0,0,0,0,0,0
16238,0,0,0,0,0,0
16250,0,0,0,0,0,0
16256,0,0,0,0,0,0
16267,0,0,0,0,0,0
16273,0,0,0,0,0,0
16281,0,0,0,0,0,0
16289,0,0,0,0,0,0
16297,0,0,0,0,0,0
16305,0,0,0,0,0,0
16313,0,0,0,0,0,0
16321,0,0,0,0,0,0
16328,0,0,0,0,0,0
16340,0,0,0,0,0,0
16345,0,0,0,0,0,0
16357,0,0,0,0,0,0
16362,0,0,0,0,0,0
16372,0,0,0,0,0,0
16383,0,0,0,0,0,0
16389,0,0,0,0,0,0
16401,0,0,0,0,0,0
16445,0,0,0,0,0,0
16460,0,0,0,0,0,0
16468,0,0,0,0,0,0
16476,0,0,0,0,0,0
16484,0,0,0,0,0,0
16492,0,0,0,0,0,0
16500,0,0,0,0,0,0
16507,0,0,0,0,0,0
16515,0,0,0,0,0,0
16522,0,0,0,0,0,0
16530,0,0,0,0,0,0
16538,0,0,0,0,0,0
16546,0,0,0,0,0,0
16554,0,0,0,0,0,0
16564,0,0,0,0,0,0
16573,0,0,0,0,0,0
16584,0,0,0,0,0,0
16591,0,0,0,0,0,0
16599,0,0,0,0,0,0
16606,0,0,0,0,0,0
16614,0,0,0,0,0,0
16623,0,0,0,0,0,0
16632,0,0,0,0,0,0
16656,0,0,0,0,0,0
16666,0,0,0,0,0,0
16672,0,0,0,0,0,0
16681,0,0,0,0,0,0
16691,0,0,0,0,0,0
16699,0,0,0,0,0,0
16707,0,0,0,0,0,0
16713,0,0,0,0,0,0
16724,0,0,0,0,0,0
16731,0,0,0,0,0,0
16747,0,0,0,0,0,0
16756,0,0,0,0,0,0
16764,0,0,0,0,0,0
16772,0,0,0,0,0,0
16780,0,0,0,0,0,0
16790,0,0,0,0,0,0
16797,0,0,0,0,0,0
16805,0,0,0,0,0,0
16813,0,0,0,0,0,0
16820,0,0,0,0,0,0
16828,0,0,0,0,0,0
16836,0,0,0,0,0,0
16844,0,0,0,0,0,0
16852,0,0,0,0,0,0
16860,0,0,0,0,0,0
16876,0,0,0,0,0,0
16885,0,0,0,0,0,0
16893,0,0,0,0,0,0
16901,0,0,0,0,0,0
16909,0,0,0,0,0,0
16917,0,0,0,0,0,0
16925,0,0,0,0,0,0
16933,0,0,0,0,0,0
16941,0,0,0,0,0,0
16949,0,0,0,0,0,0
16958,0,0,0,0,0,0
16973,0,0,0,0,0,0
16981,0,0,0,0,0,0
16989,0,0,0,0,0,0
16997,0,0,0,0,0,0
17005,0,0,0,0,0,0
17013,0,0,0,0,0,0
17019,0,0,0,0,0,0
17027,0,0,0,0,0,0
17035,0,0,0,0,0,0
17042,0,0,0,0,0,0
17052,0,0,0,0,0,0
17058,0,0,0,0,0,0
17065,0,0,0,0,0,0
17073,0,0,0,0,0,0
17093,0,0,0,0,0,0
17101,0,0,0,0,0,0
17109,0,0,0,0,0,0
17117,0,0,0,0,0,0
17125,0,0,0,0,0,0
17133,0,0,0,0,0,0
17141,0,0,0,0,0,0
17149,0,0,0,0,0,0
17157,0,0,0,0,0,0
17164,0,0,0,0,0,0
17172,0,0,0,0,0,0
17180,0,0,0,0,0,0
17188,0,0,0,0,0,0
17196,0,0,0,0,0,0
17204,0,0,0,0,0,0
17214,0,0,0,0,0,0
17224,0,0,0,0,0,0
17232,0,0,0,0,0,0
17240,0,0,0,0,0,0
17246,0,0,0,0,0,0
17256,0,0,0,0,0,0
17261,0,0,0,0,0,0
17269,0,0,0,0,0,0
17277,0,0,0,0,0,0
17285,0,0,0,0,0,0
17293,0,0,0,0,0,0
17314,0,0,0,0,0,0
17321,0,0,0,0,0,0
17331,0,0,0,0,0,0
17337,0,0,0,0,0,0
17342,0,0,0,0,0,0
17350,0,0,0,0,0,0
17366,0,0,0,0,0,0
17374,0,0,0,0,0,0
17381,0,0,0,0,0,0
17390,0,0,0,0,0,0
17399,0,0,0,0,0,0
17407,0,0,0,0,0,0
17416,0,0,0,0,0,0
17425,0,0,0,0,0,0
17443,0,0,0,0,0,0
17453,0,0,0,0,0,0
17463,0,0,0,0,0,0
17470,0,0,0,0,0,0
17479,0,0,0,0,0,0
17486,0,0,0,0,0,0
17494,0,0,0,0,0,0
17502,0,0,0,0,0,0
17509,0,0,0,0,0,0
17517,0,0,0,0,0,0
17525,0,0,0,0,0,0
17535,0,0,0,0,0,0
17543,0,0,0,0,0,0
17552,0,0,0,0,0,0
17559,0,0,0,0,0,0
17567,0,0,0,0,0,0
17575,0,0,0,0,0,0
17583,0,0,0,0,0,0
17591,0,0,0,0,0,0
17599,0,0,0,0,0,0
17606,0,0,0,0,0,0
17616,0,0,0,0,0,0
17623,0,0,0,0,0,0
17631,0,0,0,0,0,0
17640,0,0,0,0,0,0
17649,0,0,0,0,0,0
17657,0,0,0,0,0,0
17665,0,0,0,0,0,0
17673,0,0,0,0,0,0
17681,0,0,0,0,0,0
17689,0,0,0,0,0,0
17697,0,0,0,0,0,0
17704,0,0,0,0,0,0
17712,0,0,0,0,0,0
17721,0,0,0,0,0,0
17730,0,0,0,0,0,0
17739,0,0,0,0,0,0
17748,0,0,0,0,0,0
17757,0,0,0,0,0,0
17766,0,0,0,0,0,0
17774,0,0,0,0,0,0
17782,0,0,0,0,0,0
17790,0,0,0,0,0,0
17798,0,0,0,0,0,0
17806,0,0,0,0,0,0
17814,0,0,0,0,0,0
17822,0,0,0,0,0,0
17831,0,0,0,0,0,0
17839,0,0,0,0,0,0
17848,0,0,0,0,0,0
17858,0,0,0,0,0,0
17869,0,0,0,0,0,0
17875,0,0,0,0,0,0
17883,0,0,0,0,0,0
17891,0,0,0,0,0,0
17899,0,0,0,0,0,0
17908,0,0,0,0,0,0
17917,0,0,0,0,0,0
17924,0,0,0,0,0,0
17933,0,0,0,0,0,0
17939,0,0,0,0,0,0
17949,0,0,0,0,0,0
17955,0,0,0,0,0,0
17964,0,0,0,0,0,0
17973,0,0,0,0,0,0
17983,0,0,0,0,0,0
17991,0,0,0,0,0,0
17999,0,0,0,0,0,0
18007,0,0,0,0,0,0
18015,0,0,0,0,0,0
18023,0,0,0,0,0,0
18031,0,0,0,0,0,0
18039,0,0,0,0,0,0
18047,0,0,0,0,0,0
18056,0,0,0,0,0,0
18066,0,0,0,0,0,0
18070,0,0,0,0,0,0
18079,0,0,0,0,0,0
18087,0,0,0,0,0,0
18095,0,0,0,0,0,0
18103,0,0,0,0,0,0
18111,0,0,0,0,0,0
18119,0,0,0,0,0,0
18127,0,0,0,0,0,0
18135,0,0,0,0,0,0
18143,0,0,0,0,0,0
18152,0,0,0,0,0,0
18160,0,0,0,0,0,0
18168,0,0,0,0,0,0
18176,0,0,0,0,0,0
18185,0,0,0,0,0,0
18194,0,0,0,0,0,0
18202,0,0,0,0,0,0
18210,0,0,0,0,0,0
18218,0,0,0,0,0,0
18226,0,0,0,0,0,0
18233,0,0,0,0,0,0
18240,0,0,0,0,0,0
18249,0,0,0,0,0,0
18257,0,0,0,0,0,0
18265,0,0,0,0,0,0
18273,0,0,0,0,0,0
18281,0,0,0,0,0,0
18290,0,0,0,0,0,0
18298,0,0,0,0,0,0
18306,0,0,0,0,0,0
18315,0,0,0,0,0,0
18324,0,0,0,0,0,0
18329,0,0,0,0,0,0
18340,0,0,0,0,0,0
18348,0,0,0,0,0,0
18358,0,0,0,0,0,0
18367,0,0,0,0,0,0
18389,0,0,0,0,0,0
18399,0,0,0,0,0,0
18406,0,0,0,0,0,0
18417,0,0,0,0,0,0
18425,0,0,0,0,0,0
18433,0,0,0,0,0,0
18439,0,0,0,0,0,0
18449,0,0,0,0,0,0
18455,0,0,0,0,0,0
18463,0,0,0,0,0,0
18471,0,0,0,0,0,0
18486,0,0,0,0,0,0
18497,0,0,0,0,0,0
18503,0,0,0,0,0,0
18511,0,0,0,0,0,0
18519,0,0,0,0,0,0
18527,0,0,0,0,0,0
18536,0,0,0,0,0,0
18544,0,0,0,0,0,0
18551,0,0,0,0,0,0
18561,0,0,0,0,0,0
18568,0,0,0,0,0,0
18576,0,0,0,0,0,0
18596,0,0,0,0,0,0
18603,0,0,0,0,0,0
18614,0,0,0,0,0,0
18620,0,0,0,0,0,0
18628,0,0,0,0,0,0
18636,0,0,0,0,0,0
18644,0,0,0,0,0,0
18652,0,0,0,0,0,0
18660,0,0,0,0,0,0
18667,0,0,0,0,0,0
18674,0,0,0,0,0,0
18682,0,0,0,0,0,0
18690,0,0,0,1,1,0
18698,0,0,0,1,1,0
18706,0,0,0,1,1,0
18712,0,0,0,0,0,0
18718,0,0,0,0,0,0
18726,0,0,0,0,0,0
18734,0,0,0,0,0,0
18742,0,0,0,0,0,0
18750,0,0,0,0,0,0
18758,0,0,0,0,0,0
18765,0,0,0,0,0,0
18773,0,0,0,0,0,0
18781,0,0,0,0,0,0
18789,0,0,0,0,0,0
18796,0,0,0,0,0,0
18804,0,0,0,0,0,0
18812,0,0,0,0,0,0
18820,0,0,0,0,0,0
18835,0,0,0,0,0,0
18843,0,0,0,0,0,0
18850,0,0,0,0,0,0
18857,0,0,0,0,0,0
18865,0,0,0,0,0,0
18873,0,0,0,0,0,0
18882,0,0,0,0,0,0
18892,0,0,0,0,0,0
18900,0,0,0,0,0,0
18909,0,0,0,0,0,0
18917,0,0,0,0,0,0
18925,0,0,0,0,0,0
18932,0,0,0,0,0,0
18940,0,0,0,0,0,0
18947,0,0,0,0,0,0
18959,0,0,0,0,0,0
18967,0,0,0,0,0,0
18975,0,0,0,0,0,0
18980,0,0,0,0,0,0
18988,0,0,0,0,0,0
18996,0,0,0,0,0,0
19003,0,0,0,0,0,0
19011,0,0,0,0,0,0
19018,0,0,0,0,0,0
19026,0,0,0,0,0,0
19035,0,0,0,0,0,0
19043,0,0,0,0,0,0
19051,0,0,0,0,0,0
19059,0,0,0,0,0,0
19067,0,0,0,0,0,0
19075,0,0,0,0,0,0
19083,0,0,0,0,0,0
19091,0,0,0,0,0,0
19099,0,0,0,0,0,0
19107,0,0,0,0,0,0
19115,0,0,0,0,0,0
19123,0,0,0,0,0,0
19131,0,0,0,0,0,0
19139,0,0,0,0,0,0
19145,0,0,0,0,0,0
19155,0,0,0,0,0,0
19160,0,0,0,0,0,0
19168,0,0,0,0,0,0
19176,0,0,0,0,0,0
19184,0,0,0,0,0,0
19192,0,0,0,0,0,0
19200,0,0,0,0,0,0
19204,0,0,0,0,0,0
19212,0,0,0,0,0,0
19220,0,0,0,0,0,0
19228,0,0,0,0,0,0
19235,0,0,0,0,0,0
19245,0,0,0,0,0,0
19250,0,0,0,0,0,0
19258,0,0,0,0,0,0
19266,0,0,0,0,0,0
19274,0,0,0,0,0,0
19280,0,0,0,0,0,0
19288,0,0,0,0,0,0
19296,0,0,0,0,0,0
19307,0,0,0,0,0,0
19314,0,0,0,0,0,0
19320,0,0,0,0,0,0
19328,0,0,0,0,0,0
19336,0,0,0,0,0,0
19344,0,0,0,0,0,0
19381,0,0,0,0,0,0
19386,0,0,0,0,0,0
19394,0,0,0,0,0,0
19402,0,0,0,0,0,0
19410,0,0,0,0,0,0
19418,0,0,0,0,0,0
19426,0,0,0,0,0,0
19434,0,0,0,0,0,0
19442,0,0,0,0,0,0
19450,0,0,0,0,0,0
19459,0,0,0,0,0,0
19466,0,0,0,0,0,0
19474,0,0,0,0,0,0
19482,0,0,0,0,0,0
19489,0,0,0,0,0,0
19497,0,0,0,0,0,0
19503,0,0,0,0,0,0
19512,0,0,0,0,0,0
19520,0,0,0,0,0,0
19528,0,0,0,0,0,0
19536,0,0,0,0,0,0
19544,0,0,0,0,0,0
19553,0,0,0,0,0,0
19564,0,0,0,0,0,0
19571,0,0,0,0,0,0
19579,0,0,0,0,0,0
19587,0,0,0,0,0,0
19598,0,0,0,0,0,0
19604,0,0,0,0,0,0
19612,0,0,0,0,0,0
19619,0,0,0,0,0,0
19627,0,0,0,0,0,0
19635,0,0,0,0,0,0
19643,0,0,0,0,0,0
19652,0,0,0,0,0,0
19660,0,0,0,0,0,0
19669,0,0,0,1,1,0
19678,0,0,0,1,1,0
19687,0,0,0,0,0,0
19696,0,0,0,0,0,0
19707,0,0,0,2,0,0
19714,0,0,0,0,0,0
19722,0,0,0,0,0,0
19730,0,0,0,0,0,0
19736,0,0,0,0,0,0
19744,0,0,0,0,0,0
19752,0,0,0,0,0,0
19759,0,0,0,0,0,0
19767,0,0,0,0,0,0
19774,0,0,0,0,0,0
19783,0,0,0,0,0,0
19791,0,0,0,0,0,0
19800,0,0,0,0,0,0
19807,0,0,0,0,0,0
19815,0,0,0,0,0,0
19822,0,0,0,0,0,0
19830,0,0,0,0,0,0
19837,0,0,0,0,0,0
19846,0,0,0,0,0,0
19854,0,0,0,0,0,0
19862,0,0,0,0,0,0
19870,0,0,0,0,0,0
19878,0,0,0,0,0,0
19886,0,0,0,0,0,0
19894,0,0,0,0,0,0
19902,0,0,0,0,0,0
19917,0,0,0,0,0,0
19925,0,0,0,0,0,0
19933,0,0,0,0,0,0
19941,0,0,0,0,0,0
19949,0,0,0,0,0,0
19958,0,0,0,0,0,0
19966,0,0,0,0,0,0
19974,0,0,0,0,0,0
19981,0,0,0,0,0,0
19990,0,0,0,0,0,0
19998,0,0,0,0,0,0
20006,0,0,0,0,0,0
20014,0,0,0,0,0,0
20022,0,0,0,0,0,0
20030,0,0,0,0,0,0
20039,0,0,0,0,0,0
20048,0,0,0,0,0,0
20055,0,0,0,0,0,0
20061,0,0,0,0,0,0
20069,0,0,0,0,0,0
20077,0,0,0,0,0,0
20085,0,0,0,0,0,0
20093,0,0,0,0,0,0
20102,0,0,0,0,0,0
20110,0,0,0,0,0,0
20117,0,0,0,0,0,0
20126,0,0,0,0,0,0
20135,0,0,0,0,0,0
20148,0,0,0,0,0,0
20153,0,0,0,0,0,0
20163,0,0,0,0,0,0
20170,0,0,0,0,0,0
20180,0,0,0,0,0,0
20189,0,0,0,0,0,0
20196,0,0,0,0,0,0
20218,0,0,0,0,0,0
20225,0,0,0,0,0,0
20235,0,0,0,0,0,0
20249,0,0,0,0,0,0
20257,0,0,0,0,0,0
20272,0,0,0,0,0,0
20277,0,0,0,0,0,0
20290,0,0,0,0,0,0
20294,0,0,0,0,0,0
20302,0,0,0,0,0,0
20311,0,0,0,0,0,0
20319,0,0,0,0,0,0
20325,0,0,0,0,0,0
20340,0,0,0,0,0,0
20354,0,0,0,0,0,0
20362,0,0,0,0,0,0
20368,0,0,0,0,0,0
20376,0,0,0,0,0,0
20387,0,0,0,0,0,0
20397,0,0,0,0,0,0
20401,0,0,0,0,0,0
20409,0,0,0,0,0,0
20417,0,0,0,0,0,0
20427,0,0,0,0,0,0
20434,0,0,0,0,0,0
20440,0,0,0,0,0,0
20447,0,0,0,0,0,0
20455,0,0,0,0,0,0
20463,0,0,0,0,0,0
20471,0,0,0,0,0,0
20479,0,0,0,0,0,0
20487,0,0,0,0,0,0
20494,0,0,0,0,0,0
20502,0,0,0,0,0,0
20510,0,0,0,0,0,0
20518,0,0,0,0,0,0
20526,0,0,0,0,0,0
20533,0,0,0,1,1,0
20541,0,0,0,2,1,0
20550,0,0,0,0,0,0
20559,0,0,0,0,0,0
20567,0,0,0,0,0,0
20575,0,0,0,0,0,0
20583,0,0,0,0,0,0
20591,0,0,0,0,0,0
20599,0,0,0,0,0,0
20607,0,0,0,0,0,0
20615,0,0,0,0,0,0
20624,0,0,0,0,0,0
20633,0,0,0,1,1,0
20641,0,0,0,0,1,0
20649,0,0,0,2,2,0
20657,0,0,0,0,0,0
20665,0,0,0,0,0,0
20672,0,0,0,0,0,0
20680,0,0,0,0,0,0
20688,0,0,0,0,0,0
20696,0,0,0,0,0,0
20704,0,0,0,0,0,0
20712,0,0,0,0,0,0
20721,0,0,0,0,0,0
20728,0,0,0,0,0,0
20736,0,0,0,0,0,0
20745,0,0,0,0,0,0
20753,0,0,0,0,0,0
20761,0,0,0,0,0,0
20769,0,0,0,0,0,0
20777,0,0,0,0,0,0
20785,0,0,0,0,0,0
20793,0,0,0,0,0,0
20801,0,0,0,0,0,0
20809,0,0,0,0,0,0
20817,0,0,0,0,0,0
20825,0,0,0,0,0,0
20833,0,0,0,0,0,0
20841,0,0,0,0,0,0
20850,0,0,0,0,0,0
20858,0,0,0,0,0,0
20866,0,0,0,0,0,0
20874,0,0,0,0,0,0
20879,0,0,0,0,0,0
20887,0,0,0,0,0,0
20895,0,0,0,0,0,0
20903,0,0,0,0,0,0
20911,0,0,0,0,0,0
20919,0,0,0,0,0,0
20927,0,0,0,0,0,0
20935,0,0,0,0,0,0
20943,0,0,0,0,0,0
20951,0,0,0,0,0,0
20959,0,0,0,0,0,0
20967,0,0,0,0,1,0
20975,0,0,0,1,0,0
20983,0,0,0,0,0,0
20988,0,0,0,0,0,0
20997,0,0,0,0,0,0
21004,0,0,0,0,0,0
21012,0,0,0,0,0,0
21020,0,0,0,0,0,0
21028,0,0,0,0,0,0
21036,0,0,0,0,0,0
21044,0,0,0,0,0,0
21052,0,0,0,0,0,0
21060,0,0,0,0,0,0
21069,0,0,0,0,0,0
21078,0,0,0,0,0,0
21088,0,0,0,0,0,0
21097,0,0,0,0,0,0
21106,0,0,0,0,0,0
21116,0,0,0,0,0,0
21124,0,0,0,0,0,0
21132,0,0,0,0,0,0
21142,0,0,0,0,0,0
21149,0,0,0,0,0,0
21161,0,0,0,0,0,0
21169,0,0,0,0,0,0
21176,0,0,0,0,0,0
21184,0,0,0,0,0,0
21192,0,0,0,0,0,0
21200,0,0,0,0,0,0
21208,0,0,0,0,0,0
21216,0,0,0,0,0,0
21223,0,0,0,0,0,0
21231,0,0,0,0,0,0
21240,0,0,0,0,0,0
21248,0,0,0,0,0,0
21259,0,0,0,0,0,0
21265,0,0,0,0,0,0
21335,0,0,0,0,0,0
21343,0,0,0,0,0,0
21351,0,0,0,0,0,0
21359,0,0,0,0,0,0
21367,0,0,0,0,0,0
21375,0,0,0,0,0,0
21380,0,0,0,0,0,0
21388,0,0,0,0,0,0
21396,0,0,0,0,0,0
21411,0,0,0,0,0,0
21420,0,0,0,0,0,0
21441,0,0,0,0,0,0
21448,0,0,0,0,0,0
21456,0,0,0,0,0,0
21464,0,0,0,0,0,0
21473,0,0,0,0,0,0
21481,0,0,0,0,0,0
21489,0,0,0,0,0,0
21496,0,0,0,0,0,0
21502,0,0,0,0,0,0
21511,0,0,0,0,0,0
21529,0,0,0,0,0,0
21537,0,0,0,0,0,0
21546,0,0,0,0,0,0
21554,0,0,0,0,0,0
21562,0,0,0,0,0,0
21571,0,0,0,0,0,0
21579,0,0,0,0,0,0
21586,0,0,0,0,0,0
21594,0,0,0,0,0,0
21602,0,0,0,0,0,0
21609,0,0,0,0,0,0
21619,0,0,0,1,0,0
21629,0,0,0,0,0,0
21637,0,0,0,0,0,0
21653,0,0,0,0,0,0
21662,0,0,0,0,0,0
21670,0,0,0,0,0,0
21678,0,0,0,0,0,0
21686,0,0,0,0,0,0
21694,0,0,0,0,0,0
21702,0,0,0,0,0,0
21717,0,0,0,0,0,0
21726,0,0,0,0,0,0
21734,0,0,0,0,0,0
21743,0,0,0,0,0,0
21751,0,0,0,0,0,0
21759,0,0,0,0,0,0
21764,0,0,0,0,0,0
21774,0,0,0,0,0,0
21779,0,0,0,0,0,0
21787,0,0,0,0,0,0
21795,0,0,0,0,0,0
21803,0,0,0,0,0,0
21811,0,0,0,0,0,0
21819,0,0,0,0,0,0
21827,0,0,0,0,0,0
21837,0,0,0,0,0,0
21844,0,0,0,0,0,0
21853,0,0,0,0,0,0
21870,0,0,0,0,0,0
21878,0,0,0,0,0,0
21886,0,0,0,0,0,0
21894,0,0,0,0,0,0
21902,0,0,0,0,0,0
21910,0,0,0,0,0,0
21918,0,0,0,0,0,0
21926,0,0,0,0,0,0
21935,0,0,0,0,0,0
21944,0,0,0,0,0,0
21955,0,0,0,0,0,0
21963,0,0,0,0,0,0
21969,0,0,0,0,0,0
21978,0,0,0,0,0,0
21986,0,0,0,0,0,0
21994,0,0,0,0,0,0
22002,0,0,0,0,0,0
22010,0,0,0,0,0,0
22018,0,0,0,0,0,0
22026,0,0,0,0,0,0
22033,0,0,0,0,0,0
22044,0,0,0,0,0,0
22049,0,0,0,0,0,0
22058,0,0,0,0,0,0
22066,0,0,0,0,0,0
22074,0,0,0,0,0,0
22082,0,0,0,0,0,0
22087,0,0,0,0,0,0
22098,0,0,0,0,0,0
22104,0,0,0,0,0,0
22113,0,0,0,0,0,0
22122,0,0,0,0,0,0
22131,0,0,0,0,0,0
22141,0,0,0,0,0,0
22151,0,0,0,0,0,0
22161,0,0,0,0,0,0
22167,0,0,0,0,0,0
22177,0,0,0,0,0,0
22186,0,0,0,0,0,0
22198,0,0,0,0,0,0
22206,0,0,0,0,0,0
22211,0,0,0,0,0,0
22219,0,0,0,0,0,0
22227,0,0,0,0,0,0
22235,0,0,0,0,0,0
22243,0,0,0,0,0,0
22282,0,0,0,0,0,0
22298,0,0,0,0,0,0
22305,0,0,0,0,0,0
22312,0,0,0,0,0,0
22321,0,0,0,0,0,0
22330,0,0,0,0,0,0
22338,0,0,0,0,0,0
22348,0,0,0,0,0,0
22375,0,0,0,0,0,0
22384,0,0,0,0,0,0
22400,0,0,0,0,0,0
22408,0,0,0,0,0,0
22414,0,0,0,0,0,0
22432,0,0,0,0,0,0
22439,0,0,0,0,0,0
22447,0,0,0,0,0,0
22455,0,0,0,0,0,0
22466,0,0,0,0,0,0
22474,0,0,0,0,0,0
22482,0,0,0,0,0,0
22492,0,0,0,0,0,0
22500,0,0,0,0,0,0
22512,0,0,0,0,0,0
22520,0,0,0,0,0,0
22527,0,0,0,0,0,0
22538,0,0,0,0,0,0
22544,0,0,0,0,0,0
22551,0,0,0,0,0,0
22559,0,0,0,0,0,0
22567,0,0,0,0,0,0
22575,0,0,0,1,1,0
22598,0,0,0,1,1,0
22615,0,0,0,0,0,0
22624,0,0,0,0,0,0
22630,0,0,0,0,0,0
22637,0,0,0,0,0,0
22645,0,0,0,0,0,0
22653,0,0,0,0,0,0
22661,0,0,0,0,0,0
22669,0,0,0,0,0,0
22677,0,0,0,0,0,0
22685,0,0,0,0,0,0
22693,0,0,0,0,0,0
22703,0,0,0,0,0,0
22711,0,0,0,0,0,0
22719,0,0,0,0,0,0
22734,0,0,0,0,0,0
22742,0,0,0,0,0,0
22750,0,0,0,0,0,0
22758,0,0,0,0,0,0
22765,0,0,0,0,0,0
22778,0,0,0,0,0,0
22786,0,0,0,0,0,0
22794,0,0,0,0,0,0
22802,0,0,0,0,0,0
22811,0,0,0,0,0,0
22818,0,0,0,0,0,0
22825,0,0,0,0,0,0
22851,0,0,0,0,0,0
22859,0,0,0,0,0,0
22867,0,0,0,0,0,0
22875,0,0,0,0,0,0
22883,0,0,0,0,0,0
22891,0,0,0,0,0,0
22899,0,0,0,0,0,0
22913,0,0,0,0,0,0
22921,0,0,0,0,0,0
22929,0,0,0,0,0,0
22937,0,0,0,0,0,0
22945,0,0,0,0,0,0
22953,0,0,0,0,0,0
22959,0,0,0,0,0,0
22967,0,0,0,0,0,0
22975,0,0,0,0,0,0
22983,0,0,0,0,0,0
22991,0,0,0,0,0,0
23000,0,0,0,0,0,0
23008,0,0,0,0,0,0
23016,0,0,0,0,0,0
23032,0,0,0,0,0,0
23048,0,0,0,0,0,0
23057,0,0,0,0,0,0
23065,0,0,0,0,0,0
23073,0,0,0,0,0,0
23081,0,0,0,0,0,0
23089,0,0,0,0,0,0
23095,0,0,0,0,0,0
23103,0,0,0,0,0,0
23111,0,0,0,0,0,0
23119,0,0,0,0,0,0
23132,0,0,0,0,0,0
23143,0,0,0,0,0,0
23150,0,0,0,0,0,0
23161,0,0,0,0,0,0
23168,0,0,0,0,0,0
23180,0,0,0,0,0,0
23188,0,0,0,0,0,0
23196,0,0,0,0,0,0
23201,0,0,0,0,0,0
23217,0,0,0,0,0,0
23225,0,0,0,0,0,0
23234,0,0,0,0,0,0
23257,0,0,0,0,0,0
23274,0,0,0,0,0,0
23282,0,0,0,0,0,0
23290,0,0,0,0,0,0
23298,0,0,0,0,0,0
23306,0,0,0,0,0,0
23314,0,0,0,0,0,0
23319,0,0,0,0,0,0
23329,0,0,0,0,0,0
23336,0,0,0,0,0,0
23344,0,0,0,0,0,0
23352,0,0,0,0,0,0
23360,0,0,0,0,0,0
23366,0,0,0,0,0,0
23376,0,0,0,0,0,0
23386,0,0,0,0,0,0
23392,0,0,0,0,0,0
23401,0,0,0,0,0,0
23409,0,0,0,0,0,0
23417,0,0,0,0,0,0
23425,0,0,0,0,0,0
23433,0,0,0,0,0,0
23441,0,0,0,0,0,0
23449,0,0,0,2,1,0
23456,0,0,0,0,0,0
23463,0,0,0,0,0,0
23473,0,0,0,0,0,0
23481,0,0,0,0,0,0
23489,0,0,0,0,0,0
23497,0,0,0,0,0,0
23505,0,0,0,0,0,0
23513,0,0,0,0,0,0
23521,0,0,0,0,0,0
23529,0,0,0,0,0,0
23536,0,0,0,0,0,0
23544,0,0,0,1,1,0
23554,0,0,0,0,0,0
23561,0,0,0,2,1,0
23569,0,0,0,2,2,0
23577,0,0,0,0,0,0
23585,0,0,0,0,0,0
23593,0,0,0,0,0,0
23600,0,0,0,0,0,0
23609,0,0,0,0,0,0
23618,0,0,0,0,0,0
23626,0,0,0,0,0,0
23634,0,0,0,0,0,0
23642,0,0,0,0,0,0
23650,0,0,0,0,0,0
23658,0,0,0,0,0,0
23667,0,0,0,1,0,0
23674,0,0,0,0,0,0
23682,0,0,0,0,0,0
23689,0,0,0,0,0,0
23698,0,0,0,0,0,0
23706,0,0,0,0,0,0
23714,0,0,0,0,0,0
23722,0,0,0,0,0,0
23730,0,0,0,0,0,0
23738,0,0,0,0,0,0
23746,0,0,0,0,0,0
23755,0,0,0,0,0,0
23763,0,0,0,0,0,0
23768,0,0,0,0,1,0
23776,0,0,0,2,2,0
23784,0,0,0,2,2,0
23792,0,0,0,0,0,0
23799,0,0,0,0,0,0
23805,0,0,0,0,0,0
23813,0,0,0,0,0,0
23821,0,0,0,0,0,0
23829,0,0,0,0,0,0
23837,0,0,0,0,0,0
23845,0,0,0,0,0,0
23854,0,0,0,0,0,0
23862,0,0,0,0,0,0
23868,0,0,0,1,1,0
23876,0,0,0,1,1,0
23884,0,0,0,2,2,0
23892,0,0,0,2,2,0
23900,0,0,0,0,0,0
23908,0,0,0,0,0,0
23914,0,0,0,0,0,0
23923,0,0,0,0,0,0
23932,0,0,0,0,0,0
23940,0,0,0,0,0,0
23948,0,0,0,0,0,0
23956,0,0,0,0,0,0
23964,0,0,0,0,0,0
23972,0,0,0,0,0,0
23980,0,0,0,0,0,0
23986,0,0,0,0,0,0
23996,0,0,0,0,0,0
24005,0,0,0,0,0,0
24015,0,0,0,0,0,0
24020,0,0,0,0,0,0
24028,0,0,0,0,0,0
24036,0,0,0,0,0,0
24044,0,0,0,0,0,0
24052,0,0,0,0,0,0
24057,0,0,0,0,0,0
24064,0,0,0,0,0,0
24074,0,0,0,0,0,0
24082,0,0,0,0,0,0
24091,0,0,0,0,0,0
24099,0,0,0,0,0,0
24107,0,0,0,0,0,0
24115,0,0,0,0,0,0
24123,0,0,0,0,0,0
24128,0,0,0,0,0,0
24136,0,0,0,0,0,0
24143,0,0,0,0,0,0
24151,0,0,0,0,0,0
24157,0,0,0,0,0,0
24166,0,0,0,0,0,0
24173,0,0,0,0,0,0
24183,0,0,0,0,0,0
24190,0,0,0,0,0,0
24198,0,0,0,0,0,0
24206,0,0,0,0,0,0
24214,0,0,0,0,0,0
24222,0,0,0,0,0,0
24246,0,0,0,0,0,0
24254,0,0,0,0,0,0
24262,0,0,0,0,0,0
24270,0,0,0,0,0,0
24278,0,0,0,0,0,0
24286,0,0,0,0,0,0
24294,0,0,0,0,0,0
24302,0,0,0,0,0,0
24316,0,0,0,0,0,0
24323,0,0,0,0,0,0
24332,0,0,0,0,0,0
24344,0,0,0,0,0,0
24352,0,0,0,0,0,0
24360,0,0,0,0,0,0
24368,0,0,0,0,0,0
24376,0,0,0,0,0,0
24384,0,0,0,0,0,0
24392,0,0,0,0,0,0
24402,0,0,0,0,0,0
24409,0,0,0,0,0,0
24425,0,0,0,0,0,0
24434,0,0,0,0,1,0
24441,0,0,0,0,0,0
24448,0,0,0,0,0,0
24458,0,0,0,0,0,0
24462,0,0,0,0,0,0
24470,0,0,0,0,0,0
24478,0,0,0,0,0,0
24486,0,0,0,0,0,0
24494,0,0,0,0,0,0
24502,0,0,0,0,0,0
24510,0,0,0,0,0,0
24526,0,0,0,0,1,0
24537,0,0,0,2,2,0
24551,0,0,0,0,0,0
24559,0,0,0,0,0,0
24566,0,0,0,0,0,0
24572,0,0,0,0,0,0
24580,0,0,0,0,0,0
24588,0,0,0,0,0,0
24596,0,0,0,0,0,0
24603,0,0,0,0,0,0
24611,0,0,0,0,0,0
24619,0,0,0,0,0,0
24627,0,0,0,0,0,0
24635,0,0,0,0,0,0
24649,0,0,0,0,0,0
24657,0,0,0,0,0,0
24665,0,0,0,0,0,0
24673,0,0,0,0,0,0
24681,0,0,0,0,0,0
24688,0,0,0,0,0,0
24697,0,0,0,0,0,0
24705,0,0,0,0,0,0
24713,0,0,0,0,0,0
24721,0,0,0,0,0,0
24729,0,0,0,0,0,0
24736,0,0,0,0,0,0
24744,0,0,0,0,0,0
24757,0,0,0,0,0,0
24764,0,0,0,0,0,0
24774,0,0,0,0,0,0
24781,0,0,0,0,0,0
24789,0,0,0,0,0,0
24796,0,0,0,0,0,0
24805,0,0,0,0,0,0
24814,0,0,0,0,0,0
24822,0,0,0,0,0,0
24830,0,0,0,0,0,0
24838,0,0,0,0,0,0
24846,0,0,0,0,0,0
24854,0,0,0,0,0,0
24863,0,0,0,0,0,0
24871,0,0,0,0,0,0
24878,0,0,0,0,0,0
24888,0,0,0,0,0,0
24895,0,0,0,0,0,0
24905,0,0,0,0,0,0
24915,0,0,0,0,0,0
24921,0,0,0,0,0,0
24929,0,0,0,0,0,0
24937,0,0,0,0,0,0
24945,0,0,0,0,0,0
24953,0,0,0,0,0,0
24960,0,0,0,0,0,0
24967,0,0,0,0,0,0
24975,0,0,0,0,0,0
24985,0,0,0,0,0,0
24998,0,0,0,0,0,0
25003,0,0,0,0,0,0
25015,0,0,0,0,0,0
25021,0,0,0,0,0,0
25031,0,0,0,0,0,0
25040,0,0,0,0,0,0
25051,0,0,0,0,0,0
25056,0,0,0,0,0,0
25066,0,0,0,0,0,0
25075,0,0,0,0,0,0
25083,0,0,0,0,0,0
25092,0,0,0,0,0,0
25101,0,0,0,0,0,0
25112,0,0,0,0,0,0
25122,0,0,0,0,0,0
25128,0,0,0,0,0,0
25138,0,0,0,0,0,0
25147,0,0,0,0,0,0
25157,0,0,0,0,0,0
25176,0,0,0,0,0,0
25182,0,0,0,0,0,0
25198,0,0,0,0,0,0
25206,0,0,0,0,0,0
25221,0,0,0,0,0,0
25227,0,0,0,0,0,0
25235,0,0,0,0,0,0
25243,0,0,0,0,0,0
25252,0,0,0,0,0,0
25259,0,0,0,0,0,0
25267,0,0,0,0,0,0
25275,0,0,0,0,0,0
25283,0,0,0,0,0,0
25306,0,0,0,0,0,0
25315,0,0,0,0,0,0
25331,0,0,0,0,0,0
25340,0,0,0,0,0,0
25349,0,0,0,0,0,0
25357,0,0,0,0,0,0
25363,0,0,0,0,0,0
25370,0,0,0,0,0,0
25379,0,0,0,0,0,0
25387,0,0,0,0,0,0
25394,0,0,0,0,0,0
25400,0,0,0,0,0,0
25408,0,0,0,0,0,0
25420,0,0,0,0,0,0
25431,0,0,0,0,0,0
25436,0,0,0,0,0,0
25444,0,0,0,0,0,0
25451,0,0,0,0,0,0
25459,0,0,0,0,0,0
25467,0,0,0,0,0,0
25475,0,0,0,0,0,0
25483,0,0,0,0,0,0
25492,0,0,0,1,1,0
25499,0,0,0,0,0,0
25523,0,0,0,0,0,0
25530,0,0,0,0,0,0
25538,0,0,0,0,0,0
25545,0,0,0,0,0,0
25553,0,0,0,0,0,0
25560,0,0,0,0,0,0
25570,0,0,0,0,0,0
25577,0,0,0,0,0,0
25585,0,0,0,0,0,0
25593,0,0,0,0,0,0
25603,0,0,0,0,0,0
25609,0,0,0,0,0,0
25626,0,0,0,0,0,0
25633,0,0,0,0,0,0
25650,0,0,0,0,0,0
25658,0,0,0,0,0,0
25666,0,0,0,0,0,0
25674,0,0,0,0,0,0
25681,0,0,0,0,0,0
25689,0,0,0,0,0,0
25696,0,0,0,0,0,0
25703,0,0,0,0,0,0
25712,0,0,0,0,0,0
25720,0,0,0,0,0,0
25728,0,0,0,0,0,0
25735,0,0,0,0,0,0
25743,0,0,0,0,0,0
25757,0,0,0,0,0,0
25765,0,0,0,0,0,0
25773,0,0,0,0,0,0
25781,0,0,0,0,0,0
25789,0,0,0,0,0,0
25797,0,0,0,0,0,0
25803,0,0,0,0,0,0
25812,0,0,0,0,0,0
25821,0,0,0,0,0,0
25829,0,0,0,0,0,0
25836,0,0,0,0,0,0
25844,0,0,0,0,0,0
25853,0,0,0,0,0,0
25861,0,0,0,0,0,0
25866,0,0,0,0,0,0
25875,0,0,0,0,0,0
25883,0,0,0,0,0,0
25891,0,0,0,0,0,0
25899,0,0,0,0,0,0
25907,0,0,0,0,0,0
25916,0,0,0,0,0,0
25924,0,0,0,0,0,0
25939,0,0,0,0,0,0
25948,0,0,0,0,0,0
25963,0,0,0,0,0,0
25969,0,0,0,0,0,0
25976,0,0,0,0,0,0
25987,0,0,0,0,0,0
25999,0,0,0,0,0,0
26006,0,0,0,0,0,0
26014,0,0,0,0,0,0
26025,0,0,0,0,0,0
26031,0,0,0,0,0,0
26040,0,0,0,0,0,0
26050,0,0,0,0,0,0
26060,0,0,0,0,0,0
26082,0,0,0,0,0,0
26090,0,0,0,0,0,0
26099,0,0,0,0,0,0
26114,0,0,0,0,0,0
26119,0,0,0,0,0,0
26142,0,0,0,0,0,0
26156,0,0,0,0,0,0
26167,0,0,0,0,0,0
26174,0,0,0,0,0,0
26187,0,0,0,0,0,0
26198,0,0,0,0,0,0
26206,0,0,0,0,0,0
26214,0,0,0,0,0,0
26222,0,0,0,0,0,0
26230,0,0,0,0,0,0
26235,0,0,0,0,0,0
26243,0,0,0,0,0,0
