11,0,0,0,0,0,0
20,0,0,0,0,0,0
29,0,0,0,0,0,0
40,0,0,0,0,0,0
47,0,0,0,0,0,0
57,0,0,0,0,0,0
65,0,0,0,0,0,0
73,0,0,0,0,0,0
81,0,0,0,0,0,0
88,0,0,0,0,0,0
97,0,0,0,0,0,0
106,0,0,0,0,0,0
114,0,0,0,0,0,0
122,0,0,0,0,0,0
131,0,0,0,0,0,0
138,0,0,0,0,0,0
144,0,0,0,0,0,0
153,0,0,0,0,0,0
162,0,0,0,0,0,0
170,0,0,0,0,0,0
177,0,0,0,0,0,0
186,0,0,0,0,0,0
194,0,0,0,0,0,0
200,0,0,0,0,0,0
208,0,0,0,0,0,0
216,0,0,0,0,0,0
224,0,0,0,0,0,0
232,0,0,0,0,0,0
240,0,0,0,0,0,0
248,0,0,0,0,0,0
255,0,0,0,0,0,0
261,0,0,0,0,0,0
270,0,0,0,0,0,0
278,0,0,0,0,0,0
286,0,0,0,0,0,0
294,0,0,0,0,0,0
302,0,0,0,0,0,0
310,0,0,0,0,0,0
318,0,0,0,0,0,0
326,0,0,0,0,0,0
334,0,0,0,0,0,0
343,0,0,0,0,0,0
352,0,0,0,0,0,0
361,0,0,0,0,0,0
371,0,0,0,0,0,0
380,0,0,0,0,0,0
388,0,0,0,0,0,0
394,0,0,0,0,0,0
403,0,0,0,0,0,0
412,0,0,0,0,0,0
420,0,0,0,0,0,0
428,0,0,0,0,0,0
436,0,0,0,0,0,0
444,0,0,0,0,0,0
452,0,0,0,0,0,0
460,0,0,0,0,0,0
469,0,0,0,0,0,0
477,0,0,0,0,0,0
485,0,0,0,0,0,0
493,0,0,0,0,0,0
501,0,0,0,0,0,0
509,0,0,0,0,0,0
517,0,0,0,0,0,0
525,0,0,0,0,0,0
533,0,0,0,0,0,0
542,0,0,0,0,0,0
549,0,0,0,0,0,0
557,0,0,0,0,0,0
564,0,0,0,0,0,0
573,0,0,0,0,0,0
581,0,0,0,0,0,0
589,0,0,0,0,0,0
594,0,0,0,0,0,0
602,0,0,0,0,0,0
612,0,0,0,0,0,0
617,0,0,0,0,0,0
626,0,0,0,0,0,0
634,0,0,0,0,0,0
642,0,0,0,0,0,0
648,0,0,0,0,0,0
664,0,0,0,0,0,0
672,0,0,0,0,0,0
680,0,0,0,0,0,0
688,0,0,0,0,0,0
696,0,0,0,0,0,0
703,0,0,0,0,0,0
712,0,0,0,0,0,0
730,0,0,0,0,0,0
736,0,0,0,0,0,0
753,0,0,0,0,0,0
777,0,0,0,0,0,0
784,0,0,0,0,0,0
792,0,0,0,0,0,0
815,0,0,0,0,0,0
831,0,0,0,0,0,0
839,0,0,0,0,0,0
847,0,0,0,0,0,0
855,0,0,0,0,0,0
887,0,0,0,0,0,0
896,0,0,0,0,0,0
903,0,0,0,0,0,0
908,0,0,0,0,0,0
932,0,0,0,0,0,0
940,0,0,0,0,0,0
948,0,0,0,0,0,0
956,0,0,0,0,0,0
964,0,0,0,0,0,0
972,0,0,0,0,0,0
980,0,0,0,0,0,0
988,0,0,0,0,0,0
996,0,0,0,0,0,0
1004,0,0,0,0,0,0
1012,0,0,0,0,0,0
1020,0,0,0,0,0,0
1027,0,0,0,0,0,0
1035,0,0,0,0,0,0
1043,0,0,0,0,0,0
1051,0,0,0,0,0,0
1059,0,0,0,0,0,0
1067,0,0,0,0,0,0
1075,0,0,0,0,0,0
1082,0,0,0,0,0,0
1091,0,0,0,0,0,0
1099,0,0,0,0,0,0
1107,0,0,0,0,0,0
1116,0,0,0,0,0,0
1124,0,0,0,0,0,0
1132,0,0,0,0,0,0
1140,0,0,0,0,0,0
1148,0,0,0,0,0,0
1156,0,0,0,0,0,0
1164,0,0,0,0,0,0
1171,0,0,0,0,0,0
1179,0,0,0,0,0,0
1187,0,0,0,0,0,0
1195,0,0,0,0,0,0
1202,0,0,0,0,0,0
1210,0,0,0,0,0,0
1218,0,0,0,0,0,0
1227,0,0,0,0,0,0
1234,0,0,0,0,0,0
1241,0,0,0,0,0,0
1249,0,0,0,0,0,0
1257,0,0,0,0,0,0
1265,0,0,0,0,0,0
1273,0,0,0,0,0,0
1281,0,0,0,0,0,0
1289,0,0,0,0,0,0
1297,0,0,0,0,0,0
1306,0,0,0,0,0,0
1316,0,0,0,0,0,0
1327,0,0,0,0,0,0
1332,0,0,0,0,0,0
1341,0,0,0,0,0,0
1350,0,0,0,0,0,0
1358,0,0,0,0,0,0
1367,0,0,0,0,0,0
1375,0,0,0,0,0,0
1383,0,0,0,0,0,0
1391,0,0,0,0,0,0
1399,0,0,0,0,0,0
1406,0,0,0,0,0,0
1416,0,0,0,0,0,0
1421,0,0,0,0,0,0
1429,0,0,0,0,0,0
1437,0,0,0,0,0,0
1445,0,0,0,0,0,0
1453,0,0,0,0,0,0
1458,0,0,0,0,0,0
1466,0,0,0,0,0,0
1475,0,0,0,0,0,0
1483,0,0,0,0,0,0
1492,0,0,0,0,0,0
1500,0,0,0,0,0,0
1508,0,0,0,0,0,0
1516,0,0,0,0,0,0
1524,0,0,0,0,0,0
1532,0,0,0,0,0,0
1541,0,0,0,0,0,0
1552,0,0,0,0,0,0
1557,0,0,0,0,0,0
1566,0,0,0,0,0,0
1590,0,0,0,0,0,0
1598,0,0,0,0,0,0
1606,0,0,0,0,0,0
1614,0,0,0,0,0,0
1622,0,0,0,0,0,0
1630,0,0,0,0,0,0
1637,0,0,0,0,0,0
1645,0,0,0,0,0,0
1661,0,0,0,0,0,0
1669,0,0,0,0,0,0
1674,0,0,0,0,0,0
1700,0,0,0,0,0,0
1709,0,0,0,0,0,0
1724,0,0,0,0,0,0
1733,0,0,0,0,0,0
1742,0,0,0,0,0,0
1747,0,0,0,0,0,0
1757,0,0,0,0,0,0
1795,0,0,0,0,0,0
1803,0,0,0,0,0,0
1810,0,0,0,0,0,0
1818,0,0,0,0,0,0
1850,0,0,0,0,0,0
1858,0,0,0,0,0,0
1886,0,0,0,0,0,0
1894,0,0,0,0,0,0
1902,0,0,0,0,0,0
1910,0,0,0,0,0,0
1918,0,0,0,0,0,0
1926,0,0,0,0,0,0
1950,0,0,0,0,0,0
1957,0,0,0,0,0,0
1962,0,0,0,0,0,0
1974,0,0,0,0,0,0
1979,0,0,0,0,0,0
1987,0,0,0,0,0,0
1995,0,0,0,0,0,0
2003,0,0,0,0,0,0
2012,0,0,0,0,0,0
2019,0,0,0,0,0,0
2027,0,0,0,0,0,0
2036,0,0,0,0,0,0
2044,0,0,0,0,0,0
2052,0,0,0,0,0,0
2061,0,0,0,0,0,0
2073,0,0,0,0,0,0
2081,0,0,0,0,0,0
2089,0,0,0,0,0,0
2094,0,0,0,0,0,0
2104,0,0,0,0,0,0
2112,0,0,0,0,0,0
2119,0,0,0,0,0,0
2127,0,0,0,0,0,0
2135,0,0,0,0,0,0
2142,0,0,0,0,0,0
2150,0,0,0,0,0,0
2158,0,0,0,0,0,0
2166,0,0,0,0,0,0
2173,0,0,0,0,0,0
2181,0,0,0,0,0,0
2189,0,0,0,0,0,0
2195,0,0,0,0,0,0
2203,0,0,0,0,0,0
2211,0,0,0,0,0,0
2219,0,0,0,0,0,0
2227,0,0,0,0,0,0
2235,0,0,0,0,0,0
2243,0,0,0,0,0,0
2251,0,0,0,0,0,0
2259,0,0,0,0,0,0
2267,0,0,0,0,0,0
2275,0,0,0,0,0,0
2283,0,0,0,0,0,0
2290,0,0,0,0,0,0
2296,0,0,0,0,0,0
2305,0,0,0,0,0,0
2315,0,0,0,0,0,0
2325,0,0,0,0,0,0
2331,0,0,0,0,0,0
2339,0,0,0,0,0,0
2347,0,0,0,0,0,0
2355,0,0,0,0,0,0
2363,0,0,0,0,0,0
2371,0,0,0,0,0,0
2379,0,0,0,0,0,0
2385,0,0,0,0,0,0
2393,0,0,0,0,0,0
2401,0,0,0,0,0,0
2409,0,0,0,0,0,0
2413,0,0,0,0,0,0
2422,0,0,0,0,0,0
2431,0,0,0,0,0,0
2441,0,0,0,0,0,0
2451,0,0,0,0,0,0
2457,0,0,0,0,0,0
2465,0,0,0,0,0,0
2473,0,0,0,0,0,0
2481,0,0,0,0,0,0
2489,0,0,0,0,0,0
2497,0,0,0,0,0,0
2505,0,0,0,0,0,0
2513,0,0,0,0,0,0
2522,0,0,0,0,0,0
2531,0,0,0,0,0,0
2542,0,0,0,0,0,0
2548,0,0,0,0,0,0
2557,0,0,0,0,0,0
2567,0,0,0,0,0,0
2574,0,0,0,0,0,0
2582,0,0,0,0,0,0
2590,0,0,0,0,0,0
2598,0,0,0,0,0,0
2606,0,0,0,0,0,0
2612,0,0,0,0,0,0
2620,0,0,0,0,0,0
2631,0,0,0,0,0,0
2636,0,0,0,0,0,0
2644,0,0,0,0,0,0
2652,0,0,0,0,0,0
2660,0,0,0,0,0,0
2668,0,0,0,0,0,0
2675,0,0,0,0,0,0
2684,0,0,0,0,0,0
2693,0,0,0,0,0,0
2702,0,0,0,0,0,0
2755,0,0,0,0,0,0
2764,0,0,0,0,0,0
2774,0,0,0,0,0,0
2783,0,0,0,0,0,0
2790,0,0,0,0,0,0
2799,0,0,0,0,0,0
2807,0,0,0,0,0,0
2823,0,0,0,0,0,0
2830,0,0,0,0,0,0
2835,0,0,0,0,0,0
2845,0,0,0,0,0,0
2856,0,0,0,0,0,0
2861,0,0,0,0,0,0
2885,0,0,0,0,0,0
2893,0,0,0,0,0,0
2900,0,0,0,0,0,0
2908,0,0,0,0,0,0
2917,0,0,0,0,0,0
2925,0,0,0,0,0,0
2933,0,0,0,0,0,0
2941,0,0,0,0,0,0
2949,0,0,0,0,0,0
2957,0,0,0,0,0,0
2965,0,0,0,0,0,0
2973,0,0,0,0,0,0
2979,0,0,0,0,0,0
2987,0,0,0,0,0,0
2995,0,0,0,0,0,0
3003,0,0,0,0,0,0
3011,0,0,0,0,0,0
3019,0,0,0,0,0,0
3027,0,0,0,0,0,0
3035,0,0,0,0,0,0
3044,0,0,0,0,0,0
3055,0,0,0,0,0,0
3061,0,0,0,0,0,0
3068,0,0,0,0,0,0
3076,0,0,0,0,0,0
3084,0,0,0,0,0,0
3092,0,0,0,0,0,0
3100,0,0,0,0,0,0
3108,0,0,0,0,0,0
3116,0,0,0,0,0,0
3124,0,0,0,0,0,0
3132,0,0,0,0,0,0
3140,0,0,0,0,0,0
3148,0,0,0,0,0,0
3156,0,0,0,0,0,0
3164,0,0,0,0,0,0
3171,0,0,0,0,0,0
3179,0,0,0,0,0,0
3187,0,0,0,0,0,0
3195,0,0,0,0,0,0
3203,0,0,0,0,0,0
3211,0,0,0,0,0,0
3219,0,0,0,0,0,0
3227,0,0,0,0,0,0
3235,0,0,0,0,0,0
3243,0,0,0,0,0,0
3251,0,0,0,0,0,0
3260,0,0,0,0,0,0
3270,0,0,0,0,0,0
3275,0,0,0,0,0,0
3283,0,0,0,0,0,0
3291,0,0,0,0,0,0
3296,0,0,0,0,0,0
3304,0,0,0,0,0,0
3312,0,0,0,0,0,0
3317,0,0,0,0,0,0
3325,0,0,0,0,0,0
3334,0,0,0,0,0,0
3342,0,0,0,0,0,0
3349,0,0,0,0,0,0
3357,0,0,0,0,0,0
3365,0,0,0,0,0,0
3373,0,0,0,0,0,0
3381,0,0,0,0,0,0
3389,0,0,0,0,0,0
3397,0,0,0,0,0,0
3405,0,0,0,0,0,0
3413,0,0,0,0,0,0
3421,0,0,0,0,0,0
3427,0,0,0,0,0,0
3436,0,0,0,0,0,0
3445,0,0,0,0,0,0
3453,0,0,0,0,0,0
3461,0,0,0,0,0,0
3469,0,0,0,0,0,0
3477,0,0,0,0,0,0
3485,0,0,0,0,0,0
3494,0,0,0,0,0,0
3504,0,0,0,0,0,0
3509,0,0,0,0,0,0
3517,0,0,0,0,0,0
3525,0,0,0,0,0,0
3533,0,0,0,0,0,0
3541,0,0,0,0,0,0
3549,0,0,0,0,0,0
3557,0,0,0,0,0,0
3566,0,0,0,0,0,0
3574,0,0,0,0,0,0
3582,0,0,0,0,0,0
3590,0,0,0,0,0,0
3598,0,0,0,0,0,0
3606,0,0,0,0,0,0
3614,0,0,0,0,0,0
3621,0,0,0,0,0,0
3631,0,0,0,0,0,0
3638,0,0,0,0,0,0
3646,0,0,0,0,0,0
3652,0,0,0,0,0,0
3661,0,0,0,0,0,0
3669,0,0,0,0,0,0
3682,0,0,0,0,0,0
3691,0,0,0,0,0,0
3700,0,0,0,0,0,0
3748,0,0,0,0,0,0
3756,0,0,0,0,0,0
3763,0,0,0,0,0,0
3771,0,0,0,0,0,0
3803,0,0,0,0,0,0
3811,0,0,0,0,0,0
3819,0,0,0,0,0,0
3825,0,0,0,0,0,0
3834,0,0,0,0,0,0
3859,0,0,0,0,0,0
3875,0,0,0,0,0,0
3883,0,0,0,0,0,0
3891,0,0,0,0,0,0
3899,0,0,0,0,0,0
3908,0,0,0,0,0,0
3918,0,0,0,0,0,0
3924,0,0,0,0,0,0
3933,0,0,0,0,0,0
3942,0,0,0,0,0,0
3950,0,0,0,0,0,0
3958,0,0,0,0,0,0
3966,0,0,0,0,0,0
3973,0,0,0,0,0,0
3981,0,0,0,0,0,0
3988,0,0,0,0,0,0
3996,0,0,0,0,0,0
4007,0,0,0,0,0,0
4015,0,0,0,0,0,0
4022,0,0,0,0,0,0
4030,0,0,0,0,0,0
4038,0,0,0,0,0,0
4045,0,0,0,0,0,0
4052,0,0,0,0,0,0
4061,0,0,0,0,0,0
4070,0,0,0,0,0,0
4079,0,0,0,0,0,0
4086,0,0,0,0,0,0
4094,0,0,0,0,0,0
4102,0,0,0,0,0,0
4110,0,0,0,0,0,0
4118,0,0,0,0,0,0
4125,0,0,0,0,0,0
4134,0,0,0,0,0,0
4141,0,0,0,0,0,0
4151,0,0,0,0,0,0
4158,0,0,0,0,0,0
4166,0,0,0,0,0,0
4174,0,0,0,0,0,0
4182,0,0,0,0,0,0
4190,0,0,0,0,0,0
4198,0,0,0,0,0,0
4206,0,0,0,0,0,0
4213,0,0,0,0,0,0
4223,0,0,0,0,0,0
4231,0,0,0,0,0,0
4240,0,0,0,0,0,0
4250,0,0,0,0,0,0
4259,0,0,0,0,0,0
4269,0,0,0,0,0,0
4277,0,0,0,0,0,0
4285,0,0,0,0,0,0
4294,0,0,0,0,0,0
4305,0,0,0,0,0,0
4308,0,0,0,0,0,0
4316,0,0,0,0,0,0
4324,0,0,0,0,0,0
4331,0,0,0,0,0,0
4340,0,0,0,0,0,0
4350,0,0,0,0,0,0
4355,0,0,0,0,0,0
4363,0,0,0,0,0,0
4371,0,0,0,0,0,0
4375,0,0,0,0,0,0
4384,0,0,0,0,0,0
4393,0,0,0,0,0,0
4401,0,0,0,0,0,0
4407,0,0,0,0,0,0
4415,0,0,0,0,0,0
4423,0,0,0,0,0,0
4431,0,0,0,0,0,0
4436,0,0,0,0,0,0
4444,0,0,0,0,0,0
4452,0,0,0,0,0,0
4459,0,0,0,0,0,0
4466,0,0,0,0,0,0
4477,0,0,0,0,0,0
4483,0,0,0,0,0,0
4491,0,0,0,0,0,0
4499,0,0,0,0,0,0
4507,0,0,0,0,0,0
4515,0,0,0,0,0,0
4523,0,0,0,0,0,0
4531,0,0,0,0,0,0
4538,0,0,0,0,0,0
4545,0,0,0,0,0,0
4554,0,0,0,0,0,0
4565,0,0,0,0,0,0
4575,0,0,0,0,0,0
4580,0,0,0,0,0,0
4588,0,0,0,0,0,0
4596,0,0,0,0,0,0
4604,0,0,0,0,0,0
4612,0,0,0,0,0,0
4619,0,0,0,0,0,0
4626,0,0,0,0,0,0
4634,0,0,0,0,0,0
4642,0,0,0,0,0,0
4655,0,0,0,0,0,0
4664,0,0,0,0,0,0
4699,0,0,0,0,0,0
4707,0,0,0,0,0,0
4748,0,0,0,0,0,0
4756,0,0,0,0,0,0
4764,0,0,0,0,0,0
4793,0,0,0,0,0,0
4801,0,0,0,0,0,0
4809,0,0,0,0,0,0
4817,0,0,0,0,0,0
4825,0,0,0,0,0,0
4833,0,0,0,0,0,0
4857,0,0,0,0,0,0
4864,0,0,0,0,0,0
4871,0,0,0,0,0,0
4886,0,0,0,0,0,0
4894,0,0,0,0,0,0
4903,0,0,0,0,0,0
4910,0,0,0,0,0,0
4917,0,0,0,0,0,0
4925,0,0,0,0,0,0
4934,0,0,0,0,0,0
4942,0,0,0,0,0,0
4950,0,0,0,0,0,0
4958,0,0,0,0,0,0
4966,0,0,0,0,0,0
4974,0,0,0,0,0,0
4982,0,0,0,0,0,0
4990,0,0,0,0,0,0
4998,0,0,0,0,0,0
5006,0,0,0,0,0,0
5013,0,0,0,0,0,0
5024,0,0,0,0,0,0
5032,0,0,0,0,0,0
5039,0,0,0,0,0,0
5047,0,0,0,0,0,0
5055,0,0,0,0,0,0
5063,0,0,0,0,0,0
5070,0,0,0,0,0,0
5078,0,0,0,0,0,0
5084,0,0,0,0,0,0
5092,0,0,0,0,0,0
5100,0,0,0,0,0,0
5108,0,0,0,0,0,0
5116,0,0,0,0,0,0
5125,0,0,0,0,0,0
5134,0,0,0,0,0,0
5142,0,0,0,0,0,0
5150,0,0,0,0,0,0
5158,0,0,0,0,0,0
5165,0,0,0,0,0,0
5173,0,0,0,0,0,0
5181,0,0,0,0,0,0
5189,0,0,0,0,0,0
5197,0,0,0,0,0,0
5205,0,0,0,0,0,0
5211,0,0,0,0,0,0
5218,0,0,0,0,0,0
5226,0,0,0,0,0,0
5233,0,0,0,0,0,0
5241,0,0,0,0,0,0
5248,0,0,0,0,0,0
5256,0,0,0,0,0,0
5264,0,0,0,0,0,0
5272,0,0,0,0,0,0
5280,0,0,0,0,0,0
5288,0,0,0,0,0,0
5296,0,0,0,0,0,0
5304,0,0,0,0,0,0
5312,0,0,0,0,0,0
5320,0,0,0,0,0,0
5328,0,0,0,0,0,0
5336,0,0,0,0,0,0
5344,0,0,0,0,0,0
5352,0,0,0,0,0,0
5360,0,0,0,0,0,0
5368,0,0,0,0,0,0
5377,0,0,0,0,0,0
5384,0,0,0,0,0,0
5393,0,0,0,0,0,0
5401,0,0,0,0,0,0
5409,0,0,0,0,0,0
5417,0,0,0,0,0,0
5425,0,0,0,0,0,0
5433,0,0,0,0,0,0
5440,0,0,0,0,0,0
5446,0,0,0,0,0,0
5455,0,0,0,0,0,0
5464,0,0,0,0,0,0
5472,0,0,0,0,0,0
5480,0,0,0,0,0,0
5488,0,0,0,0,0,0
5495,0,0,0,0,0,0
5504,0,0,0,0,0,0
5512,0,0,0,0,0,0
5518,0,0,0,0,0,0
5528,0,0,0,0,0,0
5536,0,0,0,0,0,0
5546,0,0,0,0,0,0
5554,0,0,0,0,0,0
5566,0,0,0,0,0,0
5571,0,0,0,0,0,0
5580,0,0,0,0,0,0
5592,0,0,0,0,0,0
5596,0,0,0,0,0,0
5604,0,0,0,0,0,0
5612,0,0,0,0,0,0
5627,0,0,0,0,0,0
5653,0,0,0,0,0,0
5671,0,0,0,0,0,0
5681,0,0,0,0,0,0
5690,0,0,0,0,0,0
5699,0,0,0,0,0,0
5708,0,0,0,0,0,0
5717,0,0,0,0,0,0
5725,0,0,0,0,0,0
5735,0,0,0,0,0,0
5746,0,0,0,0,0,0
5750,0,0,0,0,0,0
5758,0,0,0,0,0,0
5766,0,0,0,0,0,0
5773,0,0,0,0,0,0
5777,0,0,0,0,0,0
5793,0,0,0,0,0,0
5801,0,0,0,0,0,0
5809,0,0,0,0,0,0
5817,0,0,0,0,0,0
5822,0,0,0,0,0,0
5830,0,0,0,0,0,0
5838,0,0,0,0,0,0
5844,0,0,0,0,0,0
5850,0,0,0,0,0,0
5859,0,0,0,0,0,0
5868,0,0,0,0,0,0
5876,0,0,0,0,0,0
5884,0,0,0,0,0,0
5892,0,0,0,0,0,0
5900,0,0,0,0,0,0
5908,0,0,0,0,0,0
5913,0,0,0,0,0,0
5920,0,0,0,0,0,0
5927,0,0,0,0,0,0
5936,0,0,0,0,0,0
5943,0,0,0,0,0,0
5950,0,0,0,0,0,0
5958,0,0,0,0,0,0
5966,0,0,0,0,0,0
5974,0,0,0,0,0,0
5982,0,0,0,0,0,0
5990,0,0,0,0,0,0
5998,0,0,0,0,0,0
6006,0,0,0,0,0,0
6014,0,0,0,0,0,0
6022,0,0,0,0,0,0
6030,0,0,0,0,0,0
6037,0,0,0,0,0,0
6045,0,0,0,0,0,0
6053,0,0,0,0,0,0
6061,0,0,0,0,0,0
6068,0,0,0,0,0,0
6076,0,0,0,0,0,0
6083,0,0,0,0,0,0
6091,0,0,0,0,0,0
6099,0,0,0,0,0,0
6107,0,0,0,0,0,0
6114,0,0,0,0,0,0
6121,0,0,0,0,0,0
6130,0,0,0,0,0,0
6137,0,0,0,0,0,0
6146,0,0,0,0,0,0
6153,0,0,0,0,0,0
6161,0,0,0,0,0,0
6168,0,0,0,0,0,0
6173,0,0,0,0,0,0
6181,0,0,0,0,0,0
6189,0,0,0,0,0,0
6197,0,0,0,0,0,0
6205,0,0,0,0,0,0
6210,0,0,0,0,0,0
6218,0,0,0,0,0,0
6227,0,0,0,0,0,0
6235,0,0,0,0,0,0
6243,0,0,0,0,0,0
6251,0,0,0,0,0,0
6259,0,0,0,0,0,0
6267,0,0,0,0,0,0
6273,0,0,0,0,0,0
6281,0,0,0,0,0,0
6289,0,0,0,0,0,0
6297,0,0,0,0,0,0
6304,0,0,0,0,0,0
6310,0,0,0,0,0,0
6320,0,0,0,0,0,0
6328,0,0,0,0,0,0
6336,0,0,0,0,0,0
6343,0,0,0,0,0,0
6353,0,0,0,0,0,0
6363,0,0,0,0,0,0
6368,0,0,0,0,0,0
6376,0,0,0,0,0,0
6384,0,0,0,0,0,0
6391,0,0,0,0,0,0
6399,0,0,0,0,0,0
6407,0,0,0,0,0,0
6415,0,0,0,0,0,0
6423,0,0,0,0,0,0
6431,0,0,0,0,0,0
6439,0,0,0,0,0,0
6447,0,0,0,0,0,0
6454,0,0,0,0,0,0
6462,0,0,0,0,0,0
6468,0,0,0,0,0,0
6476,0,0,0,0,0,0
6484,0,0,0,0,0,0
6491,0,0,0,0,0,0
6500,0,0,0,0,0,0
6509,0,0,0,0,0,0
6516,0,0,0,0,0,0
6524,0,0,0,0,0,0
6532,0,0,0,0,0,0
6540,0,0,0,0,0,0
6548,0,0,0,0,0,0
6556,0,0,0,0,0,0
6564,0,0,0,0,0,0
6571,0,0,0,0,0,0
6579,0,0,0,0,0,0
6587,0,0,0,0,0,0
6611,0,0,0,0,0,0
6635,0,0,0,0,0,0
6649,0,0,0,0,0,0
6665,0,0,0,0,0,0
6673,0,0,0,0,0,0
6681,0,0,0,0,0,0
6689,0,0,0,0,0,0
6697,0,0,0,0,0,0
6705,0,0,0,0,0,0
6712,0,0,0,0,0,0
6720,0,0,0,0,0,0
6728,0,0,0,0,0,0
6736,0,0,0,0,0,0
6744,0,0,0,0,0,0
6752,0,0,0,0,0,0
6760,0,0,0,0,0,0
6768,0,0,0,0,0,0
6772,0,0,0,0,0,0
6780,0,0,0,0,0,0
6788,0,0,0,0,0,0
6795,0,0,0,0,0,0
6803,0,0,0,0,0,0
6811,0,0,0,0,0,0
6819,0,0,0,0,0,0
6827,0,0,0,0,0,0
6835,0,0,0,0,0,0
6840,0,0,0,0,0,0
6851,0,0,0,0,0,0
6857,0,0,0,0,0,0
6865,0,0,0,0,0,0
6873,0,0,0,0,0,0
6881,0,0,0,0,0,0
6889,0,0,0,0,0,0
6897,0,0,0,0,0,0
6905,0,0,0,0,0,0
6913,0,0,0,0,0,0
6921,0,0,0,0,0,0
6930,0,0,0,0,0,0
6941,0,0,0,0,0,0
6947,0,0,0,0,0,0
6955,0,0,0,0,0,0
6963,0,0,0,0,0,0
6971,0,0,0,0,0,0
6979,0,0,0,0,0,0
6987,0,0,0,0,0,0
6995,0,0,0,0,0,0
7004,0,0,0,0,0,0
7013,0,0,0,0,0,0
7022,0,0,0,0,0,0
7029,0,0,0,0,0,0
7037,0,0,0,0,0,0
7045,0,0,0,0,0,0
7054,0,0,0,0,0,0
7062,0,0,0,0,0,0
7070,0,0,0,0,0,0
7077,0,0,0,0,0,0
7084,0,0,0,0,0,0
7092,0,0,0,0,0,0
7100,0,0,0,0,0,0
7108,0,0,0,0,0,0
7116,0,0,0,0,0,0
7124,0,0,0,0,0,0
7132,0,0,0,0,0,0
7140,0,0,0,0,0,0
7148,0,0,0,0,0,0
7156,0,0,0,0,0,0
7165,0,0,0,0,0,0
7174,0,0,0,0,0,0
7183,0,0,0,0,0,0
7191,0,0,0,0,0,0
7199,0,0,0,0,0,0
7207,0,0,0,0,0,0
7215,0,0,0,0,0,0
7223,0,0,0,0,0,0
7231,0,0,0,0,0,0
7239,0,0,0,0,0,0
7244,0,0,0,0,0,0
7252,0,0,0,0,0,0
7260,0,0,0,0,0,0
7266,0,0,0,0,0,0
7272,0,0,0,0,0,0
7281,0,0,0,0,0,0
7289,0,0,0,0,0,0
7297,0,0,0,0,0,0
7305,0,0,0,0,0,0
7313,0,0,0,0,0,0
7321,0,0,0,0,0,0
7327,0,0,0,0,0,0
7335,0,0,0,0,0,0
7343,0,0,0,0,0,0
7352,0,0,0,0,0,0
7360,0,0,0,0,0,0
7367,0,0,0,0,0,0
7376,0,0,0,0,0,0
7384,0,0,0,0,0,0
7390,0,0,0,0,0,0
7398,0,0,0,0,0,0
7406,0,0,0,0,0,0
7414,0,0,0,0,0,0
7422,0,0,0,0,0,0
7430,0,0,0,0,0,0
7438,0,0,0,0,0,0
7446,0,0,0,0,0,0
7452,0,0,0,0,0,0
7462,0,0,0,0,0,0
7472,0,0,0,0,0,0
7480,0,0,0,0,0,0
7490,0,0,0,0,0,0
7502,0,0,0,0,0,0
7505,0,0,0,0,0,0
7513,0,0,0,0,0,0
7521,0,0,0,0,0,0
7529,0,0,0,0,0,0
7537,0,0,0,0,0,0
7545,0,0,0,0,0,0
7552,0,0,0,0,0,0
7562,0,0,0,0,0,0
7570,0,0,0,0,0,0
7580,0,0,0,0,0,0
7589,0,0,0,0,0,0
7596,0,0,0,0,0,0
7607,0,0,0,0,0,0
7617,0,0,0,0,0,0
7625,0,0,0,0,0,0
7633,0,0,0,0,0,0
7640,0,0,0,0,0,0
7649,0,0,0,0,0,0
7655,0,0,0,0,0,0
7662,0,0,0,0,0,0
7670,0,0,0,0,0,0
7679,0,0,0,0,0,0
7688,0,0,0,0,0,0
7698,0,0,0,0,0,0
7703,0,0,0,0,0,0
7711,0,0,0,0,0,0
7719,0,0,0,0,0,0
7726,0,0,0,0,0,0
7734,0,0,0,0,0,0
7742,0,0,0,0,0,0
7750,0,0,0,0,0,0
7756,0,0,0,0,0,0
7764,0,0,0,0,0,0
7770,0,0,0,0,0,0
7778,0,0,0,0,0,0
7788,0,0,0,0,0,0
7795,0,0,0,0,0,0
7806,0,0,0,0,0,0
7812,0,0,0,0,0,0
7828,0,0,0,0,0,0
7837,0,0,0,0,0,0
7844,0,0,0,0,0,0
7853,0,0,0,0,0,0
7861,0,0,0,0,0,0
7869,0,0,0,0,0,0
7876,0,0,0,0,0,0
7884,0,0,0,0,0,0
7894,0,0,0,0,0,0
7901,0,0,0,0,0,0
7909,0,0,0,0,0,0
7917,0,0,0,0,0,0
7925,0,0,0,0,0,0
7938,0,0,0,0,0,0
7946,0,0,0,0,0,0
7954,0,0,0,0,0,0
7962,0,0,0,0,0,0
7971,0,0,0,0,0,0
7977,0,0,0,0,0,0
7985,0,0,0,0,0,0
7994,0,0,0,0,0,0
8001,0,0,0,0,0,0
8012,0,0,0,0,0,0
8018,0,0,0,0,0,0
8026,0,0,0,0,0,0
8033,0,0,0,0,0,0
8040,0,0,0,0,0,0
8049,0,0,0,0,0,0
8057,0,0,0,0,0,0
8065,0,0,0,0,0,0
8071,0,0,0,0,0,0
8079,0,0,0,0,0,0
8087,0,0,0,0,0,0
8095,0,0,0,0,0,0
8103,0,0,0,0,0,0
8110,0,0,0,0,0,0
8118,0,0,0,0,0,0
8126,0,0,0,0,0,0
8135,0,0,0,0,0,0
8143,0,0,0,0,0,0
8151,0,0,0,0,0,0
8159,0,0,0,0,0,0
8168,0,0,0,0,0,0
8176,0,0,0,0,0,0
8184,0,0,0,0,0,0
8190,0,0,0,0,0,0
8198,0,0,0,0,0,0
8206,0,0,0,0,0,0
8213,0,0,0,0,0,0
8223,0,0,0,0,0,0
8229,0,0,0,0,0,0
8235,0,0,0,0,0,0
8243,0,0,0,0,0,0
8251,0,0,0,0,0,0
8259,0,0,0,0,0,0
8267,0,0,0,0,0,0
8275,0,0,0,0,0,0
8283,0,0,0,0,0,0
8290,0,0,0,0,0,0
8298,0,0,0,0,0,0
8306,0,0,0,0,0,0
8314,0,0,0,0,0,0
8322,0,0,0,0,0,0
8330,0,0,0,0,0,0
8339,0,0,0,0,0,0
8347,0,0,0,0,0,0
8354,0,0,0,0,0,0
8363,0,0,0,0,0,0
8371,0,0,0,0,0,0
8379,0,0,0,0,0,0
8387,0,0,0,0,0,0
8395,0,0,0,0,0,0
8403,0,0,0,0,0,0
8410,0,0,0,0,0,0
8418,0,0,0,0,0,0
8426,0,0,0,0,0,0
8436,0,0,0,0,0,0
8442,0,0,0,0,0,0
8451,0,0,0,0,0,0
8459,0,0,0,0,0,0
8467,0,0,0,0,0,0
8475,0,0,0,0,0,0
8478,0,0,0,0,0,0
8486,0,0,0,0,0,0
8494,0,0,0,0,0,0
8502,0,0,0,0,0,0
8510,0,0,0,0,0,0
8518,0,0,0,0,0,0
8523,0,0,0,0,0,0
8532,0,0,0,0,0,0
8543,0,0,0,0,0,0
8550,0,0,0,0,0,0
8560,0,0,0,0,0,0
8584,0,0,0,0,0,0
8592,0,0,0,0,0,0
8600,0,0,0,0,0,0
8607,0,0,0,0,0,0
8612,0,0,0,0,0,0
8620,0,0,0,0,0,0
8628,0,0,0,0,0,0
8636,0,0,0,0,0,0
8644,0,0,0,0,0,0
8650,0,0,0,0,0,0
8658,0,0,0,0,0,0
8666,0,0,0,0,0,0
8674,0,0,0,0,0,0
8682,0,0,0,0,0,0
8688,0,0,0,0,0,0
8693,0,0,0,0,0,0
8701,0,0,0,0,0,0
8709,0,0,0,0,0,0
8717,0,0,0,0,0,0
8725,0,0,0,0,0,0
8731,0,0,0,0,0,0
8740,0,0,0,0,0,0
8749,0,0,0,0,0,0
8757,0,0,0,0,0,0
8765,0,0,0,0,0,0
8773,0,0,0,0,0,0
8781,0,0,0,0,0,0
8789,0,0,0,0,0,0
8797,0,0,0,0,0,0
8802,0,0,0,0,0,0
8810,0,0,0,0,0,0
8817,0,0,0,0,0,0
8825,0,0,0,0,0,0
8833,0,0,0,0,0,0
8841,0,0,0,0,0,0
8849,0,0,0,0,0,0
8857,0,0,0,0,0,0
8865,0,0,0,0,0,0
8873,0,0,0,0,0,0
8881,0,0,0,0,0,0
8889,0,0,0,0,0,0
8897,0,0,0,0,0,0
8905,0,0,0,0,0,0
8911,0,0,0,0,0,0
8919,0,0,0,0,0,0
8927,0,0,0,0,0,0
8934,0,0,0,0,0,0
8942,0,0,0,0,0,0
8950,0,0,0,0,0,0
8958,0,0,0,0,0,0
8966,0,0,0,0,0,0
8974,0,0,0,0,0,0
8981,0,0,0,0,0,0
8989,0,0,0,0,0,0
8997,0,0,0,0,0,0
9005,0,0,0,0,0,0
9013,0,0,0,0,0,0
9021,0,0,0,0,0,0
9029,0,0,0,0,0,0
9037,0,0,0,0,0,0
9045,0,0,0,0,0,0
9052,0,0,0,0,0,0
9060,0,0,0,0,0,0
9067,0,0,0,0,0,0
9075,0,0,0,0,0,0
9080,0,0,0,0,0,0
9088,0,0,0,0,0,0
9096,0,0,0,0,0,0
9104,0,0,0,0,0,0
9112,0,0,0,0,0,0
9118,0,0,0,0,0,0
9128,0,0,0,0,0,0
9136,0,0,0,0,0,0
9144,0,0,0,0,0,0
9152,0,0,0,0,0,0
9160,0,0,0,0,0,0
9169,0,0,0,0,0,0
9177,0,0,0,0,0,0
9185,0,0,0,0,0,0
9193,0,0,0,0,0,0
9201,0,0,0,0,0,0
9205,0,0,0,0,0,0
9213,0,0,0,0,0,0
9221,0,0,0,0,0,0
9229,0,0,0,0,0,0
9235,0,0,0,0,0,0
9243,0,0,0,0,0,0
9251,0,0,0,0,0,0
9259,0,0,0,0,0,0
9267,0,0,0,0,0,0
9275,0,0,0,0,0,0
9283,0,0,0,0,0,0
9291,0,0,0,0,0,0
9299,0,0,0,0,0,0
9307,0,0,0,0,0,0
9315,0,0,0,0,0,0
9323,0,0,0,0,0,0
9331,0,0,0,0,0,0
9339,0,0,0,0,0,0
9347,0,0,0,0,0,0
9355,0,0,0,0,0,0
9363,0,0,0,0,0,0
9370,0,0,0,0,0,0
9377,0,0,0,0,0,0
9386,0,0,0,0,0,0
9395,0,0,0,0,0,0
9402,0,0,0,0,0,0
9410,0,0,0,0,0,0
9417,0,0,0,0,0,0
9422,0,0,0,0,0,0
9430,0,0,0,0,0,0
9438,0,0,0,0,0,0
9446,0,0,0,0,0,0
9454,0,0,0,0,0,0
9462,0,0,0,0,0,0
9470,0,0,0,0,0,0
9478,0,0,0,0,0,0
9484,0,0,0,0,0,0
9490,0,0,0,0,0,0
9498,0,0,0,0,0,0
9506,0,0,0,0,0,0
9514,0,0,0,0,0,0
9522,0,0,0,0,0,0
9530,0,0,0,0,0,0
9546,0,0,0,0,0,0
9554,0,0,0,0,0,0
9560,0,0,0,0,0,0
9567,0,0,0,0,0,0
9573,0,0,0,0,0,0
9582,0,0,0,0,0,0
9592,0,0,0,0,0,0
9599,0,0,0,0,0,0
9612,0,0,0,0,0,0
9628,0,0,0,0,0,0
9643,0,0,0,0,0,0
9651,0,0,0,0,0,0
9667,0,0,0,0,0,0
9675,0,0,0,0,0,0
9690,0,0,0,0,0,0
9698,0,0,0,0,0,0
9706,0,0,0,0,0,0
9714,0,0,0,0,0,0
9721,0,0,0,0,0,0
9728,0,0,0,0,0,0
9736,0,0,0,0,0,0
9744,0,0,0,0,0,0
9752,0,0,0,0,0,0
9760,0,0,0,0,0,0
9768,0,0,0,0,0,0
9777,0,0,0,0,0,0
9783,0,0,0,0,0,0
9791,0,0,0,0,0,0
9799,0,0,0,0,0,0
9806,0,0,0,0,0,0
9814,0,0,0,0,0,0
9822,0,0,0,0,0,0
9829,0,0,0,0,0,0
9837,0,0,0,0,0,0
9845,0,0,0,0,0,0
9853,0,0,0,0,0,0
9861,0,0,0,0,0,0
9869,0,0,0,0,0,0
9878,0,0,0,0,0,0
9886,0,0,0,0,0,0
9893,0,0,0,0,0,0
9902,0,0,0,0,0,0
9910,0,0,0,0,0,0
9918,0,0,0,0,0,0
9926,0,0,0,0,0,0
9934,0,0,0,0,0,0
9942,0,0,0,0,0,0
9950,0,0,0,0,0,0
9957,0,0,0,0,0,0
9965,0,0,0,0,0,0
9980,0,0,0,0,0,0
9987,0,0,0,0,0,0
9995,0,0,0,0,0,0
10003,0,0,0,0,0,0
10011,0,0,0,0,0,0
10018,0,0,0,0,0,0
10026,0,0,0,0,0,0
10034,0,0,0,0,0,0
10042,0,0,0,0,0,0
10050,0,0,0,0,0,0
10058,0,0,0,0,0,0
10065,0,0,0,0,0,0
10072,0,0,0,0,0,0
10081,0,0,0,0,0,0
10093,0,0,0,0,0,0
10100,0,0,0,0,0,0
10109,0,0,0,0,0,0
10116,0,0,0,0,0,0
10124,0,0,0,0,0,0
10132,0,0,0,0,0,0
10140,0,0,0,0,0,0
10148,0,0,0,0,0,0
10156,0,0,0,0,0,0
10164,0,0,0,0,0,0
10169,0,0,0,0,0,0
10177,0,0,0,0,0,0
10185,0,0,0,0,0,0
10192,0,0,0,0,0,0
10199,0,0,0,0,0,0
10209,0,0,0,0,0,0
10217,0,0,0,0,0,0
10226,0,0,0,0,0,0
10234,0,0,0,0,0,0
10241,0,0,0,0,0,0
10249,0,0,0,0,0,0
10257,0,0,0,0,0,0
10265,0,0,0,0,0,0
10273,0,0,0,0,0,0
10280,0,0,0,0,0,0
10288,0,0,0,0,0,0
10297,0,0,0,0,0,0
10307,0,0,0,0,0,0
10316,0,0,0,0,0,0
10325,0,0,0,0,0,0
10333,0,0,0,0,0,0
10340,0,0,0,0,0,0
10348,0,0,0,0,0,0
10356,0,0,0,0,0,0
10364,0,0,0,0,0,0
10372,0,0,0,0,0,0
10378,0,0,0,0,0,0
10387,0,0,0,0,0,0
10398,0,0,0,0,0,0
10403,0,0,0,0,0,0
10411,0,0,0,0,0,0
10419,0,0,0,0,0,0
10423,0,0,0,0,0,0
10430,0,0,0,0,0,0
10440,0,0,0,0,0,0
10448,0,0,0,0,0,0
10457,0,0,0,0,0,0
10466,0,0,0,0,0,0
10475,0,0,0,0,0,0
10481,0,0,0,0,0,0
10489,0,0,0,0,0,0
10494,0,0,0,0,0,0
10505,0,0,0,0,0,0
10517,0,0,0,0,0,0
10522,0,0,0,0,0,0
10533,0,0,0,0,0,0
10541,0,0,0,0,0,0
10549,0,0,0,0,0,0
10557,0,0,0,0,0,0
10561,0,0,0,0,0,0
10570,0,0,0,0,0,0
10578,0,0,0,0,0,0
10585,0,0,0,0,0,0
10595,0,0,0,0,0,0
10603,0,0,0,0,0,0
10612,0,0,0,0,0,0
10643,0,0,0,0,0,0
10651,0,0,0,0,0,0
10659,0,0,0,0,0,0
10667,0,0,0,0,0,0
10675,0,0,0,0,0,0
10683,0,0,0,0,0,0
10699,0,0,0,0,0,0
10707,0,0,0,0,0,0
10715,0,0,0,0,0,0
10723,0,0,0,0,0,0
10730,0,0,0,0,0,0
10745,0,0,0,0,0,0
10753,0,0,0,0,0,0
10761,0,0,0,0,0,0
10769,0,0,0,0,0,0
10778,0,0,0,0,0,0
10786,0,0,0,0,0,0
10794,0,0,0,0,0,0
10802,0,0,0,0,0,0
10810,0,0,0,0,0,0
10818,0,0,0,0,0,0
10830,0,0,0,0,0,0
10837,0,0,0,0,0,0
10844,0,0,0,0,0,0
10852,0,0,0,0,0,0
10858,0,0,0,0,0,0
10866,0,0,0,0,0,0
10873,0,0,0,0,0,0
10881,0,0,0,0,0,0
10889,0,0,0,0,0,0
10897,0,0,0,0,0,0
10905,0,0,0,0,0,0
10913,0,0,0,0,0,0
10920,0,0,0,0,0,0
10928,0,0,0,0,0,0
10934,0,0,0,0,0,0
10942,0,0,0,0,0,0
10950,0,0,0,0,0,0
10957,0,0,0,0,0,0
10966,0,0,0,0,0,0
10973,0,0,0,0,0,0
10981,0,0,0,0,0,0
10989,0,0,0,0,0,0
10999,0,0,0,0,0,0
11006,0,0,0,0,0,0
11014,0,0,0,0,0,0
11022,0,0,0,0,0,0
11029,0,0,0,0,0,0
11037,0,0,0,0,0,0
11044,0,0,0,0,0,0
11052,0,0,0,0,0,0
11060,0,0,0,0,0,0
11068,0,0,0,0,0,0
11076,0,0,0,0,0,0
11084,0,0,0,0,0,0
11091,0,0,0,0,0,0
11097,0,0,0,0,0,0
11105,0,0,0,0,0,0
11113,0,0,0,0,0,0
11121,0,0,0,0,0,0
11129,0,0,0,0,0,0
11138,0,0,0,0,0,0
11145,0,0,0,0,0,0
11151,0,0,0,0,0,0
11159,0,0,0,0,0,0
11167,0,0,0,0,0,0
11175,0,0,0,0,0,0
11182,0,0,0,0,0,0
11190,0,0,0,0,0,0
11197,0,0,0,0,0,0
11205,0,0,0,0,0,0
11213,0,0,0,0,0,0
11221,0,0,0,0,0,0
11229,0,0,0,0,0,0
11236,0,0,0,0,0,0
11244,0,0,0,0,0,0
11252,0,0,0,0,0,0
11261,0,0,0,0,0,0
11270,0,0,0,0,0,0
11281,0,0,0,0,0,0
11288,0,0,0,0,0,0
11297,0,0,0,0,0,0
11305,0,0,0,0,0,0
11314,0,0,0,0,0,0
11322,0,0,0,0,0,0
11330,0,0,0,0,0,0
11338,0,0,0,0,0,0
11346,0,0,0,0,0,0
11354,0,0,0,0,0,0
11358,0,0,0,0,0,0
11367,0,0,0,0,0,0
11375,0,0,0,0,0,0
11383,0,0,0,0,0,0
11391,0,0,0,0,0,0
11393,0,0,0,0,0,0
11401,0,0,0,0,0,0
11409,0,0,0,0,0,0
11417,0,0,0,0,0,0
11425,0,0,0,0,0,0
11431,0,0,0,0,0,0
11440,0,0,0,0,0,0
11449,0,0,0,0,0,0
11459,0,0,0,0,0,0
11469,0,0,0,0,0,0
11475,0,0,0,0,0,0
11516,0,0,0,0,0,0
11523,0,0,0,0,0,0
11535,0,0,0,0,0,0
11544,0,0,0,0,0,0
11552,0,0,0,0,0,0
11560,0,0,0,0,0,0
11565,0,0,0,0,0,0
11582,0,0,0,0,0,0
11590,0,0,0,0,0,0
11597,0,0,0,0,0,0
11605,0,0,0,0,0,0
11611,0,0,0,0,0,0
11620,0,0,0,0,0,0
11628,0,0,0,0,0,0
11638,0,0,0,0,0,0
11647,0,0,0,0,0,0
11655,0,0,0,0,0,0
11663,0,0,0,0,0,0
11671,0,0,0,0,0,0
11679,0,0,0,0,0,0
11686,0,0,0,0,0,0
11694,0,0,0,0,0,0
11701,0,0,0,0,0,0
11708,0,0,0,0,0,0
11716,0,0,0,0,0,0
11724,0,0,0,0,0,0
11732,0,0,0,0,0,0
11740,0,0,0,0,0,0
11748,0,0,0,0,0,0
11755,0,0,0,0,0,0
11763,0,0,0,0,0,0
11771,0,0,0,0,0,0
11779,0,0,0,0,0,0
11787,0,0,0,0,0,0
11794,0,0,0,0,0,0
11802,0,0,0,0,0,0
11809,0,0,0,0,0,0
11817,0,0,0,0,0,0
11825,0,0,0,0,0,0
11833,0,0,0,0,0,0
11841,0,0,0,0,0,0
11849,0,0,0,0,0,0
11857,0,0,0,0,0,0
11865,0,0,0,0,0,0
11873,0,0,0,0,0,0
11881,0,0,0,0,0,0
11888,0,0,0,0,0,0
11896,0,0,0,0,0,0
11904,0,0,0,0,0,0
11911,0,0,0,0,0,0
11919,0,0,0,0,0,0
11927,0,0,0,0,0,0
11935,0,0,0,0,0,0
11943,0,0,0,0,0,0
11951,0,0,0,0,0,0
11959,0,0,0,0,0,0
11967,0,0,0,0,0,0
11975,0,0,0,0,0,0
11983,0,0,0,0,0,0
11991,0,0,0,0,0,0
11996,0,0,0,0,0,0
12004,0,0,0,0,0,0
12012,0,0,0,0,0,0
12020,0,0,0,0,0,0
12028,0,0,0,0,0,0
12033,0,0,0,0,0,0
12042,0,0,0,0,0,0
12050,0,0,0,0,0,0
12058,0,0,0,0,0,0
12066,0,0,0,0,0,0
12074,0,0,0,0,0,0
12081,0,0,0,0,0,0
12089,0,0,0,0,0,0
12097,0,0,0,0,0,0
12105,0,0,0,0,0,0
12114,0,0,0,0,0,0
12122,0,0,0,0,0,0
12130,0,0,0,0,0,0
12138,0,0,0,0,0,0
12146,0,0,0,0,0,0
12154,0,0,0,0,0,0
12161,0,0,0,0,0,0
12170,0,0,0,0,0,0
12178,0,0,0,0,0,0
12185,0,0,0,0,0,0
12193,0,0,0,0,0,0
12202,0,0,0,0,0,0
12210,0,0,0,0,0,0
12217,0,0,0,0,0,0
12225,0,0,0,0,0,0
12232,0,0,0,0,0,0
12241,0,0,0,0,0,0
12250,0,0,0,0,0,0
12260,0,0,0,0,0,0
12268,0,0,0,0,0,0
12276,0,0,0,0,0,0
12284,0,0,0,0,0,0
12292,0,0,0,0,0,0
12300,0,0,0,0,0,0
12308,0,0,0,0,0,0
12316,0,0,0,0,0,0
12324,0,0,0,0,0,0
12332,0,0,0,0,0,0
12339,0,0,0,0,0,0
12347,0,0,0,0,0,0
12355,0,0,0,0,0,0
12363,0,0,0,0,0,0
12371,0,0,0,0,0,0
12379,0,0,0,0,0,0
12387,0,0,0,0,0,0
12395,0,0,0,0,0,0
12403,0,0,0,0,0,0
12411,0,0,0,0,0,0
12418,0,0,0,0,0,0
12432,0,0,0,0,0,0
12440,0,0,0,0,0,0
12450,0,0,0,0,0,0
12455,0,0,0,0,0,0
12463,0,0,0,0,0,0
12479,0,0,0,0,0,0
12487,0,0,0,0,0,0
12495,0,0,0,0,0,0
12503,0,0,0,0,0,0
12511,0,0,0,0,0,0
12519,0,0,0,0,0,0
12527,0,0,0,0,0,0
12535,0,0,0,0,0,0
12552,0,0,0,0,0,0
12559,0,0,0,0,0,0
12567,0,0,0,0,0,0
12583,0,0,0,0,0,0
12591,0,0,0,0,0,0
12597,0,0,0,0,0,0
12605,0,0,0,0,0,0
12615,0,0,0,0,0,0
12623,0,0,0,0,0,0
12632,0,0,0,0,0,0
12641,0,0,0,0,0,0
12657,0,0,0,0,0,0
12663,0,0,0,0,0,0
12683,0,0,0,0,0,0
12690,0,0,0,0,0,0
12698,0,0,0,0,0,0
12706,0,0,0,0,0,0
12714,0,0,0,0,0,0
12722,0,0,0,0,0,0
12730,0,0,0,0,0,0
12738,0,0,0,0,0,0
12745,0,0,0,0,0,0
12752,0,0,0,0,0,0
12760,0,0,0,0,0,0
12768,0,0,0,0,0,0
12776,0,0,0,0,0,0
12784,0,0,0,0,0,0
12793,0,0,0,0,0,0
12799,0,0,0,0,0,0
12807,0,0,0,0,0,0
12815,0,0,0,0,0,0
12823,0,0,0,0,0,0
12831,0,0,0,0,0,0
12839,0,0,0,0,0,0
12847,0,0,0,0,0,0
12855,0,0,0,0,0,0
12862,0,0,0,0,0,0
12870,0,0,0,0,0,0
12882,0,0,0,0,0,0
12891,0,0,0,0,0,0
12899,0,0,0,0,0,0
12905,0,0,0,0,0,0
12914,0,0,0,0,0,0
12922,0,0,0,0,0,0
12930,0,0,0,0,0,0
12938,0,0,0,0,0,0
12946,0,0,0,0,0,0
12953,0,0,0,0,0,0
12961,0,0,0,0,0,0
12969,0,0,0,0,0,0
12977,0,0,0,0,0,0
12985,0,0,0,0,0,0
12993,0,0,0,0,0,0
13001,0,0,0,0,0,0
13010,0,0,0,0,0,0
13017,0,0,0,0,0,0
13024,0,0,0,0,0,0
13031,0,0,0,0,0,0
13039,0,0,0,0,0,0
13047,0,0,0,0,0,0
13055,0,0,0,0,0,0
13063,0,0,0,0,0,0
13071,0,0,0,0,0,0
13077,0,0,0,0,0,0
13085,0,0,0,0,0,0
13093,0,0,0,0,0,0
13101,0,0,0,0,0,0
13109,0,0,0,0,0,0
13116,0,0,0,0,0,0
13122,0,0,0,0,0,0
13130,0,0,0,0,0,0
13138,0,0,0,0,0,0
13146,0,0,0,0,0,0
13154,0,0,0,0,0,0
13162,0,0,0,0,0,0
13170,0,0,0,0,0,0
13177,0,0,0,0,0,0
13185,0,0,0,0,0,0
13193,0,0,0,0,0,0
13201,0,0,0,0,0,0
13209,0,0,0,0,0,0
13217,0,0,0,0,0,0
13224,0,0,0,0,0,0
13232,0,0,0,0,0,0
13240,0,0,0,0,0,0
13248,0,0,0,0,0,0
13256,0,0,0,0,0,0
13264,0,0,0,0,0,0
13272,0,0,0,0,0,0
13280,0,0,0,0,0,0
13288,0,0,0,0,0,0
13294,0,0,0,0,0,0
13304,0,0,0,0,0,0
13314,0,0,0,0,0,0
13319,0,0,0,0,0,0
13327,0,0,0,0,0,0
13335,0,0,0,0,0,0
13340,0,0,0,0,0,0
13347,0,0,0,0,0,0
13356,0,0,0,0,0,0
13365,0,0,0,0,0,0
13371,0,0,0,0,0,0
13379,0,0,0,0,0,0
13387,0,0,0,0,0,0
13395,0,0,0,0,0,0
13408,0,0,0,0,0,0
13420,0,0,0,0,0,0
13433,0,0,0,0,0,0
13438,0,0,0,0,0,0
13450,0,0,0,0,0,0
13458,0,0,0,0,0,0
13466,0,0,0,0,0,0
13473,0,0,0,0,0,0
13503,0,0,0,0,0,0
13510,0,0,0,0,0,0
13536,0,0,0,0,0,0
13547,0,0,0,0,0,0
13557,0,0,0,0,0,0
13565,0,0,0,0,0,0
13573,0,0,0,0,0,0
13580,0,0,0,0,0,0
13590,0,0,0,0,0,0
13596,0,0,0,0,0,0
13604,0,0,0,0,0,0
13612,0,0,0,0,0,0
13620,0,0,0,0,0,0
13629,0,0,0,0,0,0
13638,0,0,0,0,0,0
13643,0,0,0,0,0,0
13651,0,0,0,0,0,0
13659,0,0,0,0,0,0
13667,0,0,0,0,0,0
13675,0,0,0,0,0,0
13681,0,0,0,0,0,0
13689,0,0,0,0,0,0
13697,0,0,0,0,0,0
13705,0,0,0,0,0,0
13712,0,0,0,0,0,0
13720,0,0,0,0,0,0
13727,0,0,0,0,0,0
13733,0,0,0,0,0,0
13740,0,0,0,0,0,0
13749,0,0,0,0,0,0
13757,0,0,0,0,0,0
13769,0,0,0,0,0,0
13777,0,0,0,0,0,0
13785,0,0,0,0,0,0
13793,0,0,0,0,0,0
13801,0,0,0,0,0,0
13809,0,0,0,0,0,0
13817,0,0,0,0,0,0
13827,0,0,0,0,0,0
13835,0,0,0,0,0,0
13843,0,0,0,0,0,0
13851,0,0,0,0,0,0
13861,0,0,0,0,0,0
13874,0,0,0,0,0,0
13880,0,0,0,0,0,0
13888,0,0,0,0,0,0
13896,0,0,0,0,0,0
13905,0,0,0,0,0,0
13913,0,0,0,0,0,0
13921,0,0,0,0,0,0
13929,0,0,0,0,0,0
13937,0,0,0,0,0,0
13945,0,0,0,0,0,0
13963,0,0,0,0,0,0
13971,0,0,0,0,0,0
13978,0,0,0,0,0,0
13986,0,0,0,0,0,0
13994,0,0,0,0,0,0
14002,0,0,0,0,0,0
14010,0,0,0,0,0,0
14018,0,0,0,0,0,0
14026,0,0,0,0,0,0
14033,0,0,0,0,0,0
14042,0,0,0,0,0,0
14050,0,0,0,0,0,0
14058,0,0,0,0,0,0
14066,0,0,0,0,0,0
14074,0,0,0,0,0,0
14082,0,0,0,0,0,0
14089,0,0,0,0,0,0
14097,0,0,0,0,0,0
14105,0,0,0,0,0,0
14113,0,0,0,0,0,0
14121,0,0,0,0,0,0
14129,0,0,0,0,0,0
14137,0,0,0,0,0,0
14145,0,0,0,0,0,0
14153,0,0,0,0,0,0
14161,0,0,0,0,0,0
14169,0,0,0,0,0,0
14176,0,0,0,0,0,0
14183,0,0,0,0,0,0
14191,0,0,0,0,0,0
14199,0,0,0,0,0,0
14207,0,0,0,0,0,0
14215,0,0,0,0,0,0
14223,0,0,0,0,0,0
14230,0,0,0,0,0,0
14238,0,0,0,0,0,0
14246,0,0,0,0,0,0
14254,0,0,0,0,0,0
14262,0,0,0,0,0,0
14270,0,0,0,0,0,0
14278,0,0,0,0,0,0
14285,0,0,0,0,0,0
14294,0,0,0,0,0,0
14306,0,0,0,0,0,0
14313,0,0,0,0,0,0
14318,0,0,0,0,0,0
14326,0,0,0,0,0,0
14334,0,0,0,0,0,0
14342,0,0,0,0,0,0
14350,0,0,0,0,0,0
14357,0,0,0,0,0,0
14365,0,0,0,0,0,0
14375,0,0,0,0,0,0
14383,0,0,0,0,0,0
14392,0,0,0,0,0,0
14404,0,0,0,0,0,0
14410,0,0,0,0,0,0
14422,0,0,0,0,0,0
14428,0,0,0,0,0,0
14438,0,0,0,0,0,0
14448,0,0,0,0,0,0
14459,0,0,0,0,0,0
14467,0,0,0,0,0,0
14474,0,0,0,0,0,0
14483,0,0,0,0,0,0
14493,0,0,0,0,0,0
14499,0,0,0,0,0,0
14509,0,0,0,0,0,0
14519,0,0,0,0,0,0
14530,0,0,0,0,0,0
14536,0,0,0,0,0,0
14544,0,0,0,0,0,0
14553,0,0,0,0,0,0
14562,0,0,0,0,0,0
14571,0,0,0,0,0,0
14580,0,0,0,0,0,0
14589,0,0,0,0,0,0
14598,0,0,0,0,0,0
14607,0,0,0,0,0,0
14616,0,0,0,0,0,0
14629,0,0,0,0,0,0
14634,0,0,0,0,0,0
14642,0,0,0,0,0,0
14650,0,0,0,0,0,0
14658,0,0,0,0,0,0
14666,0,0,0,0,0,0
14674,0,0,0,0,0,0
14682,0,0,0,0,0,0
14689,0,0,0,0,0,0
14696,0,0,0,0,0,0
14704,0,0,0,0,0,0
14712,0,0,0,0,0,0
14720,0,0,0,0,0,0
14727,0,0,0,0,0,0
14736,0,0,0,0,0,0
14744,0,0,0,0,0,0
14752,0,0,0,0,0,0
14760,0,0,0,0,0,0
14768,0,0,0,0,0,0
14776,0,0,0,0,0,0
14784,0,0,0,0,0,0
14791,0,0,0,0,0,0
14798,0,0,0,0,0,0
14806,0,0,0,0,0,0
14814,0,0,0,0,0,0
14823,0,0,0,0,0,0
14832,0,0,0,0,0,0
14840,0,0,0,0,0,0
14848,0,0,0,0,0,0
14856,0,0,0,0,0,0
14864,0,0,0,0,0,0
14872,0,0,0,0,0,0
14880,0,0,0,0,0,0
14885,0,0,0,0,0,0
14893,0,0,0,0,0,0
14901,0,0,0,0,0,0
14909,0,0,0,0,0,0
14918,0,0,0,0,0,0
14926,0,0,0,0,0,0
14933,0,0,0,0,0,0
14943,0,0,0,0,0,0
14949,0,0,0,0,0,0
14957,0,0,0,0,0,0
14965,0,0,0,0,0,0
14972,0,0,0,0,0,0
14980,0,0,0,0,0,0
14988,0,0,0,0,0,0
14996,0,0,0,0,0,0
15004,0,0,0,0,0,0
15012,0,0,0,0,0,0
15020,0,0,0,0,0,0
15028,0,0,0,0,0,0
15036,0,0,0,0,0,0
15044,0,0,0,0,0,0
15051,0,0,0,0,0,0
15056,0,0,0,0,0,0
15064,0,0,0,0,0,0
15072,0,0,0,0,0,0
15080,0,0,0,0,0,0
15088,0,0,0,0,0,0
15096,0,0,0,0,0,0
15104,0,0,0,0,0,0
15112,0,0,0,0,0,0
15120,0,0,0,0,0,0
15128,0,0,0,0,0,0
15136,0,0,0,0,0,0
15144,0,0,0,2,1,0
15151,0,0,0,0,0,0
15157,0,0,0,0,0,0
15166,0,0,0,0,0,0
15176,0,0,0,0,0,0
15184,0,0,0,0,0,0
15192,0,0,0,0,0,0
15200,0,0,0,0,0,0
15208,0,0,0,0,0,0
15216,0,0,0,0,0,0
15224,0,0,0,0,0,0
15232,0,0,0,0,0,0
15240,0,0,0,0,0,0
15245,0,0,0,0,0,0
15253,0,0,0,0,0,0
15261,0,0,0,0,0,0
15269,0,0,0,0,0,0
15277,0,0,0,0,0,0
15286,0,0,0,0,0,0
15294,0,0,0,0,0,0
15302,0,0,0,0,0,0
15310,0,0,0,0,0,0
15314,0,0,0,0,0,0
15322,0,0,0,0,0,0
15330,0,0,0,0,0,0
15338,0,0,0,0,0,0
15344,0,0,0,0,0,0
15354,0,0,0,0,0,0
15363,0,0,0,0,0,0
15370,0,0,0,0,0,0
15386,0,0,0,0,0,0
15395,0,0,0,0,0,0
15402,0,0,0,0,0,0
15410,0,0,0,0,0,0
15418,0,0,0,0,0,0
15431,0,0,0,0,0,0
15439,0,0,0,0,0,0
15463,0,0,0,0,0,0
15480,0,0,0,0,0,0
15488,0,0,0,0,0,0
15504,0,0,0,0,0,0
15511,0,0,0,0,0,0
15519,0,0,0,0,0,0
15527,0,0,0,0,0,0
15535,0,0,0,0,0,0
15543,0,0,0,0,0,0
15551,0,0,0,0,0,0
15558,0,0,0,0,0,0
15565,0,0,0,0,0,0
15572,0,0,0,0,0,0
15582,0,0,0,0,0,0
15590,0,0,0,0,0,0
15608,0,0,0,0,0,0
15616,0,0,0,0,0,0
15624,0,0,0,0,0,0
15632,0,0,0,0,0,0
15640,0,0,0,0,0,0
15648,0,0,0,0,0,0
15656,0,0,0,0,0,0
15664,0,0,0,0,0,0
15672,0,0,0,0,0,0
15689,0,0,0,0,0,0
15696,0,0,0,0,0,0
15708,0,0,0,0,0,0
15716,0,0,0,0,0,0
15726,0,0,0,0,0,0
15733,0,0,0,0,0,0
15741,0,0,0,0,0,0
15749,0,0,0,0,0,0
15757,0,0,0,0,0,0
15765,0,0,0,0,0,0
15772,0,0,0,0,0,0
15778,0,0,0,0,0,0
15786,0,0,0,0,0,0
15796,0,0,0,0,0,0
15807,0,0,0,0,0,0
15822,0,0,0,0,0,0
15830,0,0,0,0,0,0
15838,0,0,0,0,0,0
15846,0,0,0,0,0,0
15854,0,0,0,0,0,0
15862,0,0,0,0,0,0
15868,0,0,0,0,0,0
15875,0,0,0,0,0,0
15883,0,0,0,0,0,0
15891,0,0,0,0,0,0
15899,0,0,0,0,0,0
15907,0,0,0,0,0,0
15917,0,0,0,0,0,0
15928,0,0,0,0,0,0
15933,0,0,0,0,0,0
15939,0,0,0,0,0,0
15949,0,0,0,0,0,0
15959,0,0,0,0,0,0
15967,0,0,0,0,0,0
15976,0,0,0,0,0,0
15985,0,0,0,0,0,0
15993,0,0,0,0,0,0
16001,0,0,0,0,0,0
16009,0,0,0,0,0,0
16017,0,0,0,0,0,0
16025,0,0,0,0,0,0
16032,0,0,0,0,0,0
16039,0,0,0,0,0,0
16046,0,0,0,0,0,0
16054,0,0,0,0,0,0
16062,0,0,0,0,0,0
16070,0,0,0,0,0,0
16078,0,0,0,0,0,0
16086,0,0,0,0,0,0
16094,0,0,0,0,0,0
16102,0,0,0,0,0,0
16110,0,0,0,0,0,0
16118,0,0,0,0,0,0
16126,0,0,0,0,0,0
16134,0,0,0,0,0,0
16142,0,0,0,0,0,0
16150,0,0,0,0,0,0
16159,0,0,0,0,0,0
16166,0,0,0,0,0,0
16174,0,0,0,0,0,0
16183,0,0,0,0,0,0
16194,0,0,0,0,0,0
16200,0,0,0,0,0,0
16208,0,0,0,0,0,0
16216,0,0,0,0,0,0
16225,0,0,0,0,0,0
16233,0,0,0,0,0,0
16240,0,0,0,0,0,0
16247,0,0,0,0,0,0
16259,0,0,0,0,0,0
16266,0,0,0,0,0,0
16271,0,0,0,0,0,0
16279,0,0,0,0,0,0
16287,0,0,0,0,0,0
16295,0,0,0,0,0,0
16303,0,0,0,0,0,0
16308,0,0,0,0,0,0
16318,0,0,0,0,0,0
16327,0,0,0,0,0,0
16337,0,0,0,0,0,0
16349,0,0,0,0,0,0
16354,0,0,0,0,0,0
16366,0,0,0,0,0,0
16374,0,0,0,0,0,0
16379,0,0,0,0,0,0
16387,0,0,0,0,0,0
16411,0,0,0,0,0,0
16419,0,0,0,0,0,0
16423,0,0,0,0,0,0
16439,0,0,0,0,0,0
16447,0,0,0,0,0,0
16454,0,0,0,0,0,0
16464,0,0,0,0,0,0
16469,0,0,0,0,0,0
16477,0,0,0,0,0,0
16485,0,0,0,0,0,0
16493,0,0,0,0,0,0
16501,0,0,0,0,0,0
16509,0,0,0,0,0,0
16517,0,0,0,0,0,0
16532,0,0,0,0,0,0
16540,0,0,0,0,0,0
16548,0,0,0,0,0,0
16556,0,0,0,0,0,0
16568,0,0,0,0,0,0
16576,0,0,0,0,0,0
16583,0,0,0,0,0,0
16592,0,0,0,0,0,0
16600,0,0,0,0,0,0
16608,0,0,0,0,0,0
16615,0,0,0,0,0,0
16621,0,0,0,0,0,0
16629,0,0,0,0,0,0
16637,0,0,0,0,0,0
16643,0,0,0,0,0,0
16649,0,0,0,0,0,0
16658,0,0,0,0,0,0
16665,0,0,0,0,0,0
16673,0,0,0,0,0,0
16687,0,0,0,0,0,0
16694,0,0,0,0,0,0
16702,0,0,0,0,0,0
16710,0,0,0,0,0,0
16718,0,0,0,0,0,0
16726,0,0,0,0,0,0
16734,0,0,0,0,0,0
16758,0,0,0,0,0,0
16766,0,0,0,0,0,0
16775,0,0,0,0,0,0
16782,0,0,0,0,0,0
16789,0,0,0,0,0,0
16799,0,0,0,0,0,0
16808,0,0,0,0,0,0
16816,0,0,0,0,0,0
16823,0,0,0,0,0,0
16832,0,0,0,0,0,0
16839,0,0,0,0,0,0
16847,0,0,0,0,0,0
16854,0,0,0,0,0,0
16861,0,0,0,0,0,0
16884,0,0,0,0,0,0
16892,0,0,0,0,0,0
16900,0,0,0,0,0,0
16905,0,0,0,0,0,0
16911,0,0,0,0,0,0
16919,0,0,0,0,0,0
16927,0,0,0,0,0,0
16935,0,0,0,0,0,0
16943,0,0,0,0,0,0
16952,0,0,0,0,0,0
16960,0,0,0,0,0,0
16968,0,0,0,0,0,0
16984,0,0,0,0,0,0
16992,0,0,0,0,0,0
17000,0,0,0,0,0,0
17008,0,0,0,0,0,0
17016,0,0,0,0,0,0
17024,0,0,0,0,0,0
17032,0,0,0,0,0,0
17040,0,0,0,0,0,0
17048,0,0,0,0,0,0
17056,0,0,0,0,0,0
17064,0,0,0,0,0,0
17072,0,0,0,0,0,0
17080,0,0,0,0,0,0
17088,0,0,0,0,0,0
17096,0,0,0,0,0,0
17104,0,0,0,0,0,0
17112,0,0,0,0,0,0
17119,0,0,0,0,0,0
17127,0,0,0,0,0,0
17135,0,0,0,0,0,0
17143,0,0,0,0,0,0
17151,0,0,0,0,0,0
17159,0,0,0,0,0,0
17167,0,0,0,0,0,0
17175,0,0,0,0,0,0
17181,0,0,0,0,0,0
17197,0,0,0,0,0,0
17205,0,0,0,0,0,0
17211,0,0,0,0,0,0
17220,0,0,0,0,0,0
17228,0,0,0,0,0,0
17239,0,0,0,0,0,0
17245,0,0,0,0,0,0
17253,0,0,0,0,0,0
17263,0,0,0,0,0,0
17271,0,0,0,0,0,0
17279,0,0,0,0,0,0
17287,0,0,0,0,0,0
17295,0,0,0,0,0,0
17303,0,0,0,0,0,0
17341,0,0,0,0,0,0
17349,0,0,0,0,0,0
17357,0,0,0,0,0,0
17364,0,0,0,0,0,0
17368,0,0,0,0,0,0
17376,0,0,0,0,0,0
17384,0,0,0,0,0,0
17392,0,0,0,0,0,0
17400,0,0,0,0,0,0
17414,0,0,0,0,0,0
17432,0,0,0,0,0,0
17440,0,0,0,0,0,0
17445,0,0,0,0,0,0
17450,0,0,0,0,0,0
17458,0,0,0,0,0,0
17466,0,0,0,0,0,0
17474,0,0,0,0,0,0
17482,0,0,0,0,0,0
17489,0,0,0,0,0,0
17499,0,0,0,0,0,0
17505,0,0,0,0,0,0
17515,0,0,0,0,0,0
17522,0,0,0,0,0,0
17530,0,0,0,0,0,0
17538,0,0,0,0,0,0
17546,0,0,0,0,0,0
17554,0,0,0,0,0,0
17562,0,0,0,0,0,0
17568,0,0,0,0,0,0
17576,0,0,0,0,0,0
17584,0,0,0,0,0,0
17592,0,0,0,0,0,0
17600,0,0,0,0,0,0
17608,0,0,0,0,0,0
17614,0,0,0,0,0,0
17622,0,0,0,0,0,0
17630,0,0,0,0,0,0
17638,0,0,0,0,0,0
17646,0,0,0,0,0,0
17654,0,0,0,0,0,0
17663,0,0,0,0,0,0
17671,0,0,0,0,0,0
17679,0,0,0,0,0,0
17686,0,0,0,0,0,0
17694,0,0,0,0,0,0
17701,0,0,0,0,0,0
17709,0,0,0,0,0,0
17717,0,0,0,0,1,0
17725,0,0,0,0,1,0
17733,0,0,0,0,1,0
17741,0,0,0,0,0,0
17750,0,0,0,0,0,0
17758,0,0,0,0,0,0
17765,0,0,0,0,0,0
17773,0,0,0,0,0,0
17781,0,0,0,0,0,0
17789,0,0,0,0,0,0
17797,0,0,0,0,0,0
17805,0,0,0,0,0,0
17813,0,0,0,0,0,0
17821,0,0,0,0,0,0
17830,0,0,0,0,0,0
17838,0,0,0,0,0,0
17846,0,0,0,0,0,0
17854,0,0,0,0,0,0
17862,0,0,0,0,0,0
17870,0,0,0,0,0,0
17878,0,0,0,0,0,0
17886,0,0,0,0,0,0
17894,0,0,0,0,0,0
17902,0,0,0,0,0,0
17909,0,0,0,0,0,0
17915,0,0,0,0,0,0
17923,0,0,0,0,0,0
17931,0,0,0,0,0,0
17937,0,0,0,0,0,0
17945,0,0,0,0,0,0
17953,0,0,0,0,0,0
17961,0,0,0,0,0,0
17969,0,0,0,0,0,0
17977,0,0,0,0,0,0
17982,0,0,0,0,0,0
17990,0,0,0,0,0,0
17998,0,0,0,0,0,0
18006,0,0,0,0,0,0
18014,0,0,0,0,0,0
18022,0,0,0,0,0,0
18030,0,0,0,0,0,0
18038,0,0,0,0,0,0
18046,0,0,0,0,0,0
18055,0,0,0,0,0,0
18063,0,0,0,0,0,0
18074,0,0,0,0,0,0
18083,0,0,0,0,0,0
18093,0,0,0,0,0,0
18100,0,0,0,0,0,0
18108,0,0,0,0,0,0
18116,0,0,0,0,0,0
18124,0,0,0,0,0,0
18132,0,0,0,0,0,0
18140,0,0,0,0,0,0
18148,0,0,0,0,0,0
18156,0,0,0,0,0,0
18161,0,0,0,0,0,0
18169,0,0,0,0,0,0
18178,0,0,0,0,0,0
18186,0,0,0,0,0,0
18193,0,0,0,0,0,0
18201,0,0,0,0,0,0
18209,0,0,0,0,0,0
18214,0,0,0,0,0,0
18223,0,0,0,0,0,0
18232,0,0,0,0,0,0
18242,0,0,0,0,0,0
18251,0,0,0,0,0,0
18262,0,0,0,0,0,0
18270,0,0,0,0,0,0
18278,0,0,0,0,0,0
18286,0,0,0,0,0,0
18294,0,0,0,0,0,0
18301,0,0,0,0,0,0
18308,0,0,0,0,0,0
18314,0,0,0,0,0,0
18323,0,0,0,0,0,0
18333,0,0,0,0,0,0
18337,0,0,0,0,0,0
18345,0,0,0,0,0,0
18353,0,0,0,0,0,0
18375,0,0,0,0,0,0
18414,0,0,0,0,0,0
18422,0,0,0,0,0,0
18431,0,0,0,0,0,0
18442,0,0,0,0,0,0
18446,0,0,0,0,0,0
18454,0,0,0,0,0,0
18462,0,0,0,0,0,0
18470,0,0,0,0,0,0
18478,0,0,0,0,0,0
18485,0,0,0,0,0,0
18493,0,0,0,0,0,0
18501,0,0,0,0,0,0
18509,0,0,0,0,0,0
18516,0,0,0,0,0,0
18524,0,0,0,0,0,0
18534,0,0,0,0,0,0
18541,0,0,0,0,0,0
18549,0,0,0,0,0,0
18557,0,0,0,0,0,0
18565,0,0,0,0,0,0
18573,0,0,0,0,0,0
18581,0,0,0,0,0,0
18589,0,0,0,0,0,0
18593,0,0,0,0,0,0
18601,0,0,0,0,0,0
18608,0,0,0,0,0,0
18617,0,0,0,0,0,0
18623,0,0,0,0,0,0
18631,0,0,0,0,0,0
18639,0,0,0,0,0,0
18647,0,0,0,0,0,0
18655,0,0,0,0,0,0
18662,0,0,0,0,0,0
18670,0,0,0,0,0,0
18678,0,0,0,0,0,0
18701,0,0,0,1,0,0
18709,0,0,0,1,1,0
18717,0,0,0,0,0,0
18725,0,0,0,0,0,0
18730,0,0,0,0,0,0
18738,0,0,0,0,0,0
18745,0,0,0,0,0,0
18753,0,0,0,0,0,0
18761,0,0,0,0,0,0
18770,0,0,0,0,0,0
18777,0,0,0,0,0,0
18785,0,0,0,0,0,0
18793,0,0,0,0,0,0
18802,0,0,0,0,0,0
18810,0,0,0,0,0,0
18818,0,0,0,0,0,0
18826,0,0,0,0,0,0
18834,0,0,0,0,0,0
18839,0,0,0,0,0,0
18848,0,0,0,0,0,0
18858,0,0,0,0,0,0
18864,0,0,0,0,0,0
18872,0,0,0,0,0,0
18880,0,0,0,0,0,0
18888,0,0,0,0,0,0
18896,0,0,0,0,0,0
18904,0,0,0,0,0,0
18912,0,0,0,0,0,0
18920,0,0,0,0,0,0
18928,0,0,0,0,0,0
18944,0,0,0,0,0,0
18952,0,0,0,0,0,0
18960,0,0,0,0,0,0
18968,0,0,0,0,0,0
18976,0,0,0,0,0,0
18982,0,0,0,0,0,0
18991,0,0,0,0,0,0
18999,0,0,0,0,0,0
19007,0,0,0,0,0,0
19016,0,0,0,1,1,0
19024,0,0,0,2,0,0
19032,0,0,0,0,0,0
19040,0,0,0,0,0,0
19046,0,0,0,0,0,0
19056,0,0,0,0,0,0
19063,0,0,0,0,0,0
19072,0,0,0,0,0,0
19081,0,0,0,0,0,0
19089,0,0,0,0,0,0
19098,0,0,0,0,0,0
19106,0,0,0,0,0,0
19114,0,0,0,0,0,0
19122,0,0,0,0,0,0
19130,0,0,0,0,0,0
19136,0,0,0,0,0,0
19147,0,0,0,0,0,0
19153,0,0,0,0,0,0
19163,0,0,0,0,0,0
19175,0,0,0,0,0,0
19181,0,0,0,0,0,0
19189,0,0,0,0,0,0
19199,0,0,0,0,0,0
19206,0,0,0,0,0,0
19215,0,0,0,0,0,0
19224,0,0,0,0,0,0
19233,0,0,0,0,0,0
19242,0,0,0,0,0,0
19252,0,0,0,0,0,0
19264,0,0,0,0,0,0
19269,0,0,0,0,0,0
19279,0,0,0,0,0,0
19286,0,0,0,0,0,0
19294,0,0,0,0,0,0
19302,0,0,0,0,0,0
19310,0,0,0,0,0,0
19318,0,0,0,0,0,0
19326,0,0,0,0,0,0
19342,0,0,0,0,0,0
19351,0,0,0,0,0,0
19389,0,0,0,0,0,0
19397,0,0,0,0,0,0
19405,0,0,0,0,0,0
19412,0,0,0,0,0,0
19422,0,0,0,0,0,0
19430,0,0,0,0,0,0
19437,0,0,0,0,0,0
19445,0,0,0,0,0,0
19453,0,0,0,0,0,0
19462,0,0,0,0,0,0
19475,0,0,0,0,0,0
19483,0,0,0,0,0,0
19491,0,0,0,0,0,0
19499,0,0,0,0,0,0
19507,0,0,0,0,0,0
19515,0,0,0,0,0,0
19522,0,0,0,0,0,0
19530,0,0,0,0,0,0
19538,0,0,0,0,0,0
19546,0,0,0,0,0,0
19562,0,0,0,0,0,0
19583,0,0,0,0,0,0
19591,0,0,0,0,0,0
19599,0,0,0,0,0,0
19608,0,0,0,0,0,0
19615,0,0,0,0,0,0
19622,0,0,0,0,0,0
19632,0,0,0,0,0,0
19638,0,0,0,0,0,0
19648,0,0,0,0,0,0
19655,0,0,0,0,0,0
19662,0,0,0,1,1,0
19670,0,0,0,1,1,0
19677,0,0,0,1,1,0
19686,0,0,0,0,0,0
19695,0,0,0,0,0,0
19704,0,0,0,0,0,0
19715,0,0,0,0,0,0
19723,0,0,0,0,0,0
19731,0,0,0,0,0,0
19738,0,0,0,0,0,0
19745,0,0,0,0,0,0
19753,0,0,0,0,0,0
19762,0,0,0,0,0,0
19770,0,0,0,0,0,0
19778,0,0,0,0,0,0
19787,0,0,0,0,0,0
19795,0,0,0,0,0,0
19803,0,0,0,0,0,0
19809,0,0,0,0,0,0
19818,0,0,0,0,0,0
19826,0,0,0,0,0,0
19833,0,0,0,0,0,0
19841,0,0,0,0,0,0
19850,0,0,0,0,0,0
19857,0,0,0,0,0,0
19865,0,0,0,0,0,0
19888,0,0,0,0,0,0
19896,0,0,0,0,0,0
19903,0,0,0,0,0,0
19911,0,0,0,0,0,0
19927,0,0,0,0,0,0
19935,0,0,0,0,0,0
19943,0,0,0,0,0,0
19951,0,0,0,0,0,0
19959,0,0,0,0,0,0
19967,0,0,0,0,0,0
19975,0,0,0,0,0,0
19988,0,0,0,0,0,0
19997,0,0,0,0,0,0
20005,0,0,0,0,0,0
20013,0,0,0,0,0,0
20021,0,0,0,0,0,0
20029,0,0,0,0,0,0
20037,0,0,0,0,0,0
20043,0,0,0,0,0,0
20051,0,0,0,0,0,0
20059,0,0,0,0,0,0
20067,0,0,0,0,0,0
20074,0,0,0,0,0,0
20082,0,0,0,0,0,0
20089,0,0,0,0,0,0
20098,0,0,0,0,0,0
20115,0,0,0,0,0,0
20123,0,0,0,0,0,0
20131,0,0,0,0,0,0
20136,0,0,0,0,0,0
20144,0,0,0,0,0,0
20155,0,0,0,0,0,0
20160,0,0,0,0,0,0
20169,0,0,0,0,0,0
20179,0,0,0,0,0,0
20188,0,0,0,0,0,0
20198,0,0,0,0,0,0
20207,0,0,0,0,0,0
20219,0,0,0,0,0,0
20227,0,0,0,0,0,0
20237,0,0,0,0,0,0
20245,0,0,0,0,0,0
20258,0,0,0,0,0,0
20282,0,0,0,0,0,0
20286,0,0,0,0,0,0
20297,0,0,0,0,0,0
20320,0,0,0,0,0,0
20365,0,0,0,0,0,0
20373,0,0,0,0,0,0
20381,0,0,0,0,0,0
20389,0,0,0,0,0,0
20394,0,0,0,0,0,0
20404,0,0,0,0,0,0
20413,0,0,0,0,0,0
20420,0,0,0,0,0,0
20428,0,0,0,0,0,0
20436,0,0,0,0,0,0
20444,0,0,0,0,0,0
20451,0,0,0,0,0,0
20458,0,0,0,0,0,0
20465,0,0,0,0,0,0
20473,0,0,0,0,0,0
20481,0,0,0,0,0,0
20489,0,0,0,0,0,0
20497,0,0,0,0,0,0
20504,0,0,0,0,0,0
20514,0,0,0,0,0,0
20520,0,0,0,0,0,0
20528,0,0,0,0,0,0
20536,0,0,0,1,0,0
20545,0,0,0,0,0,0
20552,0,0,0,0,0,0
20561,0,0,0,0,0,0
20568,0,0,0,0,0,0
20579,0,0,0,0,0,0
20587,0,0,0,0,0,0
20592,0,0,0,0,0,0
20600,0,0,0,0,0,0
20608,0,0,0,0,0,0
20616,0,0,0,0,0,0
20625,0,0,0,0,0,0
20632,0,0,0,0,1,0
20639,0,0,0,0,0,0
20646,0,0,0,0,0,0
20655,0,0,0,0,0,0
20664,0,0,0,0,0,0
20673,0,0,0,0,0,0
20681,0,0,0,0,0,0
20689,0,0,0,0,0,0
20697,0,0,0,0,0,0
20705,0,0,0,0,0,0
20713,0,0,0,0,0,0
20720,0,0,0,0,0,0
20730,0,0,0,0,0,0
20737,0,0,0,0,0,0
20748,0,0,0,0,0,0
20754,0,0,0,0,0,0
20762,0,0,0,0,0,0
20770,0,0,0,0,0,0
20778,0,0,0,0,0,0
20786,0,0,0,0,0,0
20794,0,0,0,0,0,0
20802,0,0,0,0,0,0
20811,0,0,0,0,0,0
20819,0,0,0,0,0,0
20827,0,0,0,0,0,0
20835,0,0,0,0,0,0
20843,0,0,0,0,0,0
20851,0,0,0,0,0,0
20859,0,0,0,0,1,0
20867,0,0,0,0,0,0
20875,0,0,0,0,0,0
20881,0,0,0,0,0,0
20891,0,0,0,0,0,0
20901,0,0,0,0,0,0
20909,0,0,0,0,0,0
20918,0,0,0,0,0,0
20926,0,0,0,0,0,0
20933,0,0,0,0,0,0
20942,0,0,0,0,0,0
20950,0,0,0,0,0,0
20958,0,0,0,0,0,0
20964,0,0,0,1,1,0
20971,0,0,0,0,0,0
20981,0,0,0,0,0,0
20992,0,0,0,0,0,0
20998,0,0,0,0,0,0
21007,0,0,0,0,0,0
21015,0,0,0,0,0,0
21023,0,0,0,0,0,0
21032,0,0,0,0,0,0
21040,0,0,0,0,0,0
21048,0,0,0,0,0,0
21056,0,0,0,0,0,0
21064,0,0,0,0,0,0
21072,0,0,0,0,0,0
21076,0,0,0,0,0,0
21084,0,0,0,0,0,0
21092,0,0,0,0,0,0
21101,0,0,0,0,0,0
21110,0,0,0,0,0,0
21115,0,0,0,0,0,0
21123,0,0,0,0,0,0
21131,0,0,0,0,0,0
21139,0,0,0,0,0,0
21147,0,0,0,0,0,0
21155,0,0,0,0,0,0
21163,0,0,0,0,0,0
21171,0,0,0,0,0,0
21179,0,0,0,0,0,0
21187,0,0,0,0,0,0
21194,0,0,0,0,0,0
21202,0,0,0,0,0,0
21210,0,0,0,0,0,0
21218,0,0,0,0,0,0
21226,0,0,0,0,0,0
21234,0,0,0,0,0,0
21241,0,0,0,0,0,0
21250,0,0,0,0,0,0
21255,0,0,0,0,0,0
21263,0,0,0,0,0,0
21271,0,0,0,0,0,0
21286,0,0,0,0,0,0
21293,0,0,0,0,0,0
21313,0,0,0,0,0,0
21337,0,0,0,0,0,0
21345,0,0,0,0,0,0
21353,0,0,0,0,0,0
21361,0,0,0,0,0,0
21368,0,0,0,0,0,0
21377,0,0,0,0,0,0
21393,0,0,0,0,0,0
21403,0,0,0,0,0,0
21412,0,0,0,0,0,0
21421,0,0,0,0,0,0
21428,0,0,0,0,0,0
21435,0,0,0,0,0,0
21443,0,0,0,0,0,0
21452,0,0,0,0,0,0
21461,0,0,0,0,0,0
21469,0,0,0,0,0,0
21477,0,0,0,0,0,0
21483,0,0,0,0,0,0
21495,0,0,0,0,0,0
21503,0,0,0,0,0,0
21512,0,0,0,0,0,0
21518,0,0,0,0,0,0
21526,0,0,0,0,0,0
21534,0,0,0,0,0,0
21542,0,0,0,0,0,0
21551,0,0,0,0,0,0
21559,0,0,0,0,0,0
21567,0,0,0,0,0,0
21574,0,0,0,0,0,0
21582,0,0,0,0,0,0
21590,0,0,0,0,0,0
21598,0,0,0,0,0,0
21606,0,0,0,2,1,0
21613,0,0,0,1,1,0
21622,0,0,0,1,1,0
21635,0,0,0,0,0,0
21643,0,0,0,0,0,0
21651,0,0,0,0,0,0
21658,0,0,0,0,0,0
21666,0,0,0,0,0,0
21674,0,0,0,0,0,0
21683,0,0,0,0,0,0
21692,0,0,0,0,0,0
21700,0,0,0,0,0,0
21708,0,0,0,0,0,0
21716,0,0,0,0,0,0
21724,0,0,0,0,0,0
21732,0,0,0,0,0,0
21739,0,0,0,0,0,0
21749,0,0,0,0,0,0
21758,0,0,0,0,0,0
21767,0,0,0,0,0,0
21775,0,0,0,0,0,0
21781,0,0,0,0,0,0
21789,0,0,0,0,0,0
21797,0,0,0,0,0,0
21805,0,0,0,0,0,0
21813,0,0,0,0,0,0
21821,0,0,0,0,0,0
21830,0,0,0,0,0,0
21838,0,0,0,0,0,0
21846,0,0,0,0,0,0
21852,0,0,0,0,0,0
21860,0,0,0,0,0,0
21868,0,0,0,0,0,0
21876,0,0,0,0,0,0
21884,0,0,0,0,0,0
21892,0,0,0,0,0,0
21900,0,0,0,0,0,0
21907,0,0,0,0,0,0
21916,0,0,0,0,0,0
21924,0,0,0,0,0,0
21932,0,0,0,2,2,0
21940,0,0,0,0,0,0
21948,0,0,0,0,0,0
21956,0,0,0,0,0,0
21964,0,0,0,0,0,0
21976,0,0,0,0,0,0
21984,0,0,0,0,0,0
21992,0,0,0,0,0,0
22000,0,0,0,0,0,0
22008,0,0,0,0,0,0
22015,0,0,0,0,0,0
22022,0,0,0,0,0,0
22030,0,0,0,0,0,0
22038,0,0,0,0,0,0
22046,0,0,0,0,0,0
22053,0,0,0,0,0,0
22059,0,0,0,0,0,0
22068,0,0,0,0,0,0
22079,0,0,0,0,0,0
22091,0,0,0,0,0,0
22097,0,0,0,0,0,0
22107,0,0,0,0,0,0
22112,0,0,0,0,0,0
22120,0,0,0,0,0,0
22128,0,0,0,0,0,0
22136,0,0,0,0,0,0
22144,0,0,0,0,0,0
22150,0,0,0,0,0,0
22159,0,0,0,0,0,0
22170,0,0,0,0,0,0
22175,0,0,0,0,0,0
22183,0,0,0,0,0,0
22191,0,0,0,0,0,0
22193,0,0,0,0,0,0
22201,0,0,0,0,0,0
22209,0,0,0,0,0,0
22217,0,0,0,0,0,0
22225,0,0,0,0,0,0
22233,0,0,0,0,0,0
22237,0,0,0,0,0,0
22244,0,0,0,0,0,0
22260,0,0,0,0,0,0
22266,0,0,0,0,0,0
22276,0,0,0,0,0,0
22285,0,0,0,0,0,0
22303,0,0,0,0,0,0
22311,0,0,0,0,0,0
22319,0,0,0,0,0,0
22327,0,0,0,0,0,0
22335,0,0,0,0,0,0
22343,0,0,0,0,0,0
22351,0,0,0,0,0,0
22359,0,0,0,0,0,0
22367,0,0,0,0,0,0
22382,0,0,0,0,0,0
22390,0,0,0,0,0,0
22398,0,0,0,0,0,0
22405,0,0,0,0,0,0
22416,0,0,0,0,0,0
22423,0,0,0,0,0,0
22430,0,0,0,0,0,0
22440,0,0,0,0,0,0
22446,0,0,0,0,0,0
22456,0,0,0,0,0,0
22462,0,0,0,0,0,0
22472,0,0,0,0,0,0
22479,0,0,0,0,2,0
22489,0,0,0,0,0,0
22496,0,0,0,0,0,0
22508,0,0,0,0,0,0
22516,0,0,0,0,0,0
22524,0,0,0,0,0,0
22532,0,0,0,0,0,0
22540,0,0,0,0,0,0
22547,0,0,0,0,0,0
22555,0,0,0,0,0,0
22562,0,0,0,0,0,0
22570,0,0,0,0,0,0
22579,0,0,0,1,1,0
22586,0,0,0,1,1,0
22592,0,0,0,0,0,0
22606,0,0,0,0,0,0
22620,0,0,0,0,0,0
22628,0,0,0,0,0,0
22636,0,0,0,0,0,0
22643,0,0,0,0,0,0
22651,0,0,0,0,0,0
22659,0,0,0,0,0,0
22667,0,0,0,0,0,0
22675,0,0,0,0,0,0
22683,0,0,0,0,0,0
22690,0,0,0,0,0,0
22698,0,0,0,0,0,0
22706,0,0,0,0,0,0
22714,0,0,0,0,0,0
22723,0,0,0,0,0,0
22730,0,0,0,0,0,0
22739,0,0,0,0,0,0
22747,0,0,0,0,0,0
22754,0,0,0,0,0,0
22763,0,0,0,0,0,0
22771,0,0,0,0,0,0
22780,0,0,0,0,0,0
22796,0,0,0,0,0,0
22805,0,0,0,0,0,0
22813,0,0,0,0,0,0
22820,0,0,0,0,0,0
22829,0,0,0,0,0,0
22844,0,0,0,0,0,0
22853,0,0,0,0,0,0
22862,0,0,0,0,0,0
22871,0,0,0,0,0,0
22882,0,0,0,0,0,0
22889,0,0,0,0,0,0
22905,0,0,0,0,0,0
22915,0,0,0,0,0,0
22931,0,0,0,0,0,0
22939,0,0,0,0,0,0
22947,0,0,0,0,0,0
22955,0,0,0,0,0,0
22964,0,0,0,0,0,0
22972,0,0,0,0,0,0
22979,0,0,0,0,0,0
22987,0,0,0,0,0,0
22996,0,0,0,0,0,0
23012,0,0,0,0,0,0
23027,0,0,0,0,0,0
23037,0,0,0,0,0,0
23040,0,0,0,0,0,0
23056,0,0,0,0,0,0
23064,0,0,0,0,0,0
23070,0,0,0,0,0,0
23076,0,0,0,0,0,0
23085,0,0,0,0,0,0
23094,0,0,0,0,0,0
23102,0,0,0,0,0,0
23110,0,0,0,0,0,0
23117,0,0,0,0,0,0
23126,0,0,0,0,0,0
23134,0,0,0,0,0,0
23146,0,0,0,0,0,0
23160,0,0,0,0,0,0
23167,0,0,0,0,0,0
23179,0,0,0,0,0,0
23186,0,0,0,0,0,0
23195,0,0,0,0,0,0
23204,0,0,0,0,0,0
23214,0,0,0,0,0,0
23230,0,0,0,0,0,0
23256,0,0,0,0,0,0
23264,0,0,0,0,0,0
23280,0,0,0,0,0,0
23288,0,0,0,0,0,0
23295,0,0,0,0,0,0
23300,0,0,0,0,0,0
23309,0,0,0,0,0,0
23317,0,0,0,0,0,0
23324,0,0,0,0,0,0
23332,0,0,0,0,0,0
23340,0,0,0,0,0,0
23348,0,0,0,0,0,0
23356,0,0,0,0,0,0
23364,0,0,0,0,0,0
23375,0,0,0,0,0,0
23381,0,0,0,0,0,0
23389,0,0,0,0,0,0
23397,0,0,0,0,0,0
23405,0,0,0,0,0,0
23413,0,0,0,0,0,0
23421,0,0,0,0,0,0
23428,0,0,0,0,0,0
23436,0,0,0,0,0,0
23444,0,0,0,0,0,0
23452,0,0,0,1,1,0
23460,0,0,0,2,1,0
23468,0,0,0,0,0,0
23476,0,0,0,0,0,0
23483,0,0,0,0,0,0
23491,0,0,0,0,0,0
23499,0,0,0,0,0,0
23507,0,0,0,0,0,0
23515,0,0,0,0,0,0
23523,0,0,0,0,0,0
23531,0,0,0,0,0,0
23539,0,0,0,0,0,0
23546,0,0,0,0,0,0
23553,0,0,0,1,1,0
23562,0,0,0,0,1,0
23572,0,0,0,0,0,0
23579,0,0,0,0,0,0
23587,0,0,0,0,0,0
23594,0,0,0,0,0,0
23602,0,0,0,0,0,0
23610,0,0,0,0,0,0
23617,0,0,0,0,0,0
23625,0,0,0,0,0,0
23633,0,0,0,0,0,0
23641,0,0,0,0,0,0
23649,0,0,0,0,0,0
23657,0,0,0,0,0,0
23665,0,0,0,0,0,0
23673,0,0,0,0,0,0
23680,0,0,0,0,0,0
23688,0,0,0,0,0,0
23696,0,0,0,0,0,0
23704,0,0,0,0,0,0
23712,0,0,0,0,0,0
23719,0,0,0,0,0,0
23729,0,0,0,0,0,0
23734,0,0,0,0,0,0
23743,0,0,0,0,0,0
23750,0,0,0,0,0,0
23758,0,0,0,0,0,0
23766,0,0,0,0,1,0
23774,0,0,0,0,0,0
23782,0,0,0,0,0,0
23790,0,0,0,0,0,0
23796,0,0,0,0,0,0
23804,0,0,0,0,0,0
23812,0,0,0,0,0,0
23820,0,0,0,0,0,0
23828,0,0,0,0,0,0
23836,0,0,0,0,0,0
23844,0,0,0,0,0,0
23851,0,0,0,0,0,0
23859,0,0,0,0,0,0
23867,0,0,0,0,0,0
23875,0,0,0,1,1,0
23883,0,0,0,2,2,0
23890,0,0,0,0,0,0
23898,0,0,0,0,0,0
23904,0,0,0,0,0,0
23911,0,0,0,1,1,0
23919,0,0,0,1,1,0
23926,0,0,0,0,0,0
23934,0,0,0,0,0,0
23942,0,0,0,0,0,0
23952,0,0,0,0,0,0
23959,0,0,0,0,0,0
23967,0,0,0,0,0,0
23975,0,0,0,0,0,0
23983,0,0,0,0,0,0
23991,0,0,0,0,0,0
23999,0,0,0,0,0,0
24007,0,0,0,0,0,0
24012,0,0,0,0,0,0
24021,0,0,0,0,0,0
24030,0,0,0,0,0,0
24038,0,0,0,0,0,0
24046,0,0,0,0,0,0
24054,0,0,0,0,0,0
24062,0,0,0,0,0,0
24070,0,0,0,0,0,0
24078,0,0,0,0,0,0
24086,0,0,0,0,0,0
24092,0,0,0,0,0,0
24100,0,0,0,0,0,0
24108,0,0,0,0,0,0
24116,0,0,0,0,0,0
24124,0,0,0,0,0,0
24130,0,0,0,0,0,0
24141,0,0,0,0,0,0
24147,0,0,0,0,0,0
24155,0,0,0,0,0,0
24163,0,0,0,0,0,0
24171,0,0,0,0,0,0
24179,0,0,0,0,0,0
24187,0,0,0,0,0,0
24203,0,0,0,0,0,0
24210,0,0,0,0,0,0
24219,0,0,0,0,0,0
24228,0,0,0,0,0,0
24245,0,0,0,0,0,0
24253,0,0,0,0,0,0
24261,0,0,0,0,0,0
24269,0,0,0,0,0,0
24277,0,0,0,0,0,0
24285,0,0,0,0,0,0
24293,0,0,0,0,0,0
24297,0,0,0,0,0,0
24305,0,0,0,0,0,0
24314,0,0,0,0,0,0
24322,0,0,0,0,0,0
24337,0,0,0,0,0,0
24353,0,0,0,0,0,0
24361,0,0,0,0,0,0
24369,0,0,0,0,0,0
24377,0,0,0,0,0,0
24386,0,0,0,0,0,0
24394,0,0,0,0,0,0
24401,0,0,0,0,0,0
24410,0,0,0,0,0,0
24416,0,0,0,1,0,0
24424,0,0,0,1,1,0
24432,0,0,0,2,1,0
24440,0,0,0,0,0,0
24452,0,0,0,0,0,0
24460,0,0,0,0,0,0
24467,0,0,0,0,0,0
24475,0,0,0,0,0,0
24483,0,0,0,0,0,0
24491,0,0,0,0,0,0
24499,0,0,0,0,0,0
24507,0,0,0,0,0,0
24515,0,0,0,0,0,0
24523,0,0,0,2,1,0
24531,0,0,0,2,2,0
24539,0,0,0,1,2,0
24546,0,0,0,0,0,0
24568,0,0,0,2,0,0
24577,0,0,0,0,0,0
24583,0,0,0,0,0,0
24591,0,0,0,0,0,0
24599,0,0,0,0,0,0
24607,0,0,0,0,0,0
24615,0,0,0,0,0,0
24626,0,0,0,0,0,0
24640,0,0,0,0,0,0
24646,0,0,0,0,0,0
24654,0,0,0,0,0,0
24663,0,0,0,0,0,0
24669,0,0,0,0,0,0
24678,0,0,0,0,0,0
24686,0,0,0,0,0,0
24694,0,0,0,0,0,0
24702,0,0,0,0,0,0
24710,0,0,0,0,0,0
24718,0,0,0,0,0,0
24724,0,0,0,0,0,0
24732,0,0,0,0,0,0
24740,0,0,0,0,0,0
24748,0,0,0,0,0,0
24756,0,0,0,0,0,0
24763,0,0,0,0,0,0
24773,0,0,0,0,0,0
24782,0,0,0,0,0,0
24790,0,0,0,0,0,0
24797,0,0,0,0,0,0
24807,0,0,0,0,0,0
24813,0,0,0,0,0,0
24821,0,0,0,0,0,0
24829,0,0,0,0,0,0
24837,0,0,0,0,0,0
24844,0,0,0,0,0,0
24852,0,0,0,0,0,0
24860,0,0,0,0,0,0
24870,0,0,0,0,0,0
24877,0,0,0,0,0,0
24885,0,0,0,0,0,0
24894,0,0,0,0,0,0
24901,0,0,0,0,0,0
24909,0,0,0,0,0,0
24917,0,0,0,0,0,0
24926,0,0,0,0,0,0
24934,0,0,0,0,0,0
24941,0,0,0,0,0,0
24950,0,0,0,0,0,0
24959,0,0,0,0,0,0
24969,0,0,0,0,0,0
24974,0,0,0,0,0,0
24982,0,0,0,0,0,0
24990,0,0,0,0,0,0
24996,0,0,0,0,0,0
25005,0,0,0,0,0,0
25010,0,0,0,0,0,0
25018,0,0,0,0,0,0
25026,0,0,0,0,0,0
25033,0,0,0,0,0,0
25041,0,0,0,0,0,0
25046,0,0,0,0,0,0
25054,0,0,0,0,0,0
25062,0,0,0,0,0,0
25070,0,0,0,0,0,0
25077,0,0,0,0,0,0
25086,0,0,0,0,0,0
25090,0,0,0,0,0,0
25098,0,0,0,0,0,0
25105,0,0,0,0,0,0
25110,0,0,0,0,0,0
25120,0,0,0,0,0,0
25129,0,0,0,0,0,0
25139,0,0,0,0,0,0
25148,0,0,0,0,0,0
25158,0,0,0,0,0,0
25162,0,0,0,0,0,0
25193,0,0,0,0,0,0
25208,0,0,0,0,0,0
25216,0,0,0,0,0,0
25224,0,0,0,0,0,0
25232,0,0,0,0,0,0
25240,0,0,0,0,0,0
25247,0,0,0,0,0,0
25253,0,0,0,0,0,0
25262,0,0,0,0,0,0
25270,0,0,0,0,0,0
25278,0,0,0,0,1,0
25286,0,0,0,0,0,0
25294,0,0,0,0,0,0
25302,0,0,0,0,0,0
25311,0,0,0,0,0,0
25329,0,0,0,0,0,0
25338,0,0,0,0,0,0
25345,0,0,0,0,0,0
25352,0,0,0,0,0,0
25360,0,0,0,0,0,0
25368,0,0,0,0,0,0
25376,0,0,0,0,0,0
25384,0,0,0,0,0,0
25395,0,0,0,2,0,0
25405,0,0,0,2,1,0
25411,0,0,0,0,0,0
25422,0,0,0,0,0,0
25428,0,0,0,0,0,0
25437,0,0,0,0,0,0
25446,0,0,0,0,0,0
25452,0,0,0,0,0,0
25463,0,0,0,0,0,0
25471,0,0,0,0,0,0
25479,0,0,0,0,0,0
25487,0,0,0,0,0,0
25495,0,0,0,1,1,0
25503,0,0,0,2,1,0
25510,0,0,0,2,2,0
25520,0,0,0,0,0,0
25541,0,0,0,0,0,0
25551,0,0,0,0,0,0
25561,0,0,0,0,0,0
25568,0,0,0,0,0,0
25576,0,0,0,0,0,0
25584,0,0,0,0,0,0
25592,0,0,0,0,0,0
25599,0,0,0,0,0,0
25621,0,0,0,0,0,0
25628,0,0,0,0,0,0
25636,0,0,0,0,0,0
25644,0,0,0,0,0,0
25653,0,0,0,0,0,0
25659,0,0,0,0,0,0
25667,0,0,0,0,0,0
25675,0,0,0,0,0,0
25683,0,0,0,0,0,0
25691,0,0,0,0,0,0
25700,0,0,0,0,0,0
25709,0,0,0,0,0,0
25717,0,0,0,0,0,0
25725,0,0,0,0,0,0
25759,0,0,0,0,0,0
25767,0,0,0,0,0,0
25775,0,0,0,0,0,0
25783,0,0,0,0,0,0
25791,0,0,0,0,0,0
25798,0,0,0,0,0,0
25806,0,0,0,0,0,0
25813,0,0,0,0,0,0
25822,0,0,0,0,0,0
25839,0,0,0,0,0,0
25847,0,0,0,0,0,0
25855,0,0,0,0,0,0
25863,0,0,0,0,0,0
25871,0,0,0,0,0,0
25879,0,0,0,0,0,0
25887,0,0,0,0,0,0
25895,0,0,0,0,0,0
25906,0,0,0,0,0,0
25914,0,0,0,0,0,0
25926,0,0,0,0,0,0
25936,0,0,0,0,0,0
25944,0,0,0,0,0,0
25952,0,0,0,0,0,0
25962,0,0,0,0,0,0
25967,0,0,0,0,0,0
25977,0,0,0,0,0,0
25985,0,0,0,0,0,0
25994,0,0,0,0,0,0
26005,0,0,0,0,0,0
26012,0,0,0,0,0,0
26020,0,0,0,0,0,0
26028,0,0,0,0,0,0
26036,0,0,0,0,0,0
26052,0,0,0,0,0,0
26058,0,0,0,0,0,0
26068,0,0,0,0,0,0
26077,0,0,0,0,0,0
26087,0,0,0,0,0,0
26094,0,0,0,0,0,0
26101,0,0,0,0,0,0
26111,0,0,0,0,0,0
26120,0,0,0,0,0,0
26130,0,0,0,0,0,0
26143,0,0,0,0,0,0
26177,0,0,0,0,0,0
26188,0,0,0,0,0,0
26197,0,0,0,0,0,0
26205,0,0,0,0,0,0
26213,0,0,0,0,0,0
26221,0,0,0,0,0,0
26229,0,0,0,0,0,0
26234,0,0,0,0,0,0
26242,0,0,0,0,0,0
