7,0,0,0,0,0,0
16,0,0,0,0,0,0
23,0,0,0,0,0,0
33,0,0,0,0,0,0
41,0,0,0,0,0,0
48,0,0,0,0,0,0
55,0,0,0,0,0,0
64,0,0,0,0,0,0
72,0,0,0,0,0,0
80,0,0,0,0,0,0
89,0,0,0,0,0,0
98,0,0,0,0,0,0
105,0,0,0,0,0,0
113,0,0,0,0,0,0
121,0,0,0,0,0,0
129,0,0,0,0,0,0
136,0,0,0,0,0,0
146,0,0,0,0,0,0
156,0,0,0,0,0,0
163,0,0,0,0,0,0
171,0,0,0,0,0,0
179,0,0,0,0,0,0
187,0,0,0,0,0,0
196,0,0,0,0,0,0
204,0,0,0,0,0,0
212,0,0,0,0,0,0
220,0,0,0,0,0,0
228,0,0,0,0,0,0
235,0,0,0,0,0,0
243,0,0,0,0,0,0
252,0,0,0,0,0,0
262,0,0,0,0,0,0
269,0,0,0,0,0,0
277,0,0,0,0,0,0
285,0,0,0,0,0,0
293,0,0,0,0,0,0
301,0,0,0,0,0,0
308,0,0,0,0,0,0
316,0,0,0,0,0,0
324,0,0,0,0,0,0
332,0,0,0,0,0,0
340,0,0,0,0,0,0
348,0,0,0,0,0,0
356,0,0,0,0,0,0
364,0,0,0,0,0,0
372,0,0,0,0,0,0
379,0,0,0,0,0,0
387,0,0,0,0,0,0
393,0,0,0,0,0,0
402,0,0,0,0,0,0
411,0,0,0,0,0,0
419,0,0,0,0,0,0
427,0,0,0,0,0,0
435,0,0,0,0,0,0
443,0,0,0,0,0,0
451,0,0,0,0,0,0
458,0,0,0,0,0,0
467,0,0,0,0,0,0
475,0,0,0,0,0,0
482,0,0,0,0,0,0
491,0,0,0,0,0,0
499,0,0,0,0,0,0
507,0,0,0,0,0,0
515,0,0,0,0,0,0
523,0,0,0,0,0,0
531,0,0,0,0,0,0
537,0,0,0,0,0,0
545,0,0,0,0,0,0
553,0,0,0,0,0,0
561,0,0,0,0,0,0
569,0,0,0,0,0,0
577,0,0,0,0,0,0
585,0,0,0,0,0,0
595,0,0,0,0,0,0
603,0,0,0,0,0,0
609,0,0,0,0,0,0
618,0,0,0,0,0,0
627,0,0,0,0,0,0
636,0,0,0,0,0,0
645,0,0,0,0,0,0
653,0,0,0,0,0,0
661,0,0,0,0,0,0
669,0,0,0,0,0,0
677,0,0,0,0,0,0
686,0,0,0,0,0,0
695,0,0,0,0,0,0
704,0,0,0,0,0,0
711,0,0,0,0,0,0
728,0,0,0,0,0,0
738,0,0,0,0,0,0
746,0,0,0,0,0,0
754,0,0,0,0,0,0
769,0,0,0,0,0,0
790,2,4,1,1,2,2
806,0,0,0,0,0,0
822,0,0,0,0,0,0
830,0,0,0,0,0,0
838,0,0,0,0,0,0
846,0,0,0,0,0,0
877,0,0,0,0,0,0
886,0,0,0,0,0,0
893,0,0,0,0,0,0
904,0,0,0,0,0,0
910,0,0,0,0,0,0
919,0,0,0,0,0,0
958,0,0,0,0,0,0
966,0,0,0,0,0,0
974,0,0,0,0,0,0
983,0,0,0,0,0,0
993,0,0,0,0,0,0
1000,0,0,0,0,0,0
1007,0,0,0,0,0,0
1015,0,0,0,0,0,0
1023,0,0,0,0,0,0
1030,0,0,0,0,0,0
1038,0,0,0,0,0,0
1046,0,0,0,0,0,0
1057,0,0,0,0,0,0
1064,0,0,0,0,0,0
1074,0,0,0,0,0,0
1080,0,0,0,0,0,0
1090,0,0,0,0,0,0
1097,0,0,0,0,0,0
1105,0,0,0,0,0,0
1113,0,0,0,0,0,0
1121,0,0,0,0,0,0
1129,0,0,0,0,0,0
1135,0,0,0,0,0,0
1143,0,0,0,0,0,0
1150,0,0,0,0,0,0
1158,0,0,0,0,0,0
1166,0,0,0,0,0,0
1174,0,0,0,0,0,0
1182,0,0,0,0,0,0
1190,0,0,0,0,0,0
1198,0,0,0,0,0,0
1205,0,0,0,0,0,0
1213,0,0,0,0,0,0
1221,0,0,0,0,0,0
1228,0,0,0,0,0,0
1236,0,0,0,0,0,0
1246,0,0,0,0,0,0
1253,0,0,0,0,0,0
1263,0,0,0,0,0,0
1270,0,0,0,0,0,0
1278,0,0,0,0,0,0
1286,0,0,0,0,0,0
1293,0,0,0,0,0,0
1301,0,0,0,0,0,0
1309,0,0,0,0,0,0
1314,0,0,0,0,0,0
1324,0,0,0,0,0,0
1334,0,0,0,0,0,0
1343,0,0,0,0,0,0
1354,0,0,0,0,0,0
1362,0,0,0,0,0,0
1370,0,0,0,0,0,0
1378,0,0,0,0,0,0
1388,0,0,0,0,0,0
1395,0,0,0,0,0,0
1403,0,0,0,0,0,0
1411,0,0,0,0,0,0
1419,0,0,0,0,0,0
1427,0,0,0,0,0,0
1435,0,0,0,0,0,0
1442,0,0,0,0,0,0
1452,0,0,0,0,0,0
1457,0,0,0,0,0,0
1465,0,0,0,0,0,0
1473,0,0,0,0,0,0
1481,0,0,0,0,0,0
1489,0,0,0,0,0,0
1497,0,0,0,0,0,0
1505,0,0,0,0,0,0
1513,0,0,0,0,0,0
1521,0,0,0,0,0,0
1529,0,0,0,0,0,0
1537,0,0,0,0,0,0
1545,0,0,0,0,0,0
1553,0,0,0,0,0,0
1561,0,0,0,0,0,0
1567,0,0,0,0,0,0
1575,0,0,0,0,0,0
1583,0,0,0,0,0,0
1591,0,0,0,0,0,0
1599,0,0,0,0,0,0
1607,0,0,0,0,0,0
1615,0,0,0,0,0,0
1623,0,0,0,0,0,0
1631,0,0,0,0,0,0
1639,0,0,0,0,0,0
1647,0,0,0,0,0,0
1659,0,0,0,0,0,0
1664,0,0,0,0,0,0
1671,0,0,0,0,0,0
1679,0,0,0,0,0,0
1687,0,0,0,0,0,0
1696,0,0,0,0,0,0
1703,0,0,0,0,0,0
1712,0,0,0,0,0,0
1720,0,0,0,0,0,0
1728,0,0,0,0,0,0
1767,0,0,0,0,0,0
1773,0,0,0,0,0,0
1783,0,0,0,0,0,0
1792,0,0,0,0,0,0
1822,0,0,0,0,0,0
1832,0,0,0,0,0,0
1840,0,0,0,0,0,0
1854,0,0,0,0,0,0
1864,0,0,0,0,0,0
1874,0,0,0,0,0,0
1881,0,0,0,0,0,0
1891,0,0,0,0,0,0
1900,0,0,0,0,0,0
1908,0,0,0,0,0,0
1940,0,0,0,0,0,0
1949,0,0,0,0,0,0
1955,0,0,0,0,0,0
1964,0,0,0,0,0,0
1971,0,0,0,0,0,0
1983,0,0,0,0,0,0
1989,0,0,0,0,0,0
1999,0,0,0,0,0,0
2010,0,0,0,0,0,0
2017,0,0,0,0,0,0
2025,0,0,0,0,0,0
2033,0,0,0,0,0,0
2041,0,0,0,0,0,0
2049,0,0,0,0,0,0
2057,0,0,0,0,0,0
2065,0,0,0,0,0,0
2071,0,0,0,0,0,0
2079,0,0,0,0,0,0
2091,0,0,0,0,0,0
2098,0,0,0,0,0,0
2105,0,0,0,0,0,0
2113,0,0,0,0,0,0
2121,0,0,0,0,0,0
2128,0,0,0,0,0,0
2136,0,0,0,0,0,0
2143,0,0,0,0,0,0
2151,0,0,0,0,0,0
2159,0,0,0,0,0,0
2167,0,0,0,0,0,0
2175,0,0,0,0,0,0
2183,0,0,0,0,0,0
2191,0,0,0,0,0,0
2200,0,0,0,0,0,0
2207,0,0,0,0,0,0
2213,0,0,0,0,0,0
2221,0,0,0,0,0,0
2229,0,0,0,0,0,0
2237,0,0,0,0,0,0
2245,0,0,0,0,0,0
2253,0,0,0,0,0,0
2261,0,0,0,0,0,0
2269,0,0,0,0,0,0
2277,0,0,0,0,0,0
2285,0,0,0,0,0,0
2293,0,0,0,0,0,0
2301,0,0,0,0,0,0
2309,0,0,0,0,0,0
2317,0,0,0,0,0,0
2323,0,0,0,0,0,0
2333,0,0,0,0,0,0
2343,0,0,0,0,0,0
2350,0,0,0,0,0,0
2359,0,0,0,0,0,0
2369,0,0,0,0,0,0
2378,0,0,0,0,0,0
2387,0,0,0,0,0,0
2395,0,0,0,0,0,0
2403,0,0,0,0,0,0
2412,0,0,0,0,0,0
2420,0,0,0,0,0,0
2428,0,0,0,0,0,0
2436,0,0,0,0,0,0
2444,0,0,0,0,0,0
2452,0,0,0,0,0,0
2460,0,0,0,0,0,0
2464,0,0,0,0,0,0
2472,0,0,0,0,0,0
2480,0,0,0,0,0,0
2488,0,0,0,0,0,0
2496,0,0,0,0,0,0
2504,0,0,0,0,0,0
2512,0,0,0,0,0,0
2520,0,0,0,0,0,0
2528,0,0,0,0,0,0
2536,0,0,0,0,0,0
2544,0,0,0,0,0,0
2552,0,0,0,0,0,0
2560,0,0,0,0,0,0
2568,0,0,0,0,0,0
2575,0,0,0,0,0,0
2584,0,0,0,0,0,0
2592,0,0,0,0,0,0
2600,0,0,0,0,0,0
2608,0,0,0,0,0,0
2616,0,0,0,0,0,0
2624,0,0,0,0,0,0
2629,0,0,0,0,0,0
2641,0,0,0,0,0,0
2646,0,0,0,0,0,0
2658,0,0,0,0,0,0
2663,0,0,0,0,0,0
2670,0,0,0,0,0,0
2678,0,0,0,0,0,0
2686,0,0,0,0,0,0
2694,0,0,0,0,0,0
2701,0,0,0,0,0,0
2710,0,0,0,0,0,0
2720,0,0,0,0,0,0
2731,0,0,0,0,0,0
2736,0,0,0,0,0,0
2746,0,0,0,0,0,0
2756,0,0,0,0,0,0
2786,0,0,0,0,0,0
2794,0,0,0,0,0,0
2802,0,0,0,0,0,0
2808,0,0,0,0,0,0
2818,0,0,0,0,0,0
2829,0,0,0,0,0,0
2850,0,0,0,0,0,0
2858,0,0,0,0,0,0
2866,0,0,0,0,0,0
2873,0,0,0,0,0,0
2880,0,0,0,0,0,0
2889,0,0,0,0,0,0
2913,0,0,0,0,0,0
2921,0,0,0,0,0,0
2929,0,0,0,0,0,0
2936,0,0,0,0,0,0
2945,0,0,0,0,0,0
2956,0,0,0,0,0,0
2963,0,0,0,0,0,0
2972,0,0,0,0,0,0
2981,0,0,0,0,0,0
2989,0,0,0,0,0,0
2997,0,0,0,0,0,0
3004,0,0,0,0,0,0
3012,0,0,0,0,0,0
3020,0,0,0,0,0,0
3028,0,0,0,0,0,0
3036,0,0,0,0,0,0
3043,0,0,0,0,0,0
3050,0,0,0,0,0,0
3058,0,0,0,0,0,0
3066,0,0,0,0,0,0
3074,0,0,0,0,0,0
3082,0,0,0,0,0,0
3090,0,0,0,0,0,0
3098,0,0,0,0,0,0
3107,0,0,0,0,0,0
3115,0,0,0,0,0,0
3122,0,0,0,0,0,0
3131,0,0,0,0,0,0
3139,0,0,0,0,0,0
3147,0,0,0,0,0,0
3154,0,0,0,0,0,0
3161,0,0,0,0,0,0
3172,0,0,0,0,0,0
3178,0,0,0,0,0,0
3185,0,0,0,0,0,0
3193,0,0,0,0,0,0
3201,0,0,0,0,0,0
3209,0,0,0,0,0,0
3217,0,0,0,0,0,0
3225,0,0,0,0,0,0
3233,0,0,0,0,0,0
3241,0,0,0,0,0,0
3249,0,0,0,0,0,0
3259,0,0,0,0,0,0
3269,0,0,0,0,0,0
3279,0,0,0,0,0,0
3284,0,0,0,0,0,0
3292,0,0,0,0,0,0
3299,0,0,0,0,0,0
3307,0,0,0,0,0,0
3315,0,0,0,0,0,0
3323,0,0,0,0,0,0
3332,0,0,0,0,0,0
3340,0,0,0,0,0,0
3348,0,0,0,0,0,0
3353,0,0,0,0,0,0
3361,0,0,0,0,0,0
3369,0,0,0,0,0,0
3376,0,0,0,0,0,0
3384,0,0,0,0,0,0
3392,0,0,0,0,0,0
3400,0,0,0,0,0,0
3408,0,0,0,0,0,0
3416,0,0,0,0,0,0
3424,0,0,0,0,0,0
3432,0,0,0,0,0,0
3440,0,0,0,0,0,0
3448,0,0,0,0,0,0
3456,0,0,0,0,0,0
3464,0,0,0,0,0,0
3472,0,0,0,0,0,0
3479,0,0,0,0,0,0
3487,0,0,0,0,0,0
3495,0,0,0,0,0,0
3500,0,0,0,0,0,0
3508,0,0,0,0,0,0
3516,0,0,0,0,0,0
3524,0,0,0,0,0,0
3532,0,0,0,0,0,0
3540,0,0,0,0,0,0
3548,0,0,0,0,0,0
3556,0,0,0,0,0,0
3563,0,0,0,0,0,0
3571,0,0,0,0,0,0
3577,0,0,0,0,0,0
3585,0,0,0,0,0,0
3593,0,0,0,0,0,0
3601,0,0,0,0,0,0
3609,0,0,0,0,0,0
3619,0,0,0,0,0,0
3627,0,0,0,0,0,0
3633,0,0,0,0,0,0
3641,0,0,0,0,0,0
3649,0,0,0,0,0,0
3657,0,0,0,0,0,0
3665,0,0,0,0,0,0
3673,0,0,0,0,0,0
3681,0,0,0,0,0,0
3697,0,0,0,0,0,0
3713,0,0,0,0,0,0
3721,0,0,0,0,0,0
3729,0,0,0,0,0,0
3737,0,0,0,0,0,0
3745,0,0,0,0,0,0
3753,0,0,0,0,0,0
3758,0,0,0,0,0,0
3767,0,0,0,0,0,0
3775,0,0,0,0,0,0
3790,0,0,0,0,0,0
3798,0,0,0,0,0,0
3806,0,0,0,0,0,0
3822,0,0,0,0,0,0
3830,0,0,0,0,0,0
3838,0,0,0,0,0,0
3846,0,0,0,0,0,0
3854,0,0,0,0,0,0
3862,0,0,0,0,0,0
3870,0,0,0,0,0,0
3876,0,0,0,0,0,0
3884,0,0,0,0,0,0
3893,0,0,0,0,0,0
3901,0,0,0,0,0,0
3909,0,0,0,0,0,0
3915,0,0,0,0,0,0
3925,0,0,0,0,0,0
3932,0,0,0,0,0,0
3940,0,0,0,0,0,0
3948,0,0,0,0,0,0
3956,0,0,0,0,0,0
3964,0,0,0,0,0,0
3972,0,0,0,0,0,0
3979,0,0,0,0,0,0
3987,0,0,0,0,0,0
3995,0,0,0,0,0,0
4003,0,0,0,0,0,0
4011,0,0,0,0,0,0
4019,0,0,0,0,0,0
4027,0,0,0,0,0,0
4034,0,0,0,0,0,0
4043,0,0,0,0,0,0
4050,0,0,0,0,0,0
4058,0,0,0,0,0,0
4066,0,0,0,0,0,0
4074,0,0,0,0,0,0
4082,0,0,0,0,0,0
4090,0,0,0,0,0,0
4098,0,0,0,0,0,0
4105,0,0,0,0,0,0
4112,0,0,0,0,0,0
4120,0,0,0,0,0,0
4128,0,0,0,0,0,0
4136,0,0,0,0,0,0
4144,0,0,0,0,0,0
4150,0,0,0,0,0,0
4157,0,0,0,0,0,0
4165,0,0,0,0,0,0
4173,0,0,0,0,0,0
4181,0,0,0,0,0,0
4189,0,0,0,0,0,0
4197,0,0,0,0,0,0
4203,0,0,0,0,0,0
4212,0,0,0,0,0,0
4220,0,0,0,0,0,0
4228,0,0,0,0,0,0
4236,0,0,0,0,0,0
4244,0,0,0,0,0,0
4252,0,0,0,0,0,0
4257,0,0,0,0,0,0
4265,0,0,0,0,0,0
4273,0,0,0,0,0,0
4281,0,0,0,0,0,0
4289,0,0,0,0,0,0
4297,0,0,0,0,0,0
4303,0,0,0,0,0,0
4312,0,0,0,0,0,0
4321,0,0,0,0,0,0
4330,0,0,0,0,0,0
4338,0,0,0,0,0,0
4347,0,0,0,0,0,0
4356,0,0,0,0,0,0
4364,0,0,0,0,0,0
4372,0,0,0,0,0,0
4380,0,0,0,0,0,0
4388,0,0,0,0,0,0
4396,0,0,0,0,0,0
4404,0,0,0,0,0,0
4409,0,0,0,0,0,0
4417,0,0,0,0,0,0
4425,0,0,0,0,0,0
4433,0,0,0,0,0,0
4441,0,0,0,0,0,0
4449,0,0,0,0,0,0
4456,0,0,0,0,0,0
4465,0,0,0,0,0,0
4475,0,0,0,0,0,0
4485,0,0,0,0,0,0
4492,0,0,0,0,0,0
4500,0,0,0,0,0,0
4509,0,0,0,0,0,0
4516,0,0,0,0,0,0
4524,0,0,0,0,0,0
4532,0,0,0,0,0,0
4540,0,0,0,0,0,0
4547,0,0,0,0,0,0
4555,0,0,0,0,0,0
4566,0,0,0,0,0,0
4571,0,0,0,0,0,0
4579,0,0,0,0,0,0
4587,0,0,0,0,0,0
4595,0,0,0,0,0,0
4603,0,0,0,0,0,0
4611,0,0,0,0,0,0
4620,0,0,0,0,0,0
4628,0,0,0,0,0,0
4635,0,0,0,0,0,0
4643,0,0,0,0,0,0
4698,0,0,0,0,0,0
4716,0,0,0,0,0,0
4723,0,0,0,0,0,0
4738,0,0,0,0,0,0
4746,0,0,0,0,0,0
4754,0,0,0,0,0,0
4762,0,0,0,0,0,0
4770,0,0,0,0,0,0
4783,0,0,0,0,0,0
4787,0,0,0,0,0,0
4795,0,0,0,0,0,0
4802,0,0,0,0,0,0
4810,0,0,0,0,0,0
4818,0,0,0,0,0,0
4828,0,0,0,0,0,0
4834,0,0,0,0,0,0
4842,0,0,0,0,0,0
4858,0,0,0,0,0,0
4866,0,0,0,0,0,0
4874,0,0,0,0,0,0
4882,0,0,0,0,0,0
4888,0,0,0,0,0,0
4895,0,0,0,0,0,0
4902,0,0,0,0,0,0
4911,0,0,0,0,0,0
4918,0,0,0,0,0,0
4926,0,0,0,0,0,0
4933,0,0,0,0,0,0
4940,0,0,0,0,0,0
4948,0,0,0,0,0,0
4956,0,0,0,0,0,0
4964,0,0,0,0,0,0
4972,0,0,0,0,0,0
4979,0,0,0,0,0,0
4985,0,0,0,0,0,0
4993,0,0,0,0,0,0
5001,0,0,0,0,0,0
5009,0,0,0,0,0,0
5017,0,0,0,0,0,0
5025,0,0,0,0,0,0
5033,0,0,0,0,0,0
5041,0,0,0,0,0,0
5049,0,0,0,0,0,0
5057,0,0,0,0,0,0
5065,0,0,0,0,0,0
5073,0,0,0,0,0,0
5080,0,0,0,0,0,0
5086,0,0,0,0,0,0
5096,0,0,0,0,0,0
5102,0,0,0,0,0,0
5109,0,0,0,0,0,0
5117,0,0,0,0,0,0
5124,0,0,0,0,0,0
5133,0,0,0,0,0,0
5140,0,0,0,0,0,0
5148,0,0,0,0,0,0
5156,0,0,0,0,0,0
5164,0,0,0,0,0,0
5172,0,0,0,0,0,0
5180,0,0,0,0,0,0
5188,0,0,0,0,0,0
5196,0,0,0,0,0,0
5204,0,0,0,0,0,0
5213,0,0,0,0,0,0
5223,0,0,0,0,0,0
5230,0,0,0,0,0,0
5238,0,0,0,0,0,0
5246,0,0,0,0,0,0
5254,0,0,0,0,0,0
5262,0,0,0,0,0,0
5270,0,0,0,0,0,0
5277,0,0,0,0,0,0
5282,0,0,0,0,0,0
5290,0,0,0,0,0,0
5298,0,0,0,0,0,0
5305,0,0,0,0,0,0
5313,0,0,0,0,0,0
5321,0,0,0,0,0,0
5330,0,0,0,0,0,0
5339,0,0,0,0,0,0
5347,0,0,0,0,0,0
5355,0,0,0,0,0,0
5363,0,0,0,0,0,0
5371,0,0,0,0,0,0
5379,0,0,0,0,0,0
5387,0,0,0,0,0,0
5395,0,0,0,0,0,0
5403,0,0,0,0,0,0
5411,0,0,0,0,0,0
5419,0,0,0,0,0,0
5427,0,0,0,0,0,0
5435,0,0,0,0,0,0
5443,0,0,0,0,0,0
5451,0,0,0,0,0,0
5459,0,0,0,0,0,0
5467,0,0,0,0,0,0
5475,0,0,0,0,0,0
5482,0,0,0,0,0,0
5490,0,0,0,0,0,0
5498,0,0,0,0,0,0
5506,0,0,0,0,0,0
5514,0,0,0,0,0,0
5522,0,0,0,0,0,0
5525,0,0,0,0,0,0
5533,0,0,0,0,0,0
5541,0,0,0,0,0,0
5547,0,0,0,0,0,0
5553,0,0,0,0,0,0
5562,0,0,0,0,0,0
5570,0,0,0,0,0,0
5578,0,0,0,0,0,0
5586,0,0,0,0,0,0
5594,0,0,0,0,0,0
5602,0,0,0,0,0,0
5608,0,0,0,0,0,0
5617,0,0,0,0,0,0
5626,0,0,0,0,0,0
5634,0,0,0,0,0,0
5644,0,0,0,0,0,0
5661,0,0,0,0,0,0
5670,0,0,0,0,0,0
5679,0,0,0,0,0,0
5688,0,0,0,0,0,0
5696,0,0,0,0,0,0
5704,0,0,0,0,0,0
5711,0,0,0,0,0,0
5719,0,0,0,0,0,0
5727,0,0,0,0,0,0
5732,0,0,0,0,0,0
5740,0,0,0,0,0,0
5748,0,0,0,0,0,0
5756,0,0,0,0,0,0
5761,0,0,0,0,0,0
5769,0,0,0,0,0,0
5780,0,0,0,0,0,0
5790,0,0,0,0,0,0
5803,0,0,0,0,0,0
5811,0,0,0,0,0,0
5820,0,0,0,0,0,0
5828,0,0,0,0,0,0
5836,0,0,0,0,0,0
5843,0,0,0,0,0,0
5853,0,0,0,0,0,0
5860,0,0,0,0,0,0
5867,0,0,0,0,0,0
5875,0,0,0,0,0,0
5883,0,0,0,0,0,0
5889,0,0,0,0,0,0
5897,0,0,0,0,0,0
5907,0,0,0,0,0,0
5912,0,0,0,0,0,0
5922,0,0,0,0,0,0
5929,0,0,0,0,0,0
5937,0,0,0,0,0,0
5945,0,0,0,0,0,0
5954,0,0,0,0,0,0
5960,0,0,0,0,0,0
5969,0,0,0,0,0,0
5980,0,0,0,0,0,0
5987,0,0,0,0,0,0
5994,0,0,0,0,0,0
6001,0,0,0,0,0,0
6009,0,0,0,0,0,0
6017,0,0,0,0,0,0
6026,0,0,0,0,0,0
6034,0,0,0,0,0,0
6042,0,0,0,0,0,0
6049,0,0,0,0,0,0
6057,0,0,0,0,0,0
6065,0,0,0,0,0,0
6073,0,0,0,0,0,0
6081,0,0,0,0,0,0
6089,0,0,0,0,0,0
6097,0,0,0,0,0,0
6104,0,0,0,0,0,0
6112,0,0,0,0,0,0
6120,0,0,0,0,0,0
6128,0,0,0,0,0,0
6138,0,0,0,0,0,0
6143,0,0,0,0,0,0
6151,0,0,0,0,0,0
6159,0,0,0,0,0,0
6164,0,0,0,0,0,0
6172,0,0,0,0,0,0
6180,0,0,0,0,0,0
6188,0,0,0,0,0,0
6196,0,0,0,0,0,0
6204,0,0,0,0,0,0
6209,0,0,0,0,0,0
6217,0,0,0,0,0,0
6225,0,0,0,0,0,0
6233,0,0,0,0,0,0
6241,0,0,0,0,0,0
6249,0,0,0,0,0,0
6255,0,0,0,0,0,0
6263,0,0,0,0,0,0
6269,0,0,0,0,0,0
6278,0,0,0,0,0,0
6286,0,0,0,0,0,0
6294,0,0,0,0,0,0
6299,0,0,0,0,0,0
6307,0,0,0,0,0,0
6315,0,0,0,0,0,0
6323,0,0,0,0,0,0
6331,0,0,0,0,0,0
6339,0,0,0,0,0,0
6347,0,0,0,0,0,0
6354,0,0,0,0,0,0
6359,0,0,0,0,0,0
6367,0,0,0,0,0,0
6375,0,0,0,0,0,0
6383,0,0,0,0,0,0
6392,0,0,0,0,0,0
6400,0,0,0,0,0,0
6409,0,0,0,0,0,0
6419,0,0,0,0,0,0
6429,0,0,0,0,0,0
6437,0,0,0,0,0,0
6445,0,0,0,0,0,0
6453,0,0,0,0,0,0
6459,0,0,0,0,0,0
6467,0,0,0,0,0,0
6475,0,0,0,0,0,0
6483,0,0,0,0,0,0
6489,0,0,0,0,0,0
6498,0,0,0,0,0,0
6507,0,0,0,0,0,0
6515,0,0,0,0,0,0
6523,0,0,0,0,0,0
6530,0,0,0,0,0,0
6539,0,0,0,0,0,0
6546,0,0,0,0,0,0
6554,0,0,0,0,0,0
6562,0,0,0,0,0,0
6566,0,0,0,0,0,0
6576,0,0,0,0,0,0
6582,0,0,0,0,0,0
6590,0,0,0,0,0,0
6600,0,0,0,0,0,0
6606,0,0,0,0,0,0
6615,0,0,0,0,0,0
6647,0,0,0,0,0,0
6654,0,0,0,0,0,0
6662,0,0,0,0,0,0
6670,0,0,0,0,0,0
6678,0,0,0,0,0,0
6694,0,0,0,0,0,0
6702,0,0,0,0,0,0
6706,0,0,0,0,0,0
6716,0,0,0,0,0,0
6725,0,0,0,0,0,0
6733,0,0,0,0,0,0
6742,0,0,0,0,0,0
6749,0,0,0,0,0,0
6767,0,0,0,0,0,0
6776,0,0,0,0,0,0
6784,0,0,0,0,0,0
6792,0,0,0,0,0,0
6798,0,0,0,0,0,0
6806,0,0,0,0,0,0
6813,0,0,0,0,0,0
6822,0,0,0,0,0,0
6830,0,0,0,0,0,0
6838,0,0,0,0,0,0
6846,0,0,0,0,0,0
6853,0,0,0,0,0,0
6858,0,0,0,0,0,0
6866,0,0,0,0,0,0
6874,0,0,0,0,0,0
6882,0,0,0,0,0,0
6890,0,0,0,0,0,0
6898,0,0,0,0,0,0
6906,0,0,0,0,0,0
6914,0,0,0,0,0,0
6922,0,0,0,0,0,0
6929,0,0,0,0,0,0
6937,0,0,0,0,0,0
6945,0,0,0,0,0,0
6953,0,0,0,0,0,0
6958,0,0,0,0,0,0
6968,0,0,0,0,0,0
6976,0,0,0,0,0,0
6984,0,0,0,0,0,0
6992,0,0,0,0,0,0
7000,0,0,0,0,0,0
7006,0,0,0,0,0,0
7014,0,0,0,0,0,0
7021,0,0,0,0,0,0
7028,0,0,0,0,0,0
7036,0,0,0,0,0,0
7044,0,0,0,0,0,0
7052,0,0,0,0,0,0
7060,0,0,0,0,0,0
7065,0,0,0,0,0,0
7075,0,0,0,0,0,0
7083,0,0,0,0,0,0
7091,0,0,0,0,0,0
7099,0,0,0,0,0,0
7107,0,0,0,0,0,0
7115,0,0,0,0,0,0
7123,0,0,0,0,0,0
7131,0,0,0,0,0,0
7137,0,0,0,0,0,0
7145,0,0,0,0,0,0
7153,0,0,0,0,0,0
7161,0,0,0,0,0,0
7168,0,0,0,0,0,0
7176,0,0,0,0,0,0
7182,0,0,0,0,0,0
7190,0,0,0,0,0,0
7198,0,0,0,0,0,0
7206,0,0,0,0,0,0
7214,0,0,0,0,0,0
7222,0,0,0,0,0,0
7225,0,0,0,0,0,0
7232,0,0,0,0,0,0
7240,0,0,0,0,0,0
7248,0,0,0,0,0,0
7255,0,0,0,0,0,0
7263,0,0,0,0,0,0
7271,0,0,0,0,0,0
7279,0,0,0,0,0,0
7286,0,0,0,0,0,0
7294,0,0,0,0,0,0
7301,0,0,0,0,0,0
7309,0,0,0,0,0,0
7317,0,0,0,0,0,0
7325,0,0,0,0,0,0
7333,0,0,0,0,0,0
7341,0,0,0,0,0,0
7349,0,0,0,0,0,0
7357,0,0,0,0,0,0
7365,0,0,0,0,0,0
7373,0,0,0,0,0,0
7383,0,0,0,0,0,0
7388,0,0,0,0,0,0
7396,0,0,0,0,0,0
7404,0,0,0,0,0,0
7413,0,0,0,0,0,0
7420,0,0,0,0,0,0
7428,0,0,0,0,0,0
7434,0,0,0,0,0,0
7442,0,0,0,0,0,0
7450,0,0,0,0,0,0
7458,0,0,0,0,0,0
7466,0,0,0,0,0,0
7473,0,0,0,0,0,0
7478,0,0,0,0,0,0
7486,0,0,0,0,0,0
7494,0,0,0,0,0,0
7498,0,0,0,0,0,0
7509,0,0,0,0,0,0
7516,0,0,0,0,0,0
7526,0,0,0,0,0,0
7533,0,0,0,0,0,0
7540,0,0,0,0,0,0
7548,0,0,0,0,0,0
7556,0,0,0,0,0,0
7571,0,0,0,0,0,0
7581,0,0,0,0,0,0
7629,0,0,0,0,0,0
7637,0,0,0,0,0,0
7645,0,0,0,0,0,0
7653,0,0,0,0,0,0
7661,0,0,0,0,0,0
7669,0,0,0,0,0,0
7677,0,0,0,0,0,0
7686,0,0,0,0,0,0
7696,0,0,0,0,0,0
7704,0,0,0,0,0,0
7715,0,0,0,0,0,0
7723,0,0,0,0,0,0
7731,0,0,0,0,0,0
7737,0,0,0,0,0,0
7745,0,0,0,0,0,0
7753,0,0,0,0,0,0
7761,0,0,0,0,0,0
7769,0,0,0,0,0,0
7777,0,0,0,0,0,0
7784,0,0,0,0,0,0
7792,0,0,0,0,0,0
7800,0,0,0,0,0,0
7808,0,0,0,0,0,0
7816,0,0,0,0,0,0
7823,0,0,0,0,0,0
7830,0,0,0,0,0,0
7838,0,0,0,0,0,0
7846,0,0,0,0,0,0
7854,0,0,0,0,0,0
7862,0,0,0,0,0,0
7870,0,0,0,0,0,0
7878,0,0,0,0,0,0
7885,0,0,0,0,0,0
7892,0,0,0,0,0,0
7900,0,0,0,0,0,0
7908,0,0,0,0,0,0
7916,0,0,0,0,0,0
7924,0,0,0,0,0,0
7933,0,0,0,0,0,0
7941,0,0,0,0,0,0
7948,0,0,0,0,0,0
7955,0,0,0,0,0,0
7963,0,0,0,0,0,0
7970,0,0,0,0,0,0
7979,0,0,0,0,0,0
7987,0,0,0,0,0,0
7993,0,0,0,0,0,0
8004,0,0,0,0,0,0
8014,0,0,0,0,0,0
8022,0,0,0,0,0,0
8028,0,0,0,0,0,0
8046,0,0,0,0,0,0
8054,0,0,0,0,0,0
8062,0,0,0,0,0,0
8070,0,0,0,0,0,0
8077,0,0,0,0,0,0
8085,0,0,0,0,0,0
8092,0,0,0,0,0,0
8100,0,0,0,0,0,0
8108,0,0,0,0,0,0
8116,0,0,0,0,0,0
8124,0,0,0,0,0,0
8130,0,0,0,0,0,0
8137,0,0,0,0,0,0
8145,0,0,0,0,0,0
8153,0,0,0,0,0,0
8161,0,0,0,0,0,0
8169,0,0,0,0,0,0
8177,0,0,0,0,0,0
8185,0,0,0,0,0,0
8193,0,0,0,0,0,0
8199,0,0,0,0,0,0
8207,0,0,0,0,0,0
8215,0,0,0,0,0,0
8222,0,0,0,0,0,0
8230,0,0,0,0,0,0
8237,0,0,0,0,0,0
8247,0,0,0,0,0,0
8252,0,0,0,0,0,0
8260,0,0,0,0,0,0
8268,0,0,0,0,0,0
8276,0,0,0,0,0,0
8285,0,0,0,0,0,0
8293,0,0,0,0,0,0
8300,0,0,0,0,0,0
8308,0,0,0,0,0,0
8317,0,0,0,0,0,0
8325,0,0,0,0,0,0
8333,0,0,0,0,0,0
8341,0,0,0,0,0,0
8348,0,0,0,0,0,0
8358,0,0,0,0,0,0
8364,0,0,0,0,0,0
8372,0,0,0,0,0,0
8380,0,0,0,0,0,0
8389,0,0,0,0,0,0
8397,0,0,0,0,0,0
8404,0,0,0,0,0,0
8412,0,0,0,0,0,0
8419,0,0,0,0,0,0
8427,0,0,0,0,0,0
8434,0,0,0,0,0,0
8445,0,0,0,0,0,0
8450,0,0,0,0,0,0
8458,0,0,0,0,0,0
8466,0,0,0,0,0,0
8471,0,0,0,0,0,0
8483,0,0,0,0,0,0
8490,0,0,0,0,0,0
8495,0,0,0,0,0,0
8503,0,0,0,0,0,0
8511,0,0,0,0,0,0
8519,0,0,0,0,0,0
8527,0,0,0,0,0,0
8534,0,0,0,0,0,0
8548,0,0,0,0,0,0
8572,0,0,0,0,0,0
8593,0,0,0,0,0,0
8601,0,0,0,0,0,0
8609,0,0,0,0,0,0
8617,0,0,0,0,0,0
8623,0,0,0,0,0,0
8631,0,0,0,0,0,0
8640,0,0,0,0,0,0
8648,0,0,0,0,0,0
8656,0,0,0,0,0,0
8664,0,0,0,0,0,0
8672,0,0,0,0,0,0
8677,0,0,0,0,0,0
8687,0,0,0,0,0,0
8697,0,0,0,0,0,0
8702,0,0,0,0,0,0
8710,0,0,0,0,0,0
8718,0,0,0,0,0,0
8726,0,0,0,0,0,0
8734,0,0,0,0,0,0
8742,0,0,0,0,0,0
8747,0,0,0,0,0,0
8755,0,0,0,0,0,0
8763,0,0,0,0,0,0
8769,0,0,0,0,0,0
8776,0,0,0,0,0,0
8785,0,0,0,0,0,0
8792,0,0,0,0,0,0
8800,0,0,0,0,0,0
8808,0,0,0,0,0,0
8816,0,0,0,0,0,0
8823,0,0,0,0,0,0
8831,0,0,0,0,0,0
8837,0,0,0,0,0,0
8845,0,0,0,0,0,0
8853,0,0,0,0,0,0
8861,0,0,0,0,0,0
8869,0,0,0,0,0,0
8876,0,0,0,0,0,0
8886,0,0,0,0,0,0
8891,0,0,0,0,0,0
8899,0,0,0,0,0,0
8907,0,0,0,0,0,0
8915,0,0,0,0,0,0
8923,0,0,0,0,0,0
8930,0,0,0,0,0,0
8939,0,0,0,0,0,0
8947,0,0,0,0,0,0
8955,0,0,0,0,0,0
8962,0,0,0,0,0,0
8969,0,0,0,0,0,0
8977,0,0,0,0,0,0
8985,0,0,0,0,0,0
8992,0,0,0,0,0,0
8999,0,0,0,0,0,0
9007,0,0,0,0,0,0
9015,0,0,0,0,0,0
9023,0,0,0,0,0,0
9031,0,0,0,0,0,0
9039,0,0,0,0,0,0
9046,0,0,0,0,0,0
9053,0,0,0,0,0,0
9061,0,0,0,0,0,0
9068,0,0,0,0,0,0
9076,0,0,0,0,0,0
9084,0,0,0,0,0,0
9089,0,0,0,0,0,0
9097,0,0,0,0,0,0
9105,0,0,0,0,0,0
9113,0,0,0,0,0,0
9121,0,0,0,0,0,0
9126,0,0,0,0,0,0
9134,0,0,0,0,0,0
9142,0,0,0,0,0,0
9150,0,0,0,0,0,0
9158,0,0,0,0,0,0
9165,0,0,0,0,0,0
9174,0,0,0,0,0,0
9182,0,0,0,0,0,0
9189,0,0,0,0,0,0
9199,0,0,0,0,0,0
9207,0,0,0,0,0,0
9216,0,0,0,0,0,0
9225,0,0,0,0,0,0
9234,0,0,0,0,0,0
9242,0,0,0,0,0,0
9250,0,0,0,0,0,0
9258,0,0,0,0,0,0
9266,0,0,0,0,0,0
9274,0,0,0,0,0,0
9282,0,0,0,0,0,0
9290,0,0,0,0,0,0
9298,0,0,0,0,0,0
9306,0,0,0,0,0,0
9314,0,0,0,0,0,0
9322,0,0,0,0,0,0
9330,0,0,0,0,0,0
9338,0,0,0,0,0,0
9343,0,0,0,0,0,0
9351,0,0,0,0,0,0
9359,0,0,0,0,0,0
9366,0,0,0,0,0,0
9373,0,0,0,0,0,0
9382,0,0,0,0,0,0
9389,0,0,0,0,0,0
9397,0,0,0,0,0,0
9405,0,0,0,0,0,0
9413,0,0,0,0,0,0
9420,0,0,0,0,0,0
9428,0,0,0,0,0,0
9436,0,0,0,0,0,0
9444,0,0,0,0,0,0
9449,0,0,0,0,0,0
9457,0,0,0,0,0,0
9465,0,0,0,0,0,0
9473,0,0,0,0,0,0
9481,0,0,0,0,0,0
9489,0,0,0,0,0,0
9496,0,0,0,0,0,0
9504,0,0,0,0,0,0
9520,0,0,0,0,0,0
9536,0,0,0,0,0,0
9542,0,0,0,0,0,0
9548,0,0,0,0,0,0
9556,0,0,0,0,0,0
9564,0,0,0,0,0,0
9572,0,0,0,0,0,0
9580,0,0,0,0,0,0
9588,0,0,0,0,0,0
9597,0,0,0,0,0,0
9604,0,0,0,0,0,0
9613,0,0,0,0,0,0
9637,0,0,0,0,0,0
9652,0,0,0,0,0,0
9660,0,0,0,0,0,0
9668,0,0,0,0,0,0
9676,0,0,0,0,0,0
9684,0,0,0,0,0,0
9689,0,0,0,0,0,0
9697,0,0,0,0,0,0
9704,0,0,0,0,0,0
9712,0,0,0,0,0,0
9720,0,0,0,0,0,0
9729,0,0,0,0,0,0
9740,0,0,0,0,0,0
9751,0,0,0,0,0,0
9757,0,0,0,0,0,0
9764,0,0,0,0,0,0
9772,0,0,0,0,0,0
9779,0,0,0,0,0,0
9786,0,0,0,0,0,0
9794,0,0,0,0,0,0
9803,0,0,0,0,0,0
9812,0,0,0,0,0,0
9820,0,0,0,0,0,0
9828,0,0,0,0,0,0
9835,0,0,0,0,0,0
9843,0,0,0,0,0,0
9852,0,0,0,0,0,0
9860,0,0,0,0,0,0
9868,0,0,0,0,0,0
9874,0,0,0,0,0,0
9881,0,0,0,0,0,0
9889,0,0,0,0,0,0
9897,0,0,0,0,0,0
9905,0,0,0,0,0,0
9913,0,0,0,0,0,0
9921,0,0,0,0,0,0
9928,0,0,0,0,0,0
9935,0,0,0,0,0,0
9943,0,0,0,0,0,0
9951,0,0,0,0,0,0
9959,0,0,0,0,0,0
9967,0,0,0,0,0,0
9973,0,0,0,0,0,0
9982,0,0,0,0,0,0
9989,0,0,0,0,0,0
9997,0,0,0,0,0,0
10005,0,0,0,0,0,0
10013,0,0,0,0,0,0
10021,0,0,0,0,0,0
10028,0,0,0,0,0,0
10038,0,0,0,0,0,0
10044,0,0,0,0,0,0
10053,0,0,0,0,0,0
10061,0,0,0,0,0,0
10069,0,0,0,0,0,0
10077,0,0,0,0,0,0
10085,0,0,0,0,0,0
10092,0,0,0,0,0,0
10099,0,0,0,0,0,0
10107,0,0,0,0,0,0
10115,0,0,0,0,0,0
10123,0,0,0,0,0,0
10131,0,0,0,0,0,0
10139,0,0,0,0,0,0
10147,0,0,0,0,0,0
10155,0,0,0,0,0,0
10160,0,0,0,0,0,0
10167,0,0,0,0,0,0
10175,0,0,0,0,0,0
10183,0,0,0,0,0,0
10189,0,0,0,0,0,0
10198,0,0,0,0,0,0
10208,0,0,0,0,0,0
10215,0,0,0,0,0,0
10223,0,0,0,0,0,0
10231,0,0,0,0,0,0
10238,0,0,0,0,0,0
10246,0,0,0,0,0,0
10254,0,0,0,0,0,0
10260,0,0,0,0,0,0
10268,0,0,0,0,0,0
10276,0,0,0,0,0,0
10284,0,0,0,0,0,0
10292,0,0,0,0,0,0
10300,0,0,0,0,0,0
10305,0,0,0,0,0,0
10312,0,0,0,0,0,0
10320,0,0,0,0,0,0
10328,0,0,0,0,0,0
10336,0,0,0,0,0,0
10344,0,0,0,0,0,0
10351,0,0,0,0,0,0
10359,0,0,0,0,0,0
10367,0,0,0,0,0,0
10375,0,0,0,0,0,0
10383,0,0,0,0,0,0
10391,0,0,0,0,0,0
10397,0,0,0,0,0,0
10405,0,0,0,0,0,0
10415,0,0,0,0,0,0
10425,0,0,0,0,0,0
10433,0,0,0,0,0,0
10441,0,0,0,0,0,0
10446,0,0,0,0,0,0
10454,0,0,0,0,0,0
10462,0,0,0,0,0,0
10469,0,0,0,0,0,0
10477,0,0,0,0,0,0
10500,0,0,0,0,0,0
10506,0,0,0,0,0,0
10512,0,0,0,0,0,0
10526,0,0,0,0,0,0
10531,0,0,0,0,0,0
10562,0,0,0,0,0,0
10571,0,0,0,0,0,0
10579,0,0,0,0,0,0
10594,0,0,0,0,0,0
10634,0,0,0,0,0,0
10641,0,0,0,0,0,0
10649,0,0,0,0,0,0
10657,0,0,0,0,0,0
10665,0,0,0,0,0,0
10677,0,0,0,0,0,0
10684,0,0,0,0,0,0
10695,0,0,0,0,0,0
10700,0,0,0,0,0,0
10708,0,0,0,0,0,0
10717,0,0,0,0,0,0
10725,0,0,0,0,0,0
10733,0,0,0,0,0,0
10741,0,0,0,0,0,0
10748,0,0,0,0,0,0
10757,0,0,0,0,0,0
10765,0,0,0,0,0,0
10773,0,0,0,0,0,0
10781,0,0,0,0,0,0
10787,0,0,0,0,0,0
10796,0,0,0,0,0,0
10804,0,0,0,0,0,0
10809,0,0,0,0,0,0
10821,0,0,0,0,0,0
10829,0,0,0,0,0,0
10835,0,0,0,0,0,0
10843,0,0,0,0,0,0
10851,0,0,0,0,0,0
10859,0,0,0,0,0,0
10868,0,0,0,0,0,0
10875,0,0,0,0,0,0
10882,0,0,0,0,0,0
10892,0,0,0,0,0,0
10900,0,0,0,0,0,0
10908,0,0,0,0,0,0
10918,0,0,0,0,0,0
10927,0,0,0,0,0,0
10946,0,0,0,0,0,0
10953,0,0,0,0,0,0
10963,0,0,0,0,0,0
10970,0,0,0,0,0,0
10978,0,0,0,0,0,0
10986,0,0,0,0,0,0
10994,0,0,0,0,0,0
11002,0,0,0,0,0,0
11010,0,0,0,0,0,0
11018,0,0,0,0,0,0
11035,0,0,0,0,0,0
11043,0,0,0,0,0,0
11051,0,0,0,0,0,0
11059,0,0,0,0,0,0
11067,0,0,0,0,0,0
11075,0,0,0,0,0,0
11083,0,0,0,0,0,0
11090,0,0,0,0,0,0
11100,0,0,0,0,0,0
11106,0,0,0,0,0,0
11114,0,0,0,0,0,0
11122,0,0,0,0,0,0
11130,0,0,0,0,0,0
11137,0,0,0,0,0,0
11144,0,0,0,0,0,0
11154,0,0,0,0,0,0
11160,0,0,0,0,0,0
11169,0,0,0,0,0,0
11178,0,0,0,0,0,0
11186,0,0,0,0,0,0
11194,0,0,0,0,0,0
11202,0,0,0,0,0,0
11209,0,0,0,0,0,0
11214,0,0,0,0,0,0
11222,0,0,0,0,0,0
11230,0,0,0,0,0,0
11239,0,0,0,0,0,0
11247,0,0,0,0,0,0
11253,0,0,0,0,0,0
11271,0,0,0,0,0,0
11277,0,0,0,0,0,0
11285,0,0,0,0,0,0
11293,0,0,0,0,0,0
11301,0,0,0,0,0,0
11308,0,0,0,0,0,0
11316,0,0,0,0,0,0
11323,0,0,0,0,0,0
11331,0,0,0,0,0,0
11339,0,0,0,0,0,0
11347,0,0,0,0,0,0
11355,0,0,0,0,0,0
11363,0,0,0,0,0,0
11371,0,0,0,0,0,0
11378,0,0,0,0,0,0
11385,0,0,0,0,0,0
11394,0,0,0,0,0,0
11402,0,0,0,0,0,0
11410,0,0,0,0,0,0
11418,0,0,0,0,0,0
11426,0,0,0,0,0,0
11434,0,0,0,0,0,0
11439,0,0,0,0,0,0
11448,0,0,0,0,0,0
11458,0,0,0,0,0,0
11467,0,0,0,0,0,0
11477,0,0,0,0,0,0
11486,0,0,0,0,0,0
11497,0,0,0,0,0,0
11503,0,0,0,0,0,0
11511,0,0,0,0,0,0
11522,0,0,0,0,0,0
11531,0,0,0,0,0,0
11540,0,0,0,0,0,0
11549,0,0,0,0,0,0
11557,0,0,0,0,0,0
11566,0,0,0,0,0,0
11585,0,0,0,0,0,0
11595,0,0,0,0,0,0
11600,0,0,0,0,0,0
11608,0,0,0,0,0,0
11616,0,0,0,0,0,0
11624,0,0,0,0,0,0
11632,0,0,0,0,0,0
11636,0,0,0,0,0,0
11644,0,0,0,0,0,0
11652,0,0,0,0,0,0
11660,0,0,0,0,0,0
11668,0,0,0,0,0,0
11676,0,0,0,0,0,0
11683,0,0,0,0,0,0
11690,0,0,0,0,0,0
11698,0,0,0,0,0,0
11706,0,0,0,0,0,0
11714,0,0,0,0,0,0
11722,0,0,0,0,0,0
11727,0,0,0,0,0,0
11735,0,0,0,0,0,0
11743,0,0,0,0,0,0
11751,0,0,0,0,0,0
11759,0,0,0,0,0,0
11767,0,0,0,0,0,0
11775,0,0,0,0,0,0
11782,0,0,0,0,0,0
11789,0,0,0,0,0,0
11797,0,0,0,0,0,0
11805,0,0,0,0,0,0
11813,0,0,0,0,0,0
11822,0,0,0,0,0,0
11829,0,0,0,0,0,0
11835,0,0,0,0,0,0
11842,0,0,0,0,0,0
11850,0,0,0,0,0,0
11858,0,0,0,0,0,0
11866,0,0,0,0,0,0
11874,0,0,0,0,0,0
11882,0,0,0,0,0,0
11890,0,0,0,0,0,0
11898,0,0,0,0,0,0
11906,0,0,0,0,0,0
11914,0,0,0,0,0,0
11922,0,0,0,0,0,0
11930,0,0,0,0,0,0
11938,0,0,0,0,0,0
11946,0,0,0,0,0,0
11954,0,0,0,0,0,0
11963,0,0,0,0,0,0
11971,0,0,0,0,0,0
11979,0,0,0,0,0,0
11987,0,0,0,0,0,0
11995,0,0,0,0,0,0
12003,0,0,0,0,0,0
12008,0,0,0,0,0,0
12019,0,0,0,0,0,0
12023,0,0,0,0,0,0
12029,0,0,0,0,0,0
12037,0,0,0,0,0,0
12044,0,0,0,0,0,0
12052,0,0,0,0,0,0
12060,0,0,0,0,0,0
12068,0,0,0,0,0,0
12076,0,0,0,0,0,0
12084,0,0,0,0,0,0
12092,0,0,0,0,0,0
12100,0,0,0,0,0,0
12107,0,0,0,0,0,0
12115,0,0,0,0,0,0
12124,0,0,0,0,0,0
12133,0,0,0,0,0,0
12143,0,0,0,0,0,0
12153,0,0,0,0,0,0
12162,0,0,0,0,0,0
12169,0,0,0,0,0,0
12177,0,0,0,0,0,0
12183,0,0,0,0,0,0
12191,0,0,0,0,0,0
12199,0,0,0,0,0,0
12207,0,0,0,0,0,0
12214,0,0,0,0,0,0
12223,0,0,0,0,0,0
12231,0,0,0,0,0,0
12240,0,0,0,0,0,0
12249,0,0,0,0,0,0
12258,0,0,0,0,0,0
12265,0,0,0,0,0,0
12272,0,0,0,0,0,0
12280,0,0,0,0,0,0
12288,0,0,0,0,0,0
12296,0,0,0,0,0,0
12304,0,0,0,0,0,0
12312,0,0,0,0,0,0
12320,0,0,0,0,0,0
12329,0,0,0,0,0,0
12337,0,0,0,0,0,0
12345,0,0,0,0,0,0
12352,0,0,0,0,0,0
12360,0,0,0,0,0,0
12366,0,0,0,0,0,0
12374,0,0,0,0,0,0
12383,0,0,0,0,0,0
12393,0,0,0,0,0,0
12396,0,0,0,0,0,0
12404,0,0,0,0,0,0
12413,0,0,0,0,0,0
12421,0,0,0,0,0,0
12429,0,0,0,0,0,0
12437,0,0,0,0,0,0
12447,0,0,0,0,0,0
12456,0,0,0,0,0,0
12464,0,0,0,0,0,0
12480,0,0,0,0,0,0
12488,0,0,0,0,0,0
12496,0,0,0,0,0,0
12504,0,0,0,0,0,0
12512,0,0,0,0,0,0
12520,0,0,0,0,0,0
12528,0,0,0,0,0,0
12543,0,0,0,0,0,0
12551,0,0,0,0,0,0
12560,0,0,0,0,0,0
12568,0,0,0,0,0,0
12576,0,0,0,0,0,0
12589,0,0,0,0,0,0
12596,0,0,0,0,0,0
12604,0,0,0,0,0,0
12613,0,0,0,0,0,0
12621,0,0,0,0,0,0
12628,0,0,0,0,0,0
12636,0,0,0,0,0,0
12650,0,0,0,0,0,0
12658,0,0,0,0,0,0
12664,0,0,0,0,0,0
12671,0,0,0,0,0,0
12679,0,0,0,0,0,0
12687,0,0,0,0,0,0
12694,0,0,0,0,0,0
12701,0,0,0,0,0,0
12711,0,0,0,0,0,0
12717,0,0,0,0,0,0
12725,0,0,0,0,0,0
12733,0,0,0,0,0,0
12740,0,0,0,0,0,0
12749,0,0,0,0,0,0
12756,0,0,0,0,0,0
12763,0,0,0,0,0,0
12770,0,0,0,0,0,0
12777,0,0,0,0,0,0
12785,0,0,0,0,0,0
12792,0,0,0,0,0,0
12801,0,0,0,0,0,0
12808,0,0,0,0,0,0
12816,0,0,0,0,0,0
12824,0,0,0,0,0,0
12832,0,0,0,0,0,0
12840,0,0,0,0,0,0
12848,0,0,0,0,0,0
12856,0,0,0,0,0,0
12864,0,0,0,0,0,0
12872,0,0,0,0,0,0
12878,0,0,0,0,0,0
12886,0,0,0,0,0,0
12894,0,0,0,0,0,0
12901,0,0,0,0,0,0
12908,0,0,0,0,0,0
12916,0,0,0,0,0,0
12924,0,0,0,0,0,0
12932,0,0,0,0,0,0
12940,0,0,0,0,0,0
12948,0,0,0,0,0,0
12956,0,0,0,0,0,0
12963,0,0,0,0,0,0
12971,0,0,0,0,0,0
12980,0,0,0,0,0,0
12990,0,0,0,0,0,0
12995,0,0,0,0,0,0
13003,0,0,0,0,0,0
13011,0,0,0,0,0,0
13018,0,0,0,0,0,0
13026,0,0,0,0,0,0
13033,0,0,0,0,0,0
13041,0,0,0,0,0,0
13049,0,0,0,0,0,0
13057,0,0,0,0,0,0
13065,0,0,0,0,0,0
13073,0,0,0,0,0,0
13081,0,0,0,0,0,0
13089,0,0,0,0,0,0
13095,0,0,0,0,0,0
13103,0,0,0,0,0,0
13111,0,0,0,0,0,0
13119,0,0,0,0,0,0
13124,0,0,0,0,0,0
13133,0,0,0,0,0,0
13141,0,0,0,0,0,0
13148,0,0,0,0,0,0
13156,0,0,0,0,0,0
13164,0,0,0,0,0,0
13172,0,0,0,0,0,0
13180,0,0,0,0,0,0
13188,0,0,0,0,0,0
13196,0,0,0,0,0,0
13205,0,0,0,0,0,0
13216,0,0,0,0,0,0
13223,0,0,0,0,0,0
13230,0,0,0,0,0,0
13238,0,0,0,0,0,0
13246,0,0,0,0,0,0
13254,0,0,0,0,0,0
13262,0,0,0,0,0,0
13270,0,0,0,0,0,0
13278,0,0,0,0,0,0
13284,0,0,0,0,0,0
13292,0,0,0,0,0,0
13300,0,0,0,0,0,0
13308,0,0,0,0,0,0
13316,0,0,0,0,0,0
13322,0,0,0,0,0,0
13334,0,0,0,0,0,0
13338,0,0,0,0,0,0
13348,0,0,0,0,0,0
13358,0,0,0,0,0,0
13366,0,0,0,0,0,0
13373,0,0,0,0,0,0
13380,0,0,0,0,0,0
13388,0,0,0,0,0,0
13396,0,0,0,0,0,0
13404,0,0,0,0,0,0
13423,0,0,0,0,0,0
13428,0,0,0,0,0,0
13441,0,0,0,0,0,0
13447,0,0,0,0,0,0
13455,0,0,0,0,0,0
13478,0,0,0,0,0,0
13486,0,0,0,0,0,0
13494,0,0,0,0,0,0
13501,0,0,0,0,0,0
13532,0,0,0,0,0,0
13540,0,0,0,0,0,0
13544,0,0,0,0,0,0
13567,0,0,0,0,0,0
13575,0,0,0,0,0,0
13583,0,0,0,0,0,0
13591,0,0,0,0,0,0
13599,0,0,0,0,0,0
13607,0,0,0,0,0,0
13615,0,0,0,0,0,0
13623,0,0,0,0,0,0
13630,0,0,0,0,0,0
13639,0,0,0,0,0,0
13647,0,0,0,0,0,0
13656,0,0,0,0,0,0
13665,0,0,0,0,0,0
13672,0,0,0,0,0,0
13679,0,0,0,0,0,0
13687,0,0,0,0,0,0
13695,0,0,0,0,0,0
13703,0,0,0,0,0,0
13710,0,0,0,0,0,0
13718,0,0,0,0,0,0
13725,0,0,0,0,0,0
13737,0,0,0,0,0,0
13743,0,0,0,0,0,0
13754,0,0,0,0,0,0
13760,0,0,0,0,0,0
13768,0,0,0,0,0,0
13776,0,0,0,0,0,0
13784,0,0,0,0,0,0
13792,0,0,0,0,0,0
13800,0,0,0,0,0,0
13807,0,0,0,0,0,0
13814,0,0,0,0,0,0
13821,0,0,0,0,0,0
13829,0,0,0,0,0,0
13837,0,0,0,0,0,0
13845,0,0,0,0,0,0
13853,0,0,0,0,0,0
13859,0,0,0,0,0,0
13868,0,0,0,0,0,0
13876,0,0,0,0,0,0
13881,0,0,0,0,0,0
13890,0,0,0,0,0,0
13898,0,0,0,0,0,0
13906,0,0,0,0,0,0
13914,0,0,0,0,0,0
13922,0,0,0,0,0,0
13930,0,0,0,0,0,0
13938,0,0,0,0,0,0
13946,0,0,0,0,0,0
13954,0,0,0,0,0,0
13961,0,0,0,0,0,0
13969,0,0,0,0,0,0
13977,0,0,0,0,0,0
13985,0,0,0,0,0,0
13993,0,0,0,0,0,0
14001,0,0,0,0,0,0
14009,0,0,0,0,0,0
14017,0,0,0,0,0,0
14025,0,0,0,0,0,0
14032,0,0,0,0,0,0
14041,0,0,0,0,0,0
14049,0,0,0,0,0,0
14057,0,0,0,0,0,0
14065,0,0,0,0,0,0
14073,0,0,0,0,0,0
14080,0,0,0,0,0,0
14088,0,0,0,0,0,0
14094,0,0,0,0,0,0
14102,0,0,0,0,0,0
14110,0,0,0,0,0,0
14118,0,0,0,0,0,0
14125,0,0,0,0,0,0
14131,0,0,0,0,0,0
14138,0,0,0,0,0,0
14146,0,0,0,0,0,0
14154,0,0,0,0,0,0
14162,0,0,0,0,0,0
14171,0,0,0,0,0,0
14178,0,0,0,0,0,0
14187,0,0,0,0,0,0
14194,0,0,0,0,0,0
14203,0,0,0,0,0,0
14211,0,0,0,0,0,0
14219,0,0,0,0,0,0
14227,0,0,0,0,0,0
14235,0,0,0,0,0,0
14243,0,0,0,0,0,0
14251,0,0,0,0,0,0
14259,0,0,0,0,0,0
14264,0,0,0,0,0,0
14273,0,0,0,0,0,0
14280,0,0,0,0,0,0
14288,0,0,0,0,0,0
14295,0,0,0,0,0,0
14305,0,0,0,0,0,0
14310,0,0,0,0,0,0
14320,0,0,0,0,0,0
14327,0,0,0,0,0,0
14335,0,0,0,0,0,0
14343,0,0,0,0,0,0
14351,0,0,0,0,0,0
14359,0,0,0,0,0,0
14364,0,0,0,0,0,0
14376,0,0,0,0,0,0
14382,0,0,0,0,0,0
14414,0,0,0,0,0,0
14421,0,0,0,0,0,0
14450,0,0,0,0,0,0
14458,0,0,0,0,0,0
14463,0,0,0,0,0,0
14481,0,0,0,0,0,0
14494,0,0,0,0,0,0
14502,0,0,0,0,0,0
14507,0,0,0,0,0,0
14515,0,0,0,0,0,0
14523,0,0,0,0,0,0
14525,0,0,0,0,0,0
14533,0,0,0,0,0,0
14541,0,0,0,0,0,0
14549,0,0,0,0,0,0
14557,0,0,0,0,0,0
14563,0,0,0,0,0,0
14572,0,0,0,0,0,0
14581,0,0,0,0,0,0
14588,0,0,0,0,0,0
14596,0,0,0,0,0,0
14603,0,0,0,0,0,0
14610,0,0,0,0,0,0
14617,0,0,0,0,0,0
14624,0,0,0,0,0,0
14632,0,0,0,0,0,0
14640,0,0,0,0,0,0
14648,0,0,0,0,0,0
14655,0,0,0,0,0,0
14661,0,0,0,0,0,0
14669,0,0,0,0,0,0
14677,0,0,0,0,0,0
14686,0,0,0,0,0,0
14693,0,0,0,0,0,0
14702,0,0,0,0,0,0
14710,0,0,0,0,0,0
14716,0,0,0,0,0,0
14722,0,0,0,0,0,0
14730,0,0,0,0,0,0
14738,0,0,0,0,0,0
14746,0,0,0,0,0,0
14754,0,0,0,0,0,0
14762,0,0,0,0,0,0
14769,0,0,0,0,0,0
14777,0,0,0,0,0,0
14785,0,0,0,0,0,0
14793,0,0,0,0,0,0
14801,0,0,0,0,0,0
14810,0,0,0,0,0,0
14818,0,0,0,0,0,0
14826,0,0,0,0,0,0
14834,0,0,0,0,0,0
14842,0,0,0,0,0,0
14850,0,0,0,0,0,0
14858,0,0,0,0,0,0
14866,0,0,0,0,0,0
14873,0,0,0,0,0,0
14881,0,0,0,0,0,0
14889,0,0,0,0,0,0
14896,0,0,0,0,0,0
14904,0,0,0,0,0,0
14912,0,0,0,0,0,0
14920,0,0,0,0,0,0
14928,0,0,0,0,0,0
14935,0,0,0,0,0,0
14941,0,0,0,0,0,0
14951,0,0,0,0,0,0
14961,0,0,0,0,0,0
14967,0,0,0,0,0,0
14975,0,0,0,0,0,0
14983,0,0,0,0,0,0
14991,0,0,0,0,0,0
14999,0,0,0,0,0,0
15007,0,0,0,0,0,0
15015,0,0,0,0,0,0
15021,0,0,0,0,0,0
15029,0,0,0,0,0,0
15037,0,0,0,0,0,0
15045,0,0,0,0,0,0
15053,0,0,0,0,0,0
15059,0,0,0,0,0,0
15069,0,0,0,0,0,0
15075,0,0,0,0,0,0
15083,0,0,0,0,0,0
15091,0,0,0,0,0,0
15099,0,0,0,0,0,0
15107,0,0,0,0,0,0
15115,0,0,0,0,0,0
15123,0,0,0,0,0,0
15129,0,0,0,0,0,0
15137,0,0,0,0,0,0
15145,0,0,0,1,1,0
15153,0,0,0,0,0,0
15161,0,0,0,0,0,0
15169,0,0,0,0,0,0
15175,0,0,0,0,0,0
15183,0,0,0,0,0,0
15191,0,0,0,0,0,0
15199,0,0,0,0,0,0
15207,0,0,0,0,0,0
15215,0,0,0,0,0,0
15223,0,0,0,0,0,0
15231,0,0,0,0,0,0
15237,0,0,0,0,0,0
15246,0,0,0,0,0,0
15257,0,0,0,0,0,0
15266,0,0,0,0,0,0
15273,0,0,0,0,0,0
15283,0,0,0,0,0,0
15290,0,0,0,0,0,0
15299,0,0,0,0,0,0
15309,0,0,0,0,0,0
15313,0,0,0,0,0,0
15321,0,0,0,0,0,0
15329,0,0,0,0,0,0
15337,0,0,0,0,0,0
15343,0,0,0,0,0,0
15358,0,0,0,0,0,0
15366,0,0,0,0,0,0
15373,0,0,0,0,0,0
15381,0,0,0,0,0,0
15390,0,0,0,0,0,0
15398,0,0,0,0,0,0
15407,0,0,0,0,0,0
15415,0,0,0,0,0,0
15425,0,0,0,0,0,0
15440,0,0,0,0,0,0
15448,0,0,0,0,0,0
15456,0,0,0,0,0,0
15471,0,0,0,0,0,0
15476,0,0,0,0,0,0
15485,0,0,0,0,0,0
15501,0,0,0,0,0,0
15509,0,0,0,0,0,0
15517,0,0,0,0,0,0
15525,0,0,0,0,0,0
15530,0,0,0,0,0,0
15538,0,0,0,0,0,0
15546,0,0,0,0,0,0
15553,0,0,0,0,0,0
15560,0,0,0,0,0,0
15568,0,0,0,0,0,0
15576,0,0,0,0,0,0
15584,0,0,0,0,0,0
15591,0,0,0,0,0,0
15603,0,0,0,0,0,0
15611,0,0,0,0,0,0
15620,0,0,0,0,0,0
15628,0,0,0,0,0,0
15636,0,0,0,0,0,0
15642,0,0,0,0,0,0
15652,0,0,0,0,0,0
15659,0,0,0,0,0,0
15667,0,0,0,0,0,0
15675,0,0,0,0,0,0
15683,0,0,0,0,0,0
15688,0,0,0,0,0,0
15695,0,0,0,0,0,0
15703,0,0,0,0,0,0
15711,0,0,0,0,0,0
15719,0,0,0,0,0,0
15727,0,0,0,0,0,0
15735,0,0,0,0,0,0
15742,0,0,0,0,0,0
15750,0,0,0,0,0,0
15758,0,0,0,0,0,0
15766,0,0,0,0,0,0
15774,0,0,0,0,0,0
15782,0,0,0,0,0,0
15788,0,0,0,0,0,0
15797,0,0,0,0,0,0
15803,0,0,0,0,0,0
15810,0,0,0,0,0,0
15818,0,0,0,0,0,0
15825,0,0,0,0,0,0
15832,0,0,0,0,0,0
15840,0,0,0,0,0,0
15848,0,0,0,0,0,0
15856,0,0,0,0,0,0
15864,0,0,0,0,0,0
15871,0,0,0,0,0,0
15880,0,0,0,0,0,0
15888,0,0,0,0,0,0
15894,0,0,0,0,0,0
15901,0,0,0,0,0,0
15909,0,0,0,0,0,0
15915,0,0,0,0,0,0
15930,0,0,0,0,0,0
15938,0,0,0,0,0,0
15946,0,0,0,0,0,0
15954,0,0,0,0,0,0
15962,0,0,0,0,0,0
15970,0,0,0,0,0,0
15978,0,0,0,0,0,0
15983,0,0,0,0,0,0
15991,0,0,0,0,0,0
15999,0,0,0,0,0,0
16006,0,0,0,0,0,0
16014,0,0,0,0,0,0
16028,0,0,0,0,0,0
16036,0,0,0,0,0,0
16044,0,0,0,0,0,0
16052,0,0,0,0,0,0
16059,0,0,0,0,0,0
16065,0,0,0,0,0,0
16073,0,0,0,0,0,0
16081,0,0,0,0,0,0
16089,0,0,0,0,0,0
16096,0,0,0,0,0,0
16104,0,0,0,0,0,0
16111,0,0,0,0,0,0
16119,0,0,0,0,0,0
16127,0,0,0,0,0,0
16135,0,0,0,0,0,0
16143,0,0,0,0,0,0
16151,0,0,0,0,0,0
16158,0,0,0,0,0,0
16164,0,0,0,0,0,0
16172,0,0,0,0,0,0
16180,0,0,0,0,0,0
16188,0,0,0,0,0,0
16196,0,0,0,0,0,0
16204,0,0,0,0,0,0
16212,0,0,0,0,0,0
16217,0,0,0,0,0,0
16224,0,0,0,0,0,0
16232,0,0,0,0,0,0
16241,0,0,0,0,0,0
16248,0,0,0,0,0,0
16254,0,0,0,0,0,0
16262,0,0,0,0,0,0
16270,0,0,0,0,0,0
16278,0,0,0,0,0,0
16286,0,0,0,0,0,0
16294,0,0,0,0,0,0
16301,0,0,0,0,0,0
16311,0,0,0,0,0,0
16338,0,0,0,0,0,0
16363,0,0,0,0,0,0
16373,0,0,0,0,0,0
16380,0,0,0,0,0,0
16403,0,0,0,0,0,0
16412,0,0,0,0,0,0
16420,0,0,0,0,0,0
16426,0,0,0,0,0,0
16437,0,0,0,0,0,0
16449,0,0,0,0,0,0
16456,0,0,0,0,0,0
16463,0,0,0,0,0,0
16475,0,0,0,0,0,0
16482,0,0,0,0,0,0
16490,0,0,0,0,0,0
16498,0,0,0,0,0,0
16503,0,0,0,0,0,0
16511,0,0,0,0,0,0
16519,0,0,0,0,0,0
16527,0,0,0,0,0,0
16534,0,0,0,0,0,0
16541,0,0,0,0,0,0
16549,0,0,0,0,0,0
16557,0,0,0,0,0,0
16565,0,0,0,0,0,0
16572,0,0,0,0,0,0
16580,0,0,0,0,0,0
16588,0,0,0,0,0,0
16594,0,0,0,0,0,0
16602,0,0,0,0,0,0
16610,0,0,0,0,0,0
16618,0,0,0,0,0,0
16625,0,0,0,0,0,0
16633,0,0,0,0,0,0
16644,0,0,0,0,0,0
16651,0,0,0,0,0,0
16660,0,0,0,0,0,0
16668,0,0,0,0,0,0
16677,0,0,0,0,0,0
16685,0,0,0,0,0,0
16693,0,0,0,0,0,0
16701,0,0,0,0,0,0
16709,0,0,0,0,0,0
16717,0,0,0,0,0,0
16725,0,0,0,0,0,0
16733,0,0,0,0,0,0
16741,0,0,0,0,0,0
16757,0,0,0,0,0,0
16765,0,0,0,0,0,0
16773,0,0,0,0,0,0
16781,0,0,0,0,0,0
16788,0,0,0,0,0,0
16796,0,0,0,0,0,0
16804,0,0,0,0,0,0
16811,0,0,0,0,0,0
16819,0,0,0,0,0,0
16827,0,0,0,0,0,0
16835,0,0,0,0,0,0
16843,0,0,0,0,0,0
16851,0,0,0,0,0,0
16864,0,0,0,0,0,0
16873,0,0,0,0,0,0
16879,0,0,0,0,0,0
16886,0,0,0,0,0,0
16898,0,0,0,0,0,0
16907,0,0,0,0,0,0
16912,0,0,0,0,0,0
16920,0,0,0,0,0,0
16928,0,0,0,0,0,0
16936,0,0,0,0,0,0
16944,0,0,0,0,0,0
16951,0,0,0,0,0,0
16959,0,0,0,0,0,0
16966,0,0,0,0,0,0
16974,0,0,0,0,0,0
16982,0,0,0,0,0,0
16990,0,0,0,0,0,0
16998,0,0,0,0,0,0
17006,0,0,0,0,0,0
17014,0,0,0,0,0,0
17022,0,0,0,0,0,0
17028,0,0,0,0,0,0
17036,0,0,0,0,0,0
17043,0,0,0,0,0,0
17050,0,0,0,0,0,0
17059,0,0,0,0,0,0
17066,0,0,0,0,0,0
17075,0,0,0,0,0,0
17085,0,0,0,0,0,0
17092,0,0,0,0,0,0
17100,0,0,0,0,0,0
17108,0,0,0,0,0,0
17116,0,0,0,0,0,0
17123,0,0,0,0,0,0
17131,0,0,0,0,0,0
17138,0,0,0,0,0,0
17147,0,0,0,0,0,0
17156,0,0,0,0,0,0
17165,0,0,0,0,0,0
17174,0,0,0,0,0,0
17184,0,0,0,0,0,0
17191,0,0,0,0,0,0
17200,0,0,0,0,0,0
17208,0,0,0,0,0,0
17217,0,0,0,0,0,0
17226,0,0,0,0,0,0
17234,0,0,0,0,0,0
17242,0,0,0,0,0,0
17251,0,0,0,0,0,0
17258,0,0,0,0,0,0
17266,0,0,0,0,0,0
17275,0,0,0,0,0,0
17280,0,0,0,0,0,0
17288,0,0,0,0,0,0
17316,0,0,0,0,0,0
17332,0,0,0,0,0,0
17340,0,0,0,0,0,0
17348,0,0,0,0,0,0
17356,0,0,0,0,0,0
17362,0,0,0,0,0,0
17371,0,0,0,0,0,0
17387,0,0,0,0,0,0
17395,0,0,0,0,0,0
17403,0,0,0,0,0,0
17410,0,0,0,0,0,0
17418,0,0,0,0,0,0
17435,0,0,0,0,0,0
17444,0,0,0,0,0,0
17454,0,0,0,0,0,0
17459,0,0,0,0,0,0
17467,0,0,0,0,0,0
17475,0,0,0,0,0,0
17483,0,0,0,0,0,0
17491,0,0,0,0,0,0
17498,0,0,0,0,0,0
17507,0,0,0,0,0,0
17514,0,0,0,0,0,0
17523,0,0,0,0,0,0
17531,0,0,0,0,0,0
17539,0,0,0,0,0,0
17547,0,0,0,0,0,0
17555,0,0,0,0,0,0
17563,0,0,0,0,0,0
17570,0,0,0,0,0,0
17579,0,0,0,0,0,0
17588,0,0,0,0,0,0
17596,0,0,0,0,0,0
17604,0,0,0,0,0,0
17612,0,0,0,1,1,0
17620,0,0,0,0,0,0
17628,0,0,0,0,0,0
17633,0,0,0,0,0,0
17643,0,0,0,0,0,0
17651,0,0,0,0,0,0
17659,0,0,0,0,0,0
17668,0,0,0,0,0,0
17676,0,0,0,0,0,0
17684,0,0,0,0,0,0
17692,0,0,0,0,0,0
17699,0,0,0,0,0,0
17708,0,0,0,0,0,0
17716,0,0,0,0,0,0
17722,0,0,0,0,0,0
17729,0,0,0,0,0,0
17737,0,0,0,1,1,0
17744,0,0,0,0,0,0
17752,0,0,0,0,0,0
17760,0,0,0,0,0,0
17768,0,0,0,0,0,0
17776,0,0,0,0,0,0
17784,0,0,0,0,0,0
17791,0,0,0,0,0,0
17799,0,0,0,0,0,0
17807,0,0,0,0,0,0
17815,0,0,0,0,0,0
17823,0,0,0,0,0,0
17829,0,0,0,0,0,0
17837,0,0,0,0,0,0
17845,0,0,0,0,0,0
17853,0,0,0,0,0,0
17861,0,0,0,0,0,0
17867,0,0,0,0,0,0
17877,0,0,0,0,0,0
17885,0,0,0,0,0,0
17893,0,0,0,0,0,0
17900,0,0,0,0,0,0
17910,0,0,0,0,0,0
17916,0,0,0,0,0,0
17925,0,0,0,0,0,0
17932,0,0,0,0,0,0
17938,0,0,0,0,0,0
17947,0,0,0,0,0,0
17956,0,0,0,0,0,0
17965,0,0,0,0,0,0
17975,0,0,0,0,0,0
17985,0,0,0,0,0,0
17992,0,0,0,0,0,0
18000,0,0,0,0,0,0
18008,0,0,0,0,0,0
18016,0,0,0,0,0,0
18024,0,0,0,0,0,0
18032,0,0,0,0,0,0
18040,0,0,0,0,0,0
18048,0,0,0,0,1,0
18054,0,0,0,0,0,0
18062,0,0,0,0,1,0
18071,0,0,0,0,0,0
18078,0,0,0,0,0,0
18086,0,0,0,0,0,0
18094,0,0,0,0,0,0
18102,0,0,0,0,0,0
18110,0,0,0,0,0,0
18118,0,0,0,0,0,0
18126,0,0,0,0,0,0
18134,0,0,0,0,0,0
18142,0,0,0,0,0,0
18149,0,0,0,0,0,0
18157,0,0,0,0,0,0
18165,0,0,0,0,0,0
18170,0,0,0,0,0,0
18177,0,0,0,0,0,0
18184,0,0,0,0,0,0
18192,0,0,0,0,0,0
18199,0,0,0,0,0,0
18207,0,0,0,0,0,0
18216,0,0,0,0,0,0
18222,0,0,0,0,0,0
18230,0,0,0,0,0,0
18238,0,0,0,0,0,0
18246,0,0,0,0,0,0
18254,0,0,0,0,0,0
18261,0,0,0,0,0,0
18269,0,0,0,0,0,0
18276,0,0,0,0,0,0
18284,0,0,0,0,0,0
18292,0,0,0,0,0,0
18299,0,0,0,0,0,0
18309,0,0,0,0,0,0
18317,0,0,0,0,0,0
18322,0,0,0,0,0,0
18332,0,0,0,0,0,0
18342,0,0,0,0,0,0
18347,0,0,0,0,0,0
18355,0,0,0,0,0,0
18363,0,0,0,0,0,0
18387,0,0,0,0,0,0
18395,0,0,0,0,0,0
18403,0,0,0,0,0,0
18419,0,0,0,0,0,0
18426,0,0,0,0,0,0
18434,0,0,0,0,0,0
18441,0,0,0,0,0,0
18445,0,0,0,0,0,0
18453,0,0,0,0,0,0
18461,0,0,0,0,0,0
18469,0,0,0,0,0,0
18477,0,0,0,0,0,0
18487,0,0,0,0,0,0
18494,0,0,0,0,0,0
18502,0,0,0,0,0,0
18510,0,0,0,0,0,0
18518,0,0,0,0,0,0
18525,0,0,0,0,0,0
18532,0,0,0,0,0,0
18540,0,0,0,0,0,0
18548,0,0,0,0,0,0
18556,0,0,0,0,0,0
18564,0,0,0,0,0,0
18571,0,0,0,0,0,0
18579,0,0,0,0,0,0
18586,0,0,0,0,0,0
18597,0,0,0,2,0,0
18611,0,0,0,0,0,0
18619,0,0,0,0,0,0
18627,0,0,0,0,0,0
18635,0,0,0,0,0,0
18642,0,0,0,0,0,0
18648,0,0,0,0,0,0
18656,0,0,0,0,0,0
18664,0,0,0,0,0,0
18672,0,0,0,0,0,0
18680,0,0,0,0,0,0
18688,0,0,0,1,1,0
18696,0,0,0,2,1,0
18704,0,0,0,0,0,0
18711,0,0,0,0,0,0
18728,0,0,0,0,0,0
18735,0,0,0,0,0,0
18743,0,0,0,0,0,0
18751,0,0,0,0,0,0
18759,0,0,0,0,0,0
18767,0,0,0,0,0,0
18776,0,0,0,0,0,0
18784,0,0,0,0,0,0
18792,0,0,0,0,0,0
18800,0,0,0,0,0,0
18808,0,0,0,0,0,0
18815,0,0,0,0,0,0
18823,0,0,0,0,0,0
18831,0,0,0,0,0,0
18838,0,0,0,0,0,0
18847,0,0,0,0,0,0
18855,0,0,0,0,0,0
18863,0,0,0,0,0,0
18871,0,0,0,0,0,0
18879,0,0,0,0,0,0
18887,0,0,0,0,0,0
18895,0,0,0,0,0,0
18903,0,0,0,0,0,0
18911,0,0,0,0,0,0
18919,0,0,0,0,0,0
18927,0,0,0,0,0,0
18935,0,0,0,0,0,0
18942,0,0,0,0,0,0
18949,0,0,0,0,0,0
18956,0,0,0,0,0,0
18964,0,0,0,0,0,0
18972,0,0,0,0,0,0
18981,0,0,0,0,0,0
18989,0,0,0,0,0,0
18997,0,0,0,0,0,0
19004,0,0,0,0,0,0
19012,0,0,0,0,0,0
19019,0,0,0,0,0,0
19034,0,0,0,0,0,0
19042,0,0,0,0,0,0
19050,0,0,0,0,0,0
19058,0,0,0,0,0,0
19066,0,0,0,0,0,0
19074,0,0,0,0,0,0
19080,0,0,0,0,0,0
19088,0,0,0,0,0,0
19096,0,0,0,0,0,0
19104,0,0,0,0,0,0
19112,0,0,0,0,0,0
19120,0,0,0,0,0,0
19125,0,0,0,0,0,0
19135,0,0,0,0,0,0
19144,0,0,0,0,0,0
19154,0,0,0,0,0,0
19166,0,0,0,0,0,0
19169,0,0,0,0,0,0
19177,0,0,0,0,0,0
19185,0,0,0,0,0,0
19193,0,0,0,0,0,0
19201,0,0,0,0,0,0
19207,0,0,0,0,0,0
19217,0,0,0,0,0,0
19226,0,0,0,0,0,0
19236,0,0,0,0,0,0
19241,0,0,0,0,0,0
19249,0,0,0,0,0,0
19257,0,0,0,0,0,0
19263,0,0,0,0,0,0
19268,0,0,0,0,0,0
19276,0,0,0,0,0,0
19284,0,0,0,0,0,0
19292,0,0,0,0,0,0
19299,0,0,0,0,0,0
19305,0,0,0,0,0,0
19311,0,0,0,0,0,0
19319,0,0,0,0,0,0
19327,0,0,0,0,0,0
19341,0,0,0,0,0,0
19349,0,0,0,0,0,0
19379,0,0,0,0,0,0
19390,0,0,0,0,0,0
19398,0,0,0,0,0,0
19406,0,0,0,0,0,0
19413,0,0,0,0,0,0
19420,0,0,0,0,0,0
19428,0,0,0,0,0,0
19436,0,0,0,0,0,0
19444,0,0,0,0,0,0
19452,0,0,0,0,0,0
19460,0,0,0,0,0,0
19495,0,0,0,0,0,0
19501,0,0,0,0,0,0
19509,0,0,0,0,0,0
19519,0,0,0,0,0,0
19525,0,0,0,0,0,0
19534,0,0,0,0,0,0
19541,0,0,0,0,0,0
19550,0,0,0,0,0,0
19556,0,0,0,1,0,0
19572,0,0,0,0,1,0
19582,0,0,0,0,0,0
19588,0,0,0,0,0,0
19597,0,0,0,0,0,0
19606,0,0,0,0,0,0
19614,0,0,0,0,0,0
19621,0,0,0,0,0,0
19628,0,0,0,0,0,0
19636,0,0,0,0,0,0
19644,0,0,0,0,0,0
19651,0,0,0,0,0,0
19659,0,0,0,0,1,0
19676,0,0,0,0,0,0
19684,0,0,0,0,0,0
19700,0,0,0,0,0,0
19706,0,0,0,0,0,0
19711,0,0,0,0,0,0
19718,0,0,0,0,0,0
19726,0,0,0,0,0,0
19735,0,0,0,0,0,0
19741,0,0,0,0,0,0
19749,0,0,0,0,0,0
19757,0,0,0,0,0,0
19765,0,0,0,0,0,0
19773,0,0,0,0,0,0
19781,0,0,0,0,0,0
19789,0,0,0,0,0,0
19797,0,0,0,0,0,0
19805,0,0,0,0,0,0
19813,0,0,0,0,0,0
19821,0,0,0,0,0,0
19827,0,0,0,0,0,0
19835,0,0,0,0,0,0
19843,0,0,0,0,0,0
19851,0,0,0,0,0,0
19858,0,0,0,0,0,0
19866,0,0,0,0,0,0
19891,0,0,0,0,0,0
19899,0,0,0,0,0,0
19907,0,0,0,0,0,0
19915,0,0,0,0,0,0
19923,0,0,0,0,0,0
19929,0,0,0,0,0,0
19936,0,0,0,0,0,0
19944,0,0,0,0,0,0
19952,0,0,0,0,0,0
19960,0,0,0,0,0,0
19968,0,0,0,0,0,0
19976,0,0,0,0,0,0
19983,0,0,0,0,0,0
19995,0,0,0,0,0,0
20003,0,0,0,0,0,0
20011,0,0,0,0,0,0
20018,0,0,0,0,0,0
20034,0,0,0,0,0,0
20042,0,0,0,0,0,0
20050,0,0,0,0,0,0
20058,0,0,0,0,0,0
20066,0,0,0,0,0,0
20075,0,0,0,0,0,0
20083,0,0,0,0,0,0
20091,0,0,0,0,0,0
20097,0,0,0,0,0,0
20105,0,0,0,0,0,0
20113,0,0,0,0,0,0
20121,0,0,0,0,0,0
20128,0,0,0,0,0,0
20138,0,0,0,0,0,0
20147,0,0,0,0,0,0
20150,0,0,0,0,0,0
20158,0,0,0,0,0,0
20166,0,0,0,0,0,0
20174,0,0,0,0,0,0
20182,0,0,0,0,0,0
20187,0,0,0,0,0,0
20195,0,0,0,0,0,0
20204,0,0,0,0,0,0
20213,0,0,0,0,0,0
20221,0,0,0,0,0,0
20231,0,0,0,0,0,0
20239,0,0,0,0,0,0
20246,0,0,0,0,0,0
20253,0,0,0,0,0,0
20261,0,0,0,0,0,0
20270,0,0,0,0,0,0
20281,0,0,0,0,0,0
20285,0,0,0,0,0,0
20317,0,0,0,0,0,0
20330,0,0,0,0,0,0
20346,0,0,0,0,0,0
20358,0,0,0,0,0,0
20366,0,0,0,0,0,0
20374,0,0,0,0,0,0
20382,0,0,0,0,0,0
20390,0,0,0,0,0,0
20398,0,0,0,0,0,0
20403,0,0,0,0,0,0
20411,0,0,0,0,0,0
20419,0,0,0,0,0,0
20425,0,0,0,0,0,0
20433,0,0,0,0,0,0
20441,0,0,0,0,0,0
20448,0,0,0,0,0,0
20460,0,0,0,0,0,0
20468,0,0,0,0,0,0
20476,0,0,0,0,0,0
20484,0,0,0,0,0,0
20492,0,0,0,0,0,0
20500,0,0,0,0,0,0
20508,0,0,0,0,0,0
20516,0,0,0,0,0,0
20523,0,0,0,0,0,0
20532,0,0,0,2,2,0
20540,0,0,0,0,0,0
20548,0,0,0,0,0,0
20555,0,0,0,0,0,0
20563,0,0,0,0,0,0
20571,0,0,0,0,0,0
20578,0,0,0,0,0,0
20585,0,0,0,0,0,0
20595,0,0,0,0,0,0
20601,0,0,0,0,0,0
20609,0,0,0,0,0,0
20617,0,0,0,0,0,0
20623,0,0,0,0,0,0
20631,0,0,0,1,1,0
20640,0,0,0,2,2,0
20648,0,0,0,0,0,0
20656,0,0,0,0,0,0
20663,0,0,0,0,0,0
20671,0,0,0,0,0,0
20679,0,0,0,0,0,0
20687,0,0,0,0,0,0
20695,0,0,0,0,0,0
20702,0,0,0,0,0,0
20711,0,0,0,0,0,0
20719,0,0,0,0,0,0
20727,0,0,0,0,0,0
20735,0,0,0,0,0,0
20743,0,0,0,0,0,0
20750,0,0,0,0,0,0
20758,0,0,0,0,0,0
20763,0,0,0,0,0,0
20772,0,0,0,0,0,0
20779,0,0,0,0,0,0
20787,0,0,0,0,0,0
20795,0,0,0,0,0,0
20803,0,0,0,0,0,0
20810,0,0,0,0,0,0
20818,0,0,0,0,0,0
20826,0,0,0,0,0,0
20834,0,0,0,0,0,0
20842,0,0,0,0,0,0
20849,0,0,0,0,0,0
20857,0,0,0,0,0,0
20864,0,0,0,0,0,0
20872,0,0,0,0,0,0
20882,0,0,0,0,0,0
20892,0,0,0,0,0,0
20898,0,0,0,0,0,0
20905,0,0,0,0,0,0
20913,0,0,0,0,0,0
20920,0,0,0,0,0,0
20928,0,0,0,0,0,0
20936,0,0,0,0,0,0
20944,0,0,0,0,0,0
20952,0,0,0,0,0,0
20960,0,0,0,0,0,0
20968,0,0,0,0,1,0
20976,0,0,0,2,2,0
20984,0,0,0,0,0,0
20989,0,0,0,0,0,0
20999,0,0,0,0,0,0
21008,0,0,0,0,0,0
21016,0,0,0,0,0,0
21024,0,0,0,0,0,0
21031,0,0,0,0,0,0
21039,0,0,0,0,0,0
21047,0,0,0,0,0,0
21055,0,0,0,0,0,0
21063,0,0,0,0,0,0
21068,0,0,0,0,0,0
21077,0,0,0,0,0,0
21085,0,0,0,0,0,0
21093,0,0,0,0,0,0
21100,0,0,0,0,0,0
21108,0,0,0,0,0,0
21113,0,0,0,0,0,0
21121,0,0,0,0,0,0
21129,0,0,0,0,0,0
21137,0,0,0,0,0,0
21145,0,0,0,0,0,0
21153,0,0,0,0,0,0
21159,0,0,0,0,0,0
21164,0,0,0,0,0,0
21172,0,0,0,0,0,0
21180,0,0,0,0,0,0
21188,0,0,0,0,0,0
21195,0,0,0,0,0,0
21203,0,0,0,0,0,0
21211,0,0,0,0,0,0
21219,0,0,0,0,0,0
21225,0,0,0,0,0,0
21232,0,0,0,0,0,0
21239,0,0,0,0,0,0
21246,0,0,0,0,0,0
21256,0,0,0,0,0,0
21266,0,0,0,0,0,0
21277,0,0,0,0,0,0
21301,0,0,0,0,0,0
21334,0,0,0,0,0,0
21342,0,0,0,0,0,0
21350,0,0,0,0,0,0
21358,0,0,0,0,0,0
21364,0,0,0,0,0,0
21371,0,0,0,0,0,0
21379,0,0,0,0,0,0
21387,0,0,0,0,0,0
21409,0,0,0,0,0,0
21417,0,0,0,0,0,0
21425,0,0,0,0,0,0
21430,0,0,0,0,0,0
21437,0,0,0,0,0,0
21445,0,0,0,0,0,0
21453,0,0,0,0,0,0
21460,0,0,0,0,0,0
21468,0,0,0,0,0,0
21474,0,0,0,0,0,0
21484,0,0,0,0,0,0
21491,0,0,0,0,0,0
21499,0,0,0,0,0,0
21506,0,0,0,0,0,0
21514,0,0,0,1,1,0
21522,0,0,0,0,0,0
21532,0,0,0,0,0,0
21538,0,0,0,0,0,0
21545,0,0,0,0,0,0
21553,0,0,0,0,0,0
21561,0,0,0,0,0,0
21569,0,0,0,0,0,0
21577,0,0,0,0,0,0
21585,0,0,0,0,0,0
21593,0,0,0,0,0,0
21601,0,0,0,0,0,0
21610,0,0,0,0,0,0
21636,0,0,0,0,0,0
21644,0,0,0,0,0,0
21652,0,0,0,0,0,0
21660,0,0,0,0,0,0
21668,0,0,0,0,0,0
21676,0,0,0,0,0,0
21684,0,0,0,0,0,0
21691,0,0,0,0,0,0
21699,0,0,0,0,0,0
21707,0,0,0,0,0,0
21715,0,0,0,0,0,0
21723,0,0,0,0,0,0
21730,0,0,0,0,0,0
21738,0,0,0,0,0,0
21753,0,0,0,0,0,0
21761,0,0,0,0,0,0
21769,0,0,0,0,0,0
21777,0,0,0,0,0,0
21782,0,0,0,0,0,0
21792,0,0,0,0,0,0
21798,0,0,0,0,0,0
21806,0,0,0,0,0,0
21814,0,0,0,0,0,0
21822,0,0,0,0,0,0
21829,0,0,0,0,0,0
21842,0,0,0,0,0,0
21851,0,0,0,0,0,0
21859,0,0,0,0,0,0
21866,0,0,0,0,0,0
21875,0,0,0,0,0,0
21883,0,0,0,0,0,0
21887,0,0,0,0,0,0
21895,0,0,0,0,0,0
21903,0,0,0,0,0,0
21911,0,0,0,0,0,0
21919,0,0,0,0,0,0
21927,0,0,0,0,0,0
21934,0,0,0,0,0,0
21942,0,0,0,0,0,0
21950,0,0,0,0,0,0
21958,0,0,0,0,0,0
21966,0,0,0,0,0,0
21972,0,0,0,0,0,0
21979,0,0,0,0,0,0
21988,0,0,0,0,0,0
21999,0,0,0,0,0,0
22005,0,0,0,0,0,0
22013,0,0,0,0,0,0
22021,0,0,0,0,0,0
22029,0,0,0,0,0,0
22036,0,0,0,0,0,0
22041,0,0,0,0,0,0
22051,0,0,0,0,0,0
22061,0,0,0,0,0,0
22070,0,0,0,0,0,0
22081,0,0,0,0,0,0
22086,0,0,0,0,0,0
22095,0,0,0,0,0,0
22103,0,0,0,0,0,0
22111,0,0,0,0,0,0
22119,0,0,0,0,0,0
22127,0,0,0,0,0,0
22135,0,0,0,0,0,0
22140,0,0,0,0,0,0
22149,0,0,0,0,0,0
22158,0,0,0,0,0,0
22166,0,0,0,0,0,0
22174,0,0,0,0,0,0
22182,0,0,0,0,0,0
22189,0,0,0,0,0,0
22194,0,0,0,0,0,0
22204,0,0,0,0,0,0
22214,0,0,0,0,0,0
22223,0,0,0,0,0,0
22230,0,0,0,0,0,0
22239,0,0,0,0,0,0
22247,0,0,0,0,0,0
22279,0,0,0,0,0,0
22286,0,0,0,0,0,0
22296,0,0,0,0,0,0
22302,0,0,0,0,0,0
22310,0,0,0,0,0,0
22318,0,0,0,0,0,0
22326,0,0,0,0,0,0
22334,0,0,0,0,0,0
22342,0,0,0,0,0,0
22350,0,0,0,0,0,0
22355,0,0,0,0,0,0
22363,0,0,0,0,0,0
22370,0,0,0,0,0,0
22377,0,0,0,0,0,0
22386,0,0,0,0,0,0
22395,0,0,0,0,0,0
22404,0,0,0,0,0,0
22412,0,0,0,0,0,0
22422,0,0,0,0,0,0
22428,0,0,0,0,0,0
22436,0,0,0,0,0,0
22444,0,0,0,0,0,0
22452,0,0,0,0,0,0
22460,0,0,0,0,0,0
22468,0,0,0,0,0,0
22476,0,0,0,0,0,0
22490,0,0,0,0,0,0
22498,0,0,0,0,0,0
22506,0,0,0,0,0,0
22513,0,0,0,0,0,0
22521,0,0,0,0,0,0
22530,0,0,0,0,0,0
22536,0,0,0,0,0,0
22546,0,0,0,0,0,0
22553,0,0,0,0,0,0
22561,0,0,0,0,0,0
22568,0,0,0,0,0,0
22576,0,0,0,0,0,0
22585,0,0,0,1,1,0
22594,0,0,0,1,2,0
22602,0,0,0,0,0,0
22626,0,0,0,0,0,0
22634,0,0,0,0,0,0
22642,0,0,0,0,0,0
22649,0,0,0,0,0,0
22657,0,0,0,0,0,0
22665,0,0,0,0,0,0
22673,0,0,0,0,0,0
22681,0,0,0,0,0,0
22689,0,0,0,0,0,0
22697,0,0,0,0,0,0
22705,0,0,0,0,0,0
22726,0,0,0,0,0,0
22736,0,0,0,0,0,0
22744,0,0,0,0,0,0
22761,0,0,0,0,0,0
22768,0,0,0,0,0,0
22775,0,0,0,0,0,0
22785,0,0,0,0,0,0
22791,0,0,0,0,0,0
22798,0,0,0,0,0,0
22807,0,0,0,0,0,0
22816,0,0,0,0,0,0
22832,0,0,0,0,0,0
22839,0,0,0,0,0,0
22848,0,0,0,0,0,0
22854,0,0,0,0,0,0
22861,0,0,0,0,0,0
22870,0,0,0,0,0,0
22880,0,0,0,0,0,0
22890,0,0,0,0,0,0
22896,0,0,0,0,0,0
22904,0,0,0,0,0,0
22912,0,0,0,0,0,0
22920,0,0,0,0,0,0
22927,0,0,0,0,0,0
22941,0,0,0,0,0,0
22949,0,0,0,0,0,0
22957,0,0,0,0,0,0
22965,0,0,0,0,0,0
22973,0,0,0,0,0,0
22981,0,0,0,0,0,0
22988,0,0,0,0,0,0
22997,0,0,0,0,0,0
23005,0,0,0,0,0,0
23021,0,0,0,0,0,0
23030,0,0,0,0,0,0
23038,0,0,0,0,0,0
23041,0,0,0,0,0,0
23053,0,0,0,0,0,0
23060,0,0,0,0,0,0
23072,0,0,0,0,0,0
23078,0,0,0,0,0,0
23086,0,0,0,0,0,0
23096,0,0,0,0,0,0
23105,0,0,0,0,0,0
23113,0,0,0,0,0,0
23138,0,0,0,0,0,0
23147,0,0,0,0,0,0
23159,0,0,0,0,0,0
23170,0,0,0,0,0,0
23176,0,0,0,0,0,0
23189,0,0,0,0,0,0
23194,0,0,0,0,0,0
23206,0,0,0,0,0,0
23210,0,0,0,0,0,0
23219,0,0,0,0,0,0
23227,0,0,0,0,0,0
23240,0,0,0,0,0,0
23259,0,0,0,0,0,0
23266,0,0,0,0,0,0
23277,0,0,0,0,0,0
23283,0,0,0,0,0,0
23291,0,0,0,0,0,0
23299,0,0,0,0,0,0
23307,0,0,0,0,0,0
23315,0,0,0,0,0,0
23323,0,0,0,0,0,0
23331,0,0,0,0,0,0
23339,0,0,0,0,0,0
23346,0,0,0,0,0,0
23362,0,0,0,0,0,0
23370,0,0,0,0,0,0
23378,0,0,0,0,0,0
23385,0,0,0,0,0,0
23391,0,0,0,0,0,0
23399,0,0,0,0,0,0
23406,0,0,0,0,0,0
23414,0,0,0,0,0,0
23422,0,0,0,0,0,0
23429,0,0,0,0,0,0
23439,0,0,0,2,1,0
23446,0,0,0,0,0,0
23454,0,0,0,0,0,0
23464,0,0,0,0,0,0
23471,0,0,0,0,0,0
23479,0,0,0,0,0,0
23488,0,0,0,0,0,0
23496,0,0,0,0,0,0
23503,0,0,0,0,0,0
23511,0,0,0,0,0,0
23519,0,0,0,0,0,0
23527,0,0,0,0,0,0
23535,0,0,0,0,0,0
23543,0,0,0,0,0,0
23551,0,0,0,2,1,0
23559,0,0,0,2,1,0
23567,0,0,0,1,2,0
23575,0,0,0,0,0,0
23582,0,0,0,0,0,0
23589,0,0,0,0,0,0
23597,0,0,0,0,0,0
23605,0,0,0,0,0,0
23613,0,0,0,0,0,0
23621,0,0,0,0,0,0
23629,0,0,0,0,0,0
23637,0,0,0,0,0,0
23644,0,0,0,0,0,0
23651,0,0,0,0,0,0
23659,0,0,0,0,0,0
23666,0,0,0,0,0,0
23675,0,0,0,0,0,0
23684,0,0,0,0,0,0
23691,0,0,0,0,0,0
23697,0,0,0,0,0,0
23705,0,0,0,0,0,0
23713,0,0,0,0,0,0
23720,0,0,0,0,0,0
23727,0,0,0,0,0,0
23735,0,0,0,0,0,0
23742,0,0,0,0,0,0
23751,0,0,0,0,0,0
23759,0,0,0,0,0,0
23765,0,0,0,0,0,0
23773,0,0,0,0,0,0
23783,0,0,0,0,0,0
23791,0,0,0,0,0,0
23798,0,0,0,0,0,0
23808,0,0,0,0,0,0
23814,0,0,0,0,0,0
23822,0,0,0,0,0,0
23830,0,0,0,0,0,0
23838,0,0,0,0,0,0
23846,0,0,0,0,0,0
23853,0,0,0,0,0,0
23861,0,0,0,0,0,0
23870,0,0,0,0,0,0
23877,0,0,0,1,0,0
23885,0,0,0,2,2,0
23893,0,0,0,2,2,0
23901,0,0,0,0,0,0
23909,0,0,0,0,0,0
23916,0,0,0,0,0,0
23922,0,0,0,0,0,0
23930,0,0,0,0,0,0
23938,0,0,0,0,0,0
23946,0,0,0,0,0,0
23953,0,0,0,0,0,0
23960,0,0,0,0,0,0
23971,0,0,0,0,0,0
23978,0,0,0,0,0,0
23985,0,0,0,0,0,0
23994,0,0,0,0,0,0
24004,0,0,0,0,0,0
24014,0,0,0,0,0,0
24023,0,0,0,0,0,0
24035,0,0,0,0,0,0
24041,0,0,0,0,0,0
24048,0,0,0,0,0,0
24059,0,0,0,0,0,0
24065,0,0,0,0,0,0
24073,0,0,0,0,0,0
24080,0,0,0,0,0,0
24088,0,0,0,0,0,0
24096,0,0,0,0,0,0
24102,0,0,0,0,0,0
24111,0,0,0,0,0,0
24119,0,0,0,0,0,0
24127,0,0,0,0,0,0
24134,0,0,0,0,0,0
24140,0,0,0,0,0,0
24149,0,0,0,0,0,0
24159,0,0,0,0,0,0
24164,0,0,0,0,0,0
24176,0,0,0,0,0,0
24180,0,0,0,0,0,0
24188,0,0,0,0,0,0
24204,0,0,0,0,0,0
24211,0,0,0,0,0,0
24221,0,0,0,0,0,0
24250,0,0,0,0,0,0
24257,0,0,0,0,0,0
24266,0,0,0,0,0,0
24272,0,0,0,0,0,0
24284,0,0,0,0,0,0
24291,0,0,0,0,0,0
24296,0,0,0,0,0,0
24304,0,0,0,0,0,0
24312,0,0,0,0,0,0
24321,0,0,0,0,0,0
24330,0,0,0,0,0,0
24340,0,0,0,0,0,0
24348,0,0,0,0,0,0
24357,0,0,0,0,0,0
24364,0,0,0,0,0,0
24379,0,0,0,0,0,0
24387,0,0,0,0,0,0
24395,0,0,0,0,0,0
24403,0,0,0,0,0,0
24411,0,0,0,0,0,0
24417,0,0,0,0,0,0
24436,0,0,0,0,0,0
24445,0,0,0,0,0,0
24461,0,0,0,0,0,0
24468,0,0,0,0,0,0
24476,0,0,0,0,0,0
24485,0,0,0,0,0,0
24493,0,0,0,0,0,0
24501,0,0,0,0,0,0
24508,0,0,0,0,0,0
24516,0,0,0,0,0,0
24534,0,0,0,0,1,0
24542,0,0,0,2,2,0
24549,0,0,0,0,0,0
24557,0,0,0,0,0,0
24563,0,0,0,0,0,0
24570,0,0,0,0,0,0
24578,0,0,0,0,0,0
24586,0,0,0,0,0,0
24594,0,0,0,0,0,0
24602,0,0,0,0,0,0
24609,0,0,0,0,0,0
24618,0,0,0,0,0,0
24624,0,0,0,0,0,0
24631,0,0,0,0,0,0
24638,0,0,0,0,0,0
24648,0,0,0,0,0,0
24655,0,0,0,0,0,0
24661,0,0,0,0,0,0
24677,0,0,0,0,0,0
24685,0,0,0,0,0,0
24693,0,0,0,0,0,0
24701,0,0,0,0,0,0
24709,0,0,0,0,0,0
24716,0,0,0,0,0,0
24726,0,0,0,0,0,0
24731,0,0,0,0,0,0
24739,0,0,0,0,0,0
24747,0,0,0,0,0,0
24755,0,0,0,0,0,0
24765,0,0,0,0,0,0
24771,0,0,0,0,0,0
24787,0,0,0,0,0,0
24795,0,0,0,0,0,0
24803,0,0,0,0,0,0
24811,0,0,0,0,0,0
24819,0,0,0,0,0,0
24827,0,0,0,0,0,0
24835,0,0,0,0,0,0
24842,0,0,0,0,0,0
24851,0,0,0,0,0,0
24859,0,0,0,0,0,0
24867,0,0,0,0,0,0
24876,0,0,0,0,0,0
24884,0,0,0,0,0,0
24892,0,0,0,0,0,0
24900,0,0,0,0,0,0
24906,0,0,0,0,0,0
24912,0,0,0,0,0,0
24920,0,0,0,0,0,0
24928,0,0,0,0,0,0
24936,0,0,0,0,0,0
24943,0,0,0,0,0,0
24951,0,0,0,0,0,0
24957,0,0,0,0,0,0
24965,0,0,0,0,0,0
24973,0,0,0,0,0,0
24981,0,0,0,0,0,0
24989,0,0,0,0,0,0
24995,0,0,0,0,0,0
25006,0,0,0,0,0,0
25012,0,0,0,0,0,0
25022,0,0,0,0,0,0
25030,0,0,0,0,0,0
25039,0,0,0,0,0,0
25049,0,0,0,0,0,0
25058,0,0,0,0,0,0
25067,0,0,0,0,0,0
25073,0,0,0,0,0,0
25081,0,0,0,0,0,0
25089,0,0,0,0,0,0
25096,0,0,0,0,0,0
25102,0,0,0,0,0,0
25113,0,0,0,0,0,0
25118,0,0,0,0,0,0
25126,0,0,0,0,0,0
25134,0,0,0,0,0,0
25142,0,0,0,0,0,0
25150,0,0,0,0,0,0
25155,0,0,0,0,0,0
25164,0,0,0,0,0,0
25181,0,0,0,0,0,0
25189,0,0,0,0,0,0
25197,0,0,0,0,0,0
25225,0,0,0,0,0,0
25233,0,0,0,0,0,0
25241,0,0,0,0,0,0
25249,0,0,0,0,0,0
25257,0,0,0,0,0,0
25261,0,0,0,0,0,0
25269,0,0,0,0,0,0
25277,0,0,0,0,0,0
25284,0,0,0,0,0,0
25295,0,0,0,0,0,0
25301,0,0,0,0,0,0
25316,0,0,0,0,0,0
25323,0,0,0,0,0,0
25332,0,0,0,0,0,0
25336,0,0,0,0,0,0
25344,0,0,0,0,0,0
25355,0,0,0,0,0,0
25362,0,0,0,0,0,0
25372,0,0,0,0,0,0
25378,0,0,0,0,0,0
25385,0,0,0,0,0,0
25392,0,0,0,0,0,0
25402,0,0,0,0,1,0
25412,0,0,0,0,0,0
25434,0,0,0,0,0,0
25443,0,0,0,0,0,0
25454,0,0,0,0,0,0
25461,0,0,0,0,0,0
25469,0,0,0,0,0,0
25477,0,0,0,0,0,0
25484,0,0,0,0,0,0
25491,0,0,0,1,1,0
25501,0,0,0,1,1,0
25511,0,0,0,2,2,0
25532,0,0,0,0,0,0
25540,0,0,0,0,0,0
25547,0,0,0,0,0,0
25554,0,0,0,0,0,0
25562,0,0,0,0,0,0
25569,0,0,0,0,0,0
25580,0,0,0,0,0,0
25586,0,0,0,0,0,0
25594,0,0,0,0,0,0
25601,0,0,0,0,0,0
25610,0,0,0,0,0,0
25619,0,0,0,0,0,0
25630,0,0,0,0,0,0
25638,0,0,0,0,0,0
25645,0,0,0,0,0,0
25660,0,0,0,0,0,0
25679,0,0,0,0,0,0
25697,0,0,0,0,0,0
25711,0,0,0,0,0,0
25719,0,0,0,0,0,0
25726,0,0,0,0,0,0
25734,0,0,0,0,0,0
25749,0,0,0,0,0,0
25758,0,0,0,0,0,0
25766,0,0,0,0,0,0
25774,0,0,0,0,0,0
25782,0,0,0,0,0,0
25790,0,0,0,0,0,0
25799,0,0,0,0,0,0
25807,0,0,0,0,0,0
25815,0,0,0,0,0,0
25831,0,0,0,0,0,0
25840,0,0,0,0,0,0
25848,0,0,0,0,0,0
25857,0,0,0,0,0,0
25867,0,0,0,0,0,0
25876,0,0,0,0,0,0
25884,0,0,0,0,0,0
25892,0,0,0,0,0,0
25900,0,0,0,0,0,0
25908,0,0,0,0,0,0
25915,0,0,0,0,0,0
25923,0,0,0,0,0,0
25937,0,0,0,0,0,0
25951,0,0,0,0,0,0
25958,0,0,0,0,0,0
25968,0,0,0,0,0,0
25974,0,0,0,0,0,0
25982,0,0,0,0,0,0
25991,0,0,0,0,0,0
26000,0,0,0,0,0,0
26008,0,0,0,0,0,0
26016,0,0,0,0,0,0
26022,0,0,0,0,0,0
26044,0,0,0,0,0,0
26053,0,0,0,0,0,0
26062,0,0,0,0,0,0
26067,0,0,0,0,0,0
26076,0,0,0,0,0,0
26085,0,0,0,0,0,0
26098,0,0,0,0,0,0
26106,0,0,0,0,0,0
26115,0,0,0,0,0,0
26121,0,0,0,0,0,0
26127,0,0,0,0,0,0
26160,0,0,0,0,0,0
26168,0,0,0,0,0,0
26175,0,0,0,0,0,0
26181,0,0,0,0,0,0
26193,0,0,0,0,0,0
26199,0,0,0,0,0,0
26207,0,0,0,0,0,0
26215,0,0,0,0,0,0
26223,0,0,0,0,0,0
26231,0,0,0,0,0,0
26239,0,0,0,0,0,0
