3,0,0,0,0,0,0
10,0,0,0,0,0,0
18,0,0,0,0,0,0
26,0,0,0,0,0,0
34,0,0,0,0,0,0
42,0,0,0,0,0,0
50,0,0,0,0,0,0
58,0,0,0,0,0,0
66,0,0,0,0,0,0
74,0,0,0,0,0,0
82,0,0,0,0,0,0
90,0,0,0,0,0,0
96,0,0,0,0,0,0
104,0,0,0,0,0,0
112,0,0,0,0,0,0
120,0,0,0,0,0,0
126,0,0,0,0,0,0
134,0,0,0,0,0,0
143,0,0,0,0,0,0
151,0,0,0,0,0,0
159,0,0,0,0,0,0
167,0,0,0,0,0,0
175,0,0,0,0,0,0
183,0,0,0,0,0,0
190,0,0,0,0,0,0
198,0,0,0,0,0,0
206,0,0,0,0,0,0
215,0,0,0,0,0,0
223,0,0,0,0,0,0
231,0,0,0,0,0,0
239,0,0,0,0,0,0
247,0,0,0,0,0,0
253,0,0,0,0,0,0
260,0,0,0,0,0,0
268,0,0,0,0,0,0
276,0,0,0,0,0,0
284,0,0,0,0,0,0
292,0,0,0,0,0,0
300,0,0,0,0,0,0
309,0,0,0,0,0,0
317,0,0,0,0,0,0
325,0,0,0,0,0,0
333,0,0,0,0,0,0
342,0,0,0,0,0,0
354,0,0,0,0,0,0
358,0,0,0,0,0,0
366,0,0,0,0,0,0
374,0,0,0,0,0,0
383,0,0,0,0,0,0
391,0,0,0,0,0,0
399,0,0,0,0,0,0
407,0,0,0,0,0,0
416,0,0,0,0,0,0
424,0,0,0,0,0,0
433,0,0,0,0,0,0
442,0,0,0,0,0,0
450,0,0,0,0,0,0
459,0,0,0,0,0,0
465,0,0,0,0,0,0
473,0,0,0,0,0,0
483,0,0,0,0,0,0
489,0,0,0,0,0,0
497,0,0,0,0,0,0
505,0,0,0,0,0,0
513,0,0,0,0,0,0
518,0,0,0,0,0,0
526,0,0,0,0,0,0
534,0,0,0,0,0,0
541,0,0,0,0,0,0
550,0,0,0,0,0,0
559,0,0,0,0,0,0
566,0,0,0,0,0,0
575,0,0,0,0,0,0
582,0,0,0,0,0,0
590,0,0,0,0,0,0
599,0,0,0,0,0,0
607,0,0,0,0,0,0
615,0,0,0,0,0,0
623,0,0,0,0,0,0
631,0,0,0,0,0,0
639,0,0,0,0,0,0
644,0,0,0,0,0,0
652,0,0,0,0,0,0
660,0,0,0,0,0,0
668,0,0,0,0,0,0
676,0,0,0,0,0,0
684,0,0,0,0,0,0
692,0,0,0,0,0,0
700,0,0,0,0,0,0
716,0,0,0,0,0,0
724,0,0,0,0,0,0
732,0,0,0,0,0,0
740,0,0,0,0,0,0
748,0,0,0,0,0,0
756,0,0,0,0,0,0
794,0,0,0,0,0,0
804,0,0,0,0,0,0
841,0,0,0,0,0,0
850,0,0,0,0,0,0
858,0,0,0,0,0,0
865,0,0,0,0,0,0
874,0,0,0,0,0,0
882,0,0,0,0,0,0
891,0,0,0,0,0,0
900,0,0,0,0,0,0
909,0,0,0,0,0,0
950,0,0,0,0,0,0
959,0,0,0,0,0,0
967,0,0,0,0,0,0
975,0,0,0,0,0,0
982,0,0,0,0,0,0
990,0,0,0,0,0,0
999,0,0,0,0,0,0
1010,0,0,0,0,0,0
1019,0,0,0,0,0,0
1028,0,0,0,0,0,0
1036,0,0,0,0,0,0
1044,0,0,0,0,0,0
1052,0,0,0,0,0,0
1060,0,0,0,0,0,0
1068,0,0,0,0,0,0
1076,0,0,0,0,0,0
1084,0,0,0,0,0,0
1092,0,0,0,0,0,0
1100,0,0,0,0,0,0
1109,0,0,0,0,0,0
1117,0,0,0,0,0,0
1125,0,0,0,0,0,0
1133,0,0,0,0,0,0
1141,0,0,0,0,0,0
1149,0,0,0,0,0,0
1157,0,0,0,0,0,0
1165,0,0,0,0,0,0
1173,0,0,0,0,0,0
1181,0,0,0,0,0,0
1189,0,0,0,0,0,0
1197,0,0,0,0,0,0
1209,0,0,0,0,0,0
1216,0,0,0,0,0,0
1223,0,0,0,0,0,0
1231,0,0,0,0,0,0
1239,0,0,0,0,0,0
1247,0,0,0,0,0,0
1255,0,0,0,0,0,0
1262,0,0,0,0,0,0
1272,0,0,0,0,0,0
1279,0,0,0,0,0,0
1287,0,0,0,0,0,0
1295,0,0,0,0,0,0
1303,0,0,0,0,0,0
1311,0,0,0,0,0,0
1319,0,0,0,0,0,0
1326,0,0,0,0,0,0
1331,0,0,0,0,0,0
1339,0,0,0,0,0,0
1347,0,0,0,0,0,0
1352,0,0,0,0,0,0
1360,0,0,0,0,0,0
1366,0,0,0,0,0,0
1373,0,0,0,0,0,0
1381,0,0,0,0,0,0
1389,0,0,0,0,0,0
1397,0,0,0,0,0,0
1407,0,0,0,0,0,0
1413,0,0,0,0,0,0
1422,0,0,0,0,0,0
1431,0,0,0,0,0,0
1440,0,0,0,0,0,0
1449,0,0,0,0,0,0
1459,0,0,0,0,0,0
1467,0,0,0,0,0,0
1474,0,0,0,0,0,0
1482,0,0,0,0,0,0
1490,0,0,0,0,0,0
1498,0,0,0,0,0,0
1506,0,0,0,0,0,0
1514,0,0,0,0,0,0
1523,0,0,0,0,0,0
1531,0,0,0,0,0,0
1539,0,0,0,0,0,0
1547,0,0,0,0,0,0
1555,0,0,0,0,0,0
1563,0,0,0,0,0,0
1570,0,0,0,0,0,0
1578,0,0,0,0,0,0
1586,0,0,0,0,0,0
1593,0,0,0,0,0,0
1609,0,0,0,0,0,0
1618,0,0,0,0,0,0
1634,0,0,0,0,0,0
1643,0,0,0,0,0,0
1651,0,0,0,0,0,0
1656,0,0,0,0,0,0
1667,0,0,0,0,0,0
1676,0,0,0,0,0,0
1684,0,0,0,0,0,0
1692,0,0,0,0,0,0
1717,0,0,0,0,0,0
1725,0,0,0,0,0,0
1739,0,0,0,0,0,0
1755,0,0,0,0,0,0
1764,0,0,0,0,0,0
1774,0,0,0,0,0,0
1782,0,0,0,0,0,0
1791,0,0,0,0,0,0
1800,0,0,0,0,0,0
1857,0,0,0,0,0,0
1863,0,0,0,0,0,0
1873,0,0,0,0,0,0
1882,0,0,0,0,0,0
1890,0,0,0,0,0,0
1922,0,0,0,0,0,0
1931,0,0,0,0,0,0
1945,0,0,0,0,0,0
1953,0,0,0,0,0,0
1966,0,0,0,0,0,0
1973,0,0,0,0,0,0
1980,0,0,0,0,0,0
1991,0,0,0,0,0,0
1998,0,0,0,0,0,0
2006,0,0,0,0,0,0
2014,0,0,0,0,0,0
2022,0,0,0,0,0,0
2030,0,0,0,0,0,0
2038,0,0,0,0,0,0
2046,0,0,0,0,0,0
2053,0,0,0,0,0,0
2060,0,0,0,0,0,0
2068,0,0,0,0,0,0
2076,0,0,0,0,0,0
2084,0,0,0,0,0,0
2092,0,0,0,0,0,0
2100,0,0,0,0,0,0
2108,0,0,0,0,0,0
2118,0,0,0,0,0,0
2124,0,0,0,0,0,0
2133,0,0,0,0,0,0
2144,0,0,0,0,0,0
2152,0,0,0,0,0,0
2160,0,0,0,0,0,0
2179,0,0,0,0,0,0
2186,0,0,0,0,0,0
2194,0,0,0,0,0,0
2202,0,0,0,0,0,0
2210,0,0,0,0,0,0
2214,0,0,0,0,0,0
2222,0,0,0,0,0,0
2230,0,0,0,0,0,0
2238,0,0,0,0,0,0
2246,0,0,0,0,0,0
2255,0,0,0,0,0,0
2263,0,0,0,0,0,0
2271,0,0,0,0,0,0
2278,0,0,0,0,0,0
2287,0,0,0,0,0,0
2295,0,0,0,0,0,0
2303,0,0,0,0,0,0
2311,0,0,0,0,0,0
2319,0,0,0,0,0,0
2327,0,0,0,0,0,0
2335,0,0,0,0,0,0
2342,0,0,0,0,0,0
2351,0,0,0,0,0,0
2360,0,0,0,0,0,0
2370,0,0,0,0,0,0
2375,0,0,0,0,0,0
2383,0,0,0,0,0,0
2391,0,0,0,0,0,0
2398,0,0,0,0,0,0
2406,0,0,0,0,0,0
2414,0,0,0,0,0,0
2425,0,0,0,0,0,0
2434,0,0,0,0,0,0
2442,0,0,0,0,0,0
2448,0,0,0,0,0,0
2456,0,0,0,0,0,0
2466,0,0,0,0,0,0
2474,0,0,0,0,0,0
2482,0,0,0,0,0,0
2490,0,0,0,0,0,0
2498,0,0,0,0,0,0
2506,0,0,0,0,0,0
2514,0,0,0,0,0,0
2521,0,0,0,0,0,0
2530,0,0,0,0,0,0
2541,0,0,0,0,0,0
2547,0,0,0,0,0,0
2555,0,0,0,0,0,0
2563,0,0,0,0,0,0
2571,0,0,0,0,0,0
2579,0,0,0,0,0,0
2587,0,0,0,0,0,0
2595,0,0,0,0,0,0
2602,0,0,0,0,0,0
2615,0,0,0,0,0,0
2618,0,0,0,0,0,0
2626,0,0,0,0,0,0
2634,0,0,0,0,0,0
2640,0,0,0,0,0,0
2645,0,0,0,0,0,0
2653,0,0,0,0,0,0
2661,0,0,0,0,0,0
2669,0,0,0,0,0,0
2677,0,0,0,0,0,0
2685,0,0,0,0,0,0
2690,0,0,0,0,0,0
2698,0,0,0,0,0,0
2728,0,0,0,0,0,0
2738,0,0,0,0,0,0
2749,0,0,0,0,0,0
2769,0,0,0,0,0,0
2777,0,0,0,0,0,0
2785,0,0,0,0,0,0
2793,0,0,0,0,0,0
2798,0,0,0,0,0,0
2806,0,0,0,0,0,0
2821,0,0,0,0,0,0
2826,0,0,0,0,0,0
2838,0,0,0,0,0,0
2843,0,0,0,0,0,0
2851,0,0,0,0,0,0
2859,0,0,0,0,0,0
2865,0,0,0,0,0,0
2872,0,0,0,0,0,0
2883,0,0,0,0,0,0
2904,0,0,0,0,0,0
2912,0,0,0,0,0,0
2920,0,0,0,0,0,0
2928,0,0,0,0,0,0
2935,0,0,0,0,0,0
2943,0,0,0,0,0,0
2952,0,0,0,0,0,0
2960,0,0,0,0,0,0
2968,0,0,0,0,0,0
2976,0,0,0,0,0,0
2983,0,0,0,0,0,0
2991,0,0,0,0,0,0
2998,0,0,0,0,0,0
3006,0,0,0,0,0,0
3014,0,0,0,0,0,0
3022,0,0,0,0,0,0
3030,0,0,0,0,0,0
3038,0,0,0,0,0,0
3046,0,0,0,0,0,0
3053,0,0,0,0,0,0
3064,0,0,0,0,0,0
3070,0,0,0,0,0,0
3077,0,0,0,0,0,0
3086,0,0,0,0,0,0
3094,0,0,0,0,0,0
3102,0,0,0,0,0,0
3110,0,0,0,0,0,0
3118,0,0,0,0,0,0
3126,0,0,0,0,0,0
3133,0,0,0,0,0,0
3141,0,0,0,0,0,0
3150,0,0,0,0,0,0
3159,0,0,0,0,0,0
3169,0,0,0,0,0,0
3177,0,0,0,0,0,0
3186,0,0,0,0,0,0
3194,0,0,0,0,0,0
3202,0,0,0,0,0,0
3210,0,0,0,0,0,0
3218,0,0,0,0,0,0
3226,0,0,0,0,0,0
3234,0,0,0,0,0,0
3242,0,0,0,0,0,0
3250,0,0,0,0,0,0
3261,0,0,0,0,0,0
3266,0,0,0,0,0,0
3274,0,0,0,0,0,0
3282,0,0,0,0,0,0
3290,0,0,0,0,0,0
3298,0,0,0,0,0,0
3306,0,0,0,0,0,0
3314,0,0,0,0,0,0
3322,0,0,0,0,0,0
3330,0,0,0,0,0,0
3336,0,0,0,0,0,0
3344,0,0,0,0,0,0
3352,0,0,0,0,0,0
3360,0,0,0,0,0,0
3368,0,0,0,0,0,0
3377,0,0,0,0,0,0
3385,0,0,0,0,0,0
3394,0,0,0,0,0,0
3401,0,0,0,0,0,0
3409,0,0,0,0,0,0
3419,0,0,0,0,0,0
3429,0,0,0,0,0,0
3433,0,0,0,0,0,0
3441,0,0,0,0,0,0
3449,0,0,0,0,0,0
3458,0,0,0,0,0,0
3466,0,0,0,0,0,0
3474,0,0,0,0,0,0
3482,0,0,0,0,0,0
3490,0,0,0,0,0,0
3498,0,0,0,0,0,0
3506,0,0,0,0,0,0
3511,0,0,0,0,0,0
3519,0,0,0,0,0,0
3527,0,0,0,0,0,0
3535,0,0,0,0,0,0
3545,0,0,0,0,0,0
3554,0,0,0,0,0,0
3564,0,0,0,0,0,0
3580,0,0,0,0,0,0
3588,0,0,0,0,0,0
3597,0,0,0,0,0,0
3604,0,0,0,0,0,0
3612,0,0,0,0,0,0
3618,0,0,0,0,0,0
3626,0,0,0,0,0,0
3636,0,0,0,0,0,0
3643,0,0,0,0,0,0
3654,0,0,0,0,0,0
3662,0,0,0,0,0,0
3670,0,0,0,0,0,0
3687,0,0,0,0,0,0
3695,0,0,0,0,0,0
3704,0,0,0,0,0,0
3717,0,0,0,0,0,0
3726,0,0,0,0,0,0
3735,0,0,0,0,0,0
3776,0,0,0,0,0,0
3784,0,0,0,0,0,0
3792,0,0,0,0,0,0
3800,0,0,0,0,0,0
3808,0,0,0,0,0,0
3816,0,0,0,0,0,0
3832,0,0,0,0,0,0
3848,0,0,0,0,0,0
3856,0,0,0,0,0,0
3864,0,0,0,0,0,0
3872,0,0,0,0,0,0
3880,0,0,0,0,0,0
3888,0,0,0,0,0,0
3896,0,0,0,0,0,0
3904,0,0,0,0,0,0
3912,0,0,0,0,0,0
3920,0,0,0,0,0,0
3928,0,0,0,0,0,0
3945,0,0,0,0,0,0
3951,0,0,0,0,0,0
3960,0,0,0,0,0,0
3968,0,0,0,0,0,0
3976,0,0,0,0,0,0
3984,0,0,0,0,0,0
3993,0,0,0,0,0,0
4000,0,0,0,0,0,0
4008,0,0,0,0,0,0
4017,0,0,0,0,0,0
4023,0,0,0,0,0,0
4031,0,0,0,0,0,0
4039,0,0,0,0,0,0
4047,0,0,0,0,0,0
4055,0,0,0,0,0,0
4063,0,0,0,0,0,0
4071,0,0,0,0,0,0
4078,0,0,0,0,0,0
4087,0,0,0,0,0,0
4095,0,0,0,0,0,0
4103,0,0,0,0,0,0
4111,0,0,0,0,0,0
4119,0,0,0,0,0,0
4127,0,0,0,0,0,0
4135,0,0,0,0,0,0
4142,0,0,0,0,0,0
4148,0,0,0,0,0,0
4156,0,0,0,0,0,0
4164,0,0,0,0,0,0
4172,0,0,0,0,0,0
4180,0,0,0,0,0,0
4188,0,0,0,0,0,0
4196,0,0,0,0,0,0
4205,0,0,0,0,0,0
4214,0,0,0,0,0,0
4222,0,0,0,0,0,0
4232,0,0,0,0,0,0
4241,0,0,0,0,0,0
4251,0,0,0,0,0,0
4256,0,0,0,0,0,0
4264,0,0,0,0,0,0
4272,0,0,0,0,0,0
4280,0,0,0,0,0,0
4288,0,0,0,0,0,0
4296,0,0,0,0,0,0
4300,0,0,0,0,0,0
4309,0,0,0,0,0,0
4317,0,0,0,0,0,0
4325,0,0,0,0,0,0
4333,0,0,0,0,0,0
4341,0,0,0,0,0,0
4346,0,0,0,0,0,0
4354,0,0,0,0,0,0
4362,0,0,0,0,0,0
4370,0,0,0,0,0,0
4377,0,0,0,0,0,0
4385,0,0,0,0,0,0
4392,0,0,0,0,0,0
4400,0,0,0,0,0,0
4410,0,0,0,0,0,0
4419,0,0,0,0,0,0
4427,0,0,0,0,0,0
4435,0,0,0,0,0,0
4443,0,0,0,0,0,0
4450,0,0,0,0,0,0
4458,0,0,0,0,0,0
4464,0,0,0,0,0,0
4474,0,0,0,0,0,0
4484,0,0,0,0,0,0
4493,0,0,0,0,0,0
4502,0,0,0,0,0,0
4511,0,0,0,0,0,0
4519,0,0,0,0,0,0
4528,0,0,0,0,0,0
4536,0,0,0,0,0,0
4548,0,0,0,0,0,0
4553,0,0,0,0,0,0
4561,0,0,0,0,0,0
4569,0,0,0,0,0,0
4577,0,0,0,0,0,0
4582,0,0,0,0,0,0
4594,0,0,0,0,0,0
4602,0,0,0,0,0,0
4610,0,0,0,0,0,0
4618,0,0,0,0,0,0
4624,0,0,0,0,0,0
4632,0,0,0,0,0,0
4640,0,0,0,0,0,0
4658,0,0,0,0,0,0
4663,0,0,0,0,0,0
4689,0,0,0,0,0,0
4703,0,0,0,0,0,0
4711,0,0,0,0,0,0
4719,0,0,0,0,0,0
4726,0,0,0,0,0,0
4734,0,0,0,0,0,0
4750,0,0,0,0,0,0
4766,0,0,0,0,0,0
4774,0,0,0,0,0,0
4781,0,0,0,0,0,0
4790,0,0,0,0,0,0
4798,0,0,0,0,0,0
4807,0,0,0,0,0,0
4815,0,0,0,0,0,0
4847,0,0,0,0,0,0
4855,0,0,0,0,0,0
4863,0,0,0,0,0,0
4870,0,0,0,0,0,0
4877,0,0,0,0,0,0
4885,0,0,0,0,0,0
4893,0,0,0,0,0,0
4901,0,0,0,0,0,0
4908,0,0,0,0,0,0
4920,0,0,0,0,0,0
4928,0,0,0,0,0,0
4936,0,0,0,0,0,0
4944,0,0,0,0,0,0
4952,0,0,0,0,0,0
4960,0,0,0,0,0,0
4967,0,0,0,0,0,0
4975,0,0,0,0,0,0
4983,0,0,0,0,0,0
4991,0,0,0,0,0,0
4999,0,0,0,0,0,0
5007,0,0,0,0,0,0
5014,0,0,0,0,0,0
5022,0,0,0,0,0,0
5030,0,0,0,0,0,0
5038,0,0,0,0,0,0
5046,0,0,0,0,0,0
5054,0,0,0,0,0,0
5062,0,0,0,0,0,0
5071,0,0,0,0,0,0
5079,0,0,0,0,0,0
5087,0,0,0,0,0,0
5093,0,0,0,0,0,0
5101,0,0,0,0,0,0
5110,0,0,0,0,0,0
5118,0,0,0,0,0,0
5126,0,0,0,0,0,0
5132,0,0,0,0,0,0
5141,0,0,0,0,0,0
5149,0,0,0,0,0,0
5157,0,0,0,0,0,0
5166,0,0,0,0,0,0
5174,0,0,0,0,0,0
5182,0,0,0,0,0,0
5190,0,0,0,0,0,0
5198,0,0,0,0,0,0
5207,0,0,0,0,0,0
5215,0,0,0,0,0,0
5222,0,0,0,0,0,0
5231,0,0,0,0,0,0
5239,0,0,0,0,0,0
5247,0,0,0,0,0,0
5255,0,0,0,0,0,0
5263,0,0,0,0,0,0
5271,0,0,0,0,0,0
5279,0,0,0,0,0,0
5287,0,0,0,0,0,0
5295,0,0,0,0,0,0
5303,0,0,0,0,0,0
5311,0,0,0,0,0,0
5319,0,0,0,0,0,0
5326,0,0,0,0,0,0
5334,0,0,0,0,0,0
5341,0,0,0,0,0,0
5349,0,0,0,0,0,0
5356,0,0,0,0,0,0
5364,0,0,0,0,0,0
5372,0,0,0,0,0,0
5380,0,0,0,0,0,0
5388,0,0,0,0,0,0
5396,0,0,0,0,0,0
5404,0,0,0,0,0,0
5412,0,0,0,0,0,0
5420,0,0,0,0,0,0
5428,0,0,0,0,0,0
5439,0,0,0,0,0,0
5445,0,0,0,0,0,0
5453,0,0,0,0,0,0
5461,0,0,0,0,0,0
5469,0,0,0,0,0,0
5476,0,0,0,0,0,0
5484,0,0,0,0,0,0
5492,0,0,0,0,0,0
5501,0,0,0,0,0,0
5510,0,0,0,0,0,0
5521,0,0,0,0,0,0
5527,0,0,0,0,0,0
5538,0,0,0,0,0,0
5543,0,0,0,0,0,0
5551,0,0,0,0,0,0
5559,0,0,0,0,0,0
5561,0,0,0,0,0,0
5569,0,0,0,0,0,0
5577,0,0,0,0,0,0
5585,0,0,0,0,0,0
5593,0,0,0,0,0,0
5601,0,0,0,0,0,0
5606,0,0,0,0,0,0
5613,0,0,0,0,0,0
5652,0,0,0,0,0,0
5662,0,0,0,0,0,0
5674,0,0,0,0,0,0
5680,0,0,0,0,0,0
5689,0,0,0,0,0,0
5697,0,0,0,0,0,0
5706,0,0,0,0,0,0
5714,0,0,0,0,0,0
5722,0,0,0,0,0,0
5731,0,0,0,0,0,0
5739,0,0,0,0,0,0
5747,0,0,0,0,0,0
5752,0,0,0,0,0,0
5763,0,0,0,0,0,0
5768,0,0,0,0,0,0
5776,0,0,0,0,0,0
5784,0,0,0,0,0,0
5792,0,0,0,0,0,0
5800,0,0,0,0,0,0
5808,0,0,0,0,0,0
5813,0,0,0,0,0,0
5821,0,0,0,0,0,0
5829,0,0,0,0,0,0
5837,0,0,0,0,0,0
5845,0,0,0,0,0,0
5851,0,0,0,0,0,0
5858,0,0,0,0,0,0
5866,0,0,0,0,0,0
5874,0,0,0,0,0,0
5882,0,0,0,0,0,0
5891,0,0,0,0,0,0
5899,0,0,0,0,0,0
5906,0,0,0,0,0,0
5916,0,0,0,0,0,0
5924,0,0,0,0,0,0
5933,0,0,0,0,0,0
5940,0,0,0,0,0,0
5948,0,0,0,0,0,0
5956,0,0,0,0,0,0
5964,0,0,0,0,0,0
5972,0,0,0,0,0,0
5979,0,0,0,0,0,0
5986,0,0,0,0,0,0
5993,0,0,0,0,0,0
6002,0,0,0,0,0,0
6010,0,0,0,0,0,0
6018,0,0,0,0,0,0
6025,0,0,0,0,0,0
6033,0,0,0,0,0,0
6041,0,0,0,0,0,0
6050,0,0,0,0,0,0
6058,0,0,0,0,0,0
6066,0,0,0,0,0,0
6074,0,0,0,0,0,0
6082,0,0,0,0,0,0
6090,0,0,0,0,0,0
6098,0,0,0,0,0,0
6106,0,0,0,0,0,0
6115,0,0,0,0,0,0
6122,0,0,0,0,0,0
6131,0,0,0,0,0,0
6139,0,0,0,0,0,0
6147,0,0,0,0,0,0
6155,0,0,0,0,0,0
6163,0,0,0,0,0,0
6171,0,0,0,0,0,0
6179,0,0,0,0,0,0
6185,0,0,0,0,0,0
6195,0,0,0,0,0,0
6200,0,0,0,0,0,0
6208,0,0,0,0,0,0
6216,0,0,0,0,0,0
6224,0,0,0,0,0,0
6232,0,0,0,0,0,0
6239,0,0,0,0,0,0
6248,0,0,0,0,0,0
6256,0,0,0,0,0,0
6265,0,0,0,0,0,0
6274,0,0,0,0,0,0
6282,0,0,0,0,0,0
6290,0,0,0,0,0,0
6298,0,0,0,0,0,0
6306,0,0,0,0,0,0
6313,0,0,0,0,0,0
6319,0,0,0,0,0,0
6327,0,0,0,0,0,0
6334,0,0,0,0,0,0
6342,0,0,0,0,0,0
6352,0,0,0,0,0,0
6362,0,0,0,0,0,0
6370,0,0,0,0,0,0
6378,0,0,0,0,0,0
6386,0,0,0,0,0,0
6394,0,0,0,0,0,0
6402,0,0,0,0,0,0
6408,0,0,0,0,0,0
6417,0,0,0,0,0,0
6425,0,0,0,0,0,0
6433,0,0,0,0,0,0
6441,0,0,0,0,0,0
6449,0,0,0,0,0,0
6457,0,0,0,0,0,0
6465,0,0,0,0,0,0
6473,0,0,0,0,0,0
6481,0,0,0,0,0,0
6490,0,0,0,0,0,0
6497,0,0,0,0,0,0
6506,0,0,0,0,0,0
6512,0,0,0,0,0,0
6522,0,0,0,0,0,0
6529,0,0,0,0,0,0
6535,0,0,0,0,0,0
6542,0,0,0,0,0,0
6552,0,0,0,0,0,0
6558,0,0,0,0,0,0
6568,0,0,0,0,0,0
6574,0,0,0,0,0,0
6584,0,0,0,0,0,0
6597,0,0,0,0,0,0
6620,0,0,0,0,0,0
6629,0,0,0,0,0,0
6637,0,0,0,0,0,0
6645,0,0,0,0,0,0
6653,0,0,0,0,0,0
6661,0,0,0,0,0,0
6685,0,0,0,0,0,0
6692,0,0,0,0,0,0
6708,0,0,0,0,0,0
6715,0,0,0,0,0,0
6723,0,0,0,0,0,0
6732,0,0,0,0,0,0
6741,0,0,0,0,0,0
6750,0,0,0,0,0,0
6766,0,0,0,0,0,0
6775,0,0,0,0,0,0
6783,0,0,0,0,0,0
6790,0,0,0,0,0,0
6799,0,0,0,0,0,0
6807,0,0,0,0,0,0
6814,0,0,0,0,0,0
6821,0,0,0,0,0,0
6829,0,0,0,0,0,0
6837,0,0,0,0,0,0
6844,0,0,0,0,0,0
6852,0,0,0,0,0,0
6860,0,0,0,0,0,0
6870,0,0,0,0,0,0
6876,0,0,0,0,0,0
6884,0,0,0,0,0,0
6891,0,0,0,0,0,0
6899,0,0,0,0,0,0
6909,0,0,0,0,0,0
6916,0,0,0,0,0,0
6924,0,0,0,0,0,0
6931,0,0,0,0,0,0
6938,0,0,0,0,0,0
6946,0,0,0,0,0,0
6954,0,0,0,0,0,0
6962,0,0,0,0,0,0
6970,0,0,0,0,0,0
6978,0,0,0,0,0,0
6985,0,0,0,0,0,0
6993,0,0,0,0,0,0
7001,0,0,0,0,0,0
7009,0,0,0,0,0,0
7017,0,0,0,0,0,0
7025,0,0,0,0,0,0
7033,0,0,0,0,0,0
7041,0,0,0,0,0,0
7047,0,0,0,0,0,0
7058,0,0,0,0,0,0
7064,0,0,0,0,0,0
7072,0,0,0,0,0,0
7080,0,0,0,0,0,0
7088,0,0,0,0,0,0
7096,0,0,0,0,0,0
7103,0,0,0,0,0,0
7112,0,0,0,0,0,0
7120,0,0,0,0,0,0
7128,0,0,0,0,0,0
7136,0,0,0,0,0,0
7144,0,0,0,0,0,0
7152,0,0,0,0,0,0
7160,0,0,0,0,0,0
7167,0,0,0,0,0,0
7173,0,0,0,0,0,0
7181,0,0,0,0,0,0
7189,0,0,0,0,0,0
7197,0,0,0,0,0,0
7205,0,0,0,0,0,0
7213,0,0,0,0,0,0
7219,0,0,0,0,0,0
7228,0,0,0,0,0,0
7237,0,0,0,0,0,0
7246,0,0,0,0,0,0
7254,0,0,0,0,0,0
7262,0,0,0,0,0,0
7270,0,0,0,0,0,0
7278,0,0,0,0,0,0
7284,0,0,0,0,0,0
7290,0,0,0,0,0,0
7298,0,0,0,0,0,0
7306,0,0,0,0,0,0
7314,0,0,0,0,0,0
7322,0,0,0,0,0,0
7330,0,0,0,0,0,0
7337,0,0,0,0,0,0
7346,0,0,0,0,0,0
7353,0,0,0,0,0,0
7361,0,0,0,0,0,0
7369,0,0,0,0,0,0
7377,0,0,0,0,0,0
7385,0,0,0,0,0,0
7392,0,0,0,0,0,0
7399,0,0,0,0,0,0
7407,0,0,0,0,0,0
7415,0,0,0,0,0,0
7423,0,0,0,0,0,0
7431,0,0,0,0,0,0
7439,0,0,0,0,0,0
7447,0,0,0,0,0,0
7455,0,0,0,0,0,0
7460,0,0,0,0,0,0
7467,0,0,0,0,0,0
7475,0,0,0,0,0,0
7483,0,0,0,0,0,0
7489,0,0,0,0,0,0
7501,0,0,0,0,0,0
7507,0,0,0,0,0,0
7514,0,0,0,0,0,0
7522,0,0,0,0,0,0
7531,0,0,0,0,0,0
7539,0,0,0,0,0,0
7547,0,0,0,0,0,0
7555,0,0,0,0,0,0
7563,0,0,0,0,0,0
7583,0,0,0,0,0,0
7620,0,0,0,0,0,0
7628,0,0,0,0,0,0
7636,0,0,0,0,0,0
7644,0,0,0,0,0,0
7651,0,0,0,0,0,0
7658,0,0,0,0,0,0
7666,0,0,0,0,0,0
7672,0,0,0,0,0,0
7680,0,0,0,0,0,0
7694,0,0,0,0,0,0
7702,0,0,0,0,0,0
7710,0,0,0,0,0,0
7718,0,0,0,0,0,0
7725,0,0,0,0,0,0
7733,0,0,0,0,0,0
7741,0,0,0,0,0,0
7747,0,0,0,0,0,0
7757,0,0,0,0,0,0
7765,0,0,0,0,0,0
7772,0,0,0,0,0,0
7781,0,0,0,0,0,0
7787,0,0,0,0,0,0
7793,0,0,0,0,0,0
7801,0,0,0,0,0,0
7809,0,0,0,0,0,0
7817,0,0,0,0,0,0
7825,0,0,0,0,0,0
7832,0,0,0,0,0,0
7841,0,0,0,0,0,0
7849,0,0,0,0,0,0
7857,0,0,0,0,0,0
7865,0,0,0,0,0,0
7873,0,0,0,0,0,0
7881,0,0,0,0,0,0
7889,0,0,0,0,0,0
7897,0,0,0,0,0,0
7905,0,0,0,0,0,0
7913,0,0,0,0,0,0
7919,0,0,0,0,0,0
7927,0,0,0,0,0,0
7935,0,0,0,0,0,0
7942,0,0,0,0,0,0
7951,0,0,0,0,0,0
7958,0,0,0,0,0,0
7966,0,0,0,0,0,0
7974,0,0,0,0,0,0
7983,0,0,0,0,0,0
7992,0,0,0,0,0,0
8000,0,0,0,0,0,0
8008,0,0,0,0,0,0
8016,0,0,0,0,0,0
8024,0,0,0,0,0,0
8032,0,0,0,0,0,0
8041,0,0,0,0,0,0
8050,0,0,0,0,0,0
8058,0,0,0,0,0,0
8066,0,0,0,0,0,0
8074,0,0,0,0,0,0
8081,0,0,0,0,0,0
8089,0,0,0,0,0,0
8096,0,0,0,0,0,0
8104,0,0,0,0,0,0
8112,0,0,0,0,0,0
8119,0,0,0,0,0,0
8134,0,0,0,0,0,0
8142,0,0,0,0,0,0
8150,0,0,0,0,0,0
8157,0,0,0,0,0,0
8165,0,0,0,0,0,0
8173,0,0,0,0,0,0
8182,0,0,0,0,0,0
8191,0,0,0,0,0,0
8200,0,0,0,0,0,0
8208,0,0,0,0,0,0
8216,0,0,0,0,0,0
8224,0,0,0,0,0,0
8232,0,0,0,0,0,0
8239,0,0,0,0,0,0
8246,0,0,0,0,0,0
8256,0,0,0,0,0,0
8262,0,0,0,0,0,0
8270,0,0,0,0,0,0
8277,0,0,0,0,0,0
8284,0,0,0,0,0,0
8292,0,0,0,0,0,0
8299,0,0,0,0,0,0
8307,0,0,0,0,0,0
8315,0,0,0,0,0,0
8323,0,0,0,0,0,0
8331,0,0,0,0,0,0
8338,0,0,0,0,0,0
8346,0,0,0,0,0,0
8353,0,0,0,0,0,0
8361,0,0,0,0,0,0
8369,0,0,0,0,0,0
8377,0,0,0,0,0,0
8385,0,0,0,0,0,0
8393,0,0,0,0,0,0
8401,0,0,0,0,0,0
8409,0,0,0,0,0,0
8416,0,0,0,0,0,0
8424,0,0,0,0,0,0
8432,0,0,0,0,0,0
8440,0,0,0,0,0,0
8448,0,0,0,0,0,0
8455,0,0,0,0,0,0
8465,0,0,0,0,0,0
8472,0,0,0,0,0,0
8480,0,0,0,0,0,0
8488,0,0,0,0,0,0
8498,0,0,0,0,0,0
8506,0,0,0,0,0,0
8514,0,0,0,0,0,0
8526,0,0,0,0,0,0
8531,0,0,0,0,0,0
8547,0,0,0,0,0,0
8555,0,0,0,0,0,0
8578,0,0,0,0,0,0
8591,0,0,0,0,0,0
8596,0,0,0,0,0,0
8605,0,0,0,0,0,0
8613,0,0,0,0,0,0
8621,0,0,0,0,0,0
8629,0,0,0,0,0,0
8637,0,0,0,0,0,0
8645,0,0,0,0,0,0
8653,0,0,0,0,0,0
8659,0,0,0,0,0,0
8667,0,0,0,0,0,0
8680,0,0,0,0,0,0
8684,0,0,0,0,0,0
8692,0,0,0,0,0,0
8700,0,0,0,0,0,0
8708,0,0,0,0,0,0
8716,0,0,0,0,0,0
8723,0,0,0,0,0,0
8732,0,0,0,0,0,0
8741,0,0,0,0,0,0
8750,0,0,0,0,0,0
8759,0,0,0,0,0,0
8767,0,0,0,0,0,0
8775,0,0,0,0,0,0
8783,0,0,0,0,0,0
8791,0,0,0,0,0,0
8799,0,0,0,0,0,0
8806,0,0,0,0,0,0
8814,0,0,0,0,0,0
8822,0,0,0,0,0,0
8830,0,0,0,0,0,0
8839,0,0,0,0,0,0
8846,0,0,0,0,0,0
8854,0,0,0,0,0,0
8862,0,0,0,0,0,0
8870,0,0,0,0,0,0
8878,0,0,0,0,0,0
8885,0,0,0,0,0,0
8896,0,0,0,0,0,0
8903,0,0,0,0,0,0
8913,0,0,0,0,0,0
8921,0,0,0,0,0,0
8929,0,0,0,0,0,0
8937,0,0,0,0,0,0
8943,0,0,0,0,0,0
8951,0,0,0,0,0,0
8959,0,0,0,0,0,0
8967,0,0,0,0,0,0
8975,0,0,0,0,0,0
8984,0,0,0,0,0,0
8993,0,0,0,0,0,0
9003,0,0,0,0,0,0
9010,0,0,0,0,0,0
9017,0,0,0,0,0,0
9025,0,0,0,0,0,0
9033,0,0,0,0,0,0
9041,0,0,0,0,0,0
9049,0,0,0,0,0,0
9057,0,0,0,0,0,0
9064,0,0,0,0,0,0
9072,0,0,0,0,0,0
9081,0,0,0,0,0,0
9090,0,0,0,0,0,0
9100,0,0,0,0,0,0
9109,0,0,0,0,0,0
9119,0,0,0,0,0,0
9129,0,0,0,0,0,0
9137,0,0,0,0,0,0
9145,0,0,0,0,0,0
9153,0,0,0,0,0,0
9159,0,0,0,0,0,0
9167,0,0,0,0,0,0
9175,0,0,0,0,0,0
9183,0,0,0,0,0,0
9188,0,0,0,0,0,0
9196,0,0,0,0,0,0
9204,0,0,0,0,0,0
9212,0,0,0,0,0,0
9220,0,0,0,0,0,0
9228,0,0,0,0,0,0
9233,0,0,0,0,0,0
9241,0,0,0,0,0,0
9249,0,0,0,0,0,0
9257,0,0,0,0,0,0
9265,0,0,0,0,0,0
9273,0,0,0,0,0,0
9281,0,0,0,0,0,0
9289,0,0,0,0,0,0
9294,0,0,0,0,0,0
9302,0,0,0,0,0,0
9310,0,0,0,0,0,0
9318,0,0,0,0,0,0
9324,0,0,0,0,0,0
9333,0,0,0,0,0,0
9344,0,0,0,0,0,0
9352,0,0,0,0,0,0
9360,0,0,0,0,0,0
9368,0,0,0,0,0,0
9378,0,0,0,0,0,0
9384,0,0,0,0,0,0
9393,0,0,0,0,0,0
9400,0,0,0,0,0,0
9408,0,0,0,0,0,0
9415,0,0,0,0,0,0
9424,0,0,0,0,0,0
9432,0,0,0,0,0,0
9440,0,0,0,0,0,0
9448,0,0,0,0,0,0
9456,0,0,0,0,0,0
9464,0,0,0,0,0,0
9472,0,0,0,0,0,0
9480,0,0,0,0,0,0
9488,0,0,0,0,0,0
9497,0,0,0,0,0,0
9505,0,0,0,0,0,0
9513,0,0,0,0,0,0
9529,0,0,0,0,0,0
9545,0,0,0,0,0,0
9552,0,0,0,0,0,0
9557,0,0,0,0,0,0
9565,0,0,0,0,0,0
9574,0,0,0,0,0,0
9583,0,0,0,0,0,0
9593,0,0,0,0,0,0
9601,0,0,0,0,0,0
9608,0,0,0,0,0,0
9615,0,0,0,0,0,0
9625,0,0,0,0,0,0
9641,0,0,0,0,0,0
9663,0,0,0,0,0,0
9671,0,0,0,0,0,0
9679,0,0,0,0,0,0
9687,0,0,0,0,0,0
9695,0,0,0,0,0,0
9703,0,0,0,0,0,0
9711,0,0,0,0,0,0
9719,0,0,0,0,0,0
9727,0,0,0,0,0,0
9735,0,0,0,0,0,0
9743,0,0,0,0,0,0
9750,0,0,0,0,0,0
9758,0,0,0,0,0,0
9767,0,0,0,0,0,0
9775,0,0,0,0,0,0
9784,0,0,0,0,0,0
9792,0,0,0,0,0,0
9800,0,0,0,0,0,0
9808,0,0,0,0,0,0
9816,0,0,0,0,0,0
9824,0,0,0,0,0,0
9832,0,0,0,0,0,0
9838,0,0,0,0,0,0
9846,0,0,0,0,0,0
9855,0,0,0,0,0,0
9864,0,0,0,0,0,0
9872,0,0,0,0,0,0
9880,0,0,0,0,0,0
9888,0,0,0,0,0,0
9896,0,0,0,0,0,0
9904,0,0,0,0,0,0
9912,0,0,0,0,0,0
9919,0,0,0,0,0,0
9927,0,0,0,0,0,0
9936,0,0,0,0,0,0
9944,0,0,0,0,0,0
9952,0,0,0,0,0,0
9960,0,0,0,0,0,0
9968,0,0,0,0,0,0
9976,0,0,0,0,0,0
9983,0,0,0,0,0,0
9990,0,0,0,0,0,0
9998,0,0,0,0,0,0
10006,0,0,0,0,0,0
10014,0,0,0,0,0,0
10022,0,0,0,0,0,0
10030,0,0,0,0,0,0
10037,0,0,0,0,0,0
10047,0,0,0,0,0,0
10052,0,0,0,0,0,0
10059,0,0,0,0,0,0
10067,0,0,0,0,0,0
10076,0,0,0,0,0,0
10083,0,0,0,0,0,0
10090,0,0,0,0,0,0
10098,0,0,0,0,0,0
10106,0,0,0,0,0,0
10114,0,0,0,0,0,0
10122,0,0,0,0,0,0
10130,0,0,0,0,0,0
10136,0,0,0,0,0,0
10146,0,0,0,0,0,0
10151,0,0,0,0,0,0
10159,0,0,0,0,0,0
10166,0,0,0,0,0,0
10174,0,0,0,0,0,0
10182,0,0,0,0,0,0
10187,0,0,0,0,0,0
10195,0,0,0,0,0,0
10203,0,0,0,0,0,0
10210,0,0,0,0,0,0
10218,0,0,0,0,0,0
10224,0,0,0,0,0,0
10232,0,0,0,0,0,0
10243,0,0,0,0,0,0
10250,0,0,0,0,0,0
10258,0,0,0,0,0,0
10266,0,0,0,0,0,0
10274,0,0,0,0,0,0
10282,0,0,0,0,0,0
10289,0,0,0,0,0,0
10298,0,0,0,0,0,0
10308,0,0,0,0,0,0
10314,0,0,0,0,0,0
10322,0,0,0,0,0,0
10330,0,0,0,0,0,0
10338,0,0,0,0,0,0
10346,0,0,0,0,0,0
10353,0,0,0,0,0,0
10361,0,0,0,0,0,0
10370,0,0,0,0,0,0
10384,0,0,0,0,0,0
10392,0,0,0,0,0,0
10400,0,0,0,0,0,0
10408,0,0,0,0,0,0
10413,0,0,0,0,0,0
10427,0,0,0,0,0,0
10434,0,0,0,0,0,0
10442,0,0,0,0,0,0
10450,0,0,0,0,0,0
10455,0,0,0,0,0,0
10464,0,0,0,0,0,0
10474,0,0,0,0,0,0
10491,0,0,0,0,0,0
10495,0,0,0,0,0,0
10508,0,0,0,0,0,0
10516,0,0,0,0,0,0
10521,0,0,0,0,0,0
10532,0,0,0,0,0,0
10540,0,0,0,0,0,0
10548,0,0,0,0,0,0
10580,0,0,0,0,0,0
10589,0,0,0,0,0,0
10633,0,0,0,0,0,0
10642,0,0,0,0,0,0
10650,0,0,0,0,0,0
10658,0,0,0,0,0,0
10666,0,0,0,0,0,0
10674,0,0,0,0,0,0
10698,0,0,0,0,0,0
10706,0,0,0,0,0,0
10714,0,0,0,0,0,0
10718,0,0,0,0,0,0
10726,0,0,0,0,0,0
10734,0,0,0,0,0,0
10742,0,0,0,0,0,0
10749,0,0,0,0,0,0
10755,0,0,0,0,0,0
10764,0,0,0,0,0,0
10772,0,0,0,0,0,0
10780,0,0,0,0,0,0
10788,0,0,0,0,0,0
10795,0,0,0,0,0,0
10803,0,0,0,0,0,0
10811,0,0,0,0,0,0
10817,0,0,0,0,0,0
10825,0,0,0,0,0,0
10832,0,0,0,0,0,0
10840,0,0,0,0,0,0
10849,0,0,0,0,0,0
10860,0,0,0,0,0,0
10867,0,0,0,0,0,0
10874,0,0,0,0,0,0
10883,0,0,0,0,0,0
10890,0,0,0,0,0,0
10898,0,0,0,0,0,0
10906,0,0,0,0,0,0
10914,0,0,0,0,0,0
10922,0,0,0,0,0,0
10930,0,0,0,0,0,0
10937,0,0,0,0,0,0
10943,0,0,0,0,0,0
10951,0,0,0,0,0,0
10958,0,0,0,0,0,0
10965,0,0,0,0,0,0
10971,0,0,0,0,0,0
10979,0,0,0,0,0,0
10987,0,0,0,0,0,0
10995,0,0,0,0,0,0
11003,0,0,0,0,0,0
11011,0,0,0,0,0,0
11019,0,0,0,0,0,0
11025,0,0,0,0,0,0
11033,0,0,0,0,0,0
11041,0,0,0,0,0,0
11049,0,0,0,0,0,0
11055,0,0,0,0,0,0
11063,0,0,0,0,0,0
11072,0,0,0,0,0,0
11080,0,0,0,0,0,0
11088,0,0,0,0,0,0
11096,0,0,0,0,0,0
11104,0,0,0,0,0,0
11112,0,0,0,0,0,0
11119,0,0,0,0,0,0
11127,0,0,0,0,0,0
11134,0,0,0,0,0,0
11142,0,0,0,0,0,0
11150,0,0,0,0,0,0
11158,0,0,0,0,0,0
11166,0,0,0,0,0,0
11174,0,0,0,0,0,0
11183,0,0,0,0,0,0
11191,0,0,0,0,0,0
11198,0,0,0,0,0,0
11207,0,0,0,0,0,0
11216,0,0,0,0,0,0
11226,0,0,0,0,0,0
11231,0,0,0,0,0,0
11240,0,0,0,0,0,0
11248,0,0,0,0,0,0
11256,0,0,0,0,0,0
11264,0,0,0,0,0,0
11273,0,0,0,0,0,0
11280,0,0,0,0,0,0
11287,0,0,0,0,0,0
11295,0,0,0,0,0,0
11303,0,0,0,0,0,0
11311,0,0,0,0,0,0
11319,0,0,0,0,0,0
11327,0,0,0,0,0,0
11335,0,0,0,0,0,0
11342,0,0,0,0,0,0
11352,0,0,0,0,0,0
11359,0,0,0,0,0,0
11368,0,0,0,0,0,0
11377,0,0,0,0,0,0
11386,0,0,0,0,0,0
11398,0,0,0,0,0,0
11403,0,0,0,0,0,0
11413,0,0,0,0,0,0
11421,0,0,0,0,0,0
11429,0,0,0,0,0,0
11437,0,0,0,0,0,0
11445,0,0,0,0,0,0
11453,0,0,0,0,0,0
11461,0,0,0,0,0,0
11493,0,0,0,0,0,0
11509,0,0,0,0,0,0
11525,0,0,0,0,0,0
11533,0,0,0,0,0,0
11541,0,0,0,0,0,0
11546,0,0,0,0,0,0
11570,0,0,0,0,0,0
11578,0,0,0,0,0,0
11583,0,0,0,0,0,0
11594,0,0,0,0,0,0
11614,0,0,0,0,0,0
11619,0,0,0,0,0,0
11635,0,0,0,0,0,0
11643,0,0,0,0,0,0
11651,0,0,0,0,0,0
11659,0,0,0,0,0,0
11667,0,0,0,0,0,0
11673,0,0,0,0,0,0
11682,0,0,0,0,0,0
11691,0,0,0,0,0,0
11699,0,0,0,0,0,0
11707,0,0,0,0,0,0
11715,0,0,0,0,0,0
11723,0,0,0,0,0,0
11731,0,0,0,0,0,0
11739,0,0,0,0,0,0
11745,0,0,0,0,0,0
11752,0,0,0,0,0,0
11760,0,0,0,0,0,0
11768,0,0,0,0,0,0
11776,0,0,0,0,0,0
11784,0,0,0,0,0,0
11791,0,0,0,0,0,0
11798,0,0,0,0,0,0
11806,0,0,0,0,0,0
11814,0,0,0,0,0,0
11821,0,0,0,0,0,0
11828,0,0,0,0,0,0
11837,0,0,0,0,0,0
11845,0,0,0,0,0,0
11852,0,0,0,0,0,0
11862,0,0,0,0,0,0
11869,0,0,0,0,0,0
11878,0,0,0,0,0,0
11885,0,0,0,0,0,0
11893,0,0,0,0,0,0
11900,0,0,0,0,0,0
11908,0,0,0,0,0,0
11915,0,0,0,0,0,0
11923,0,0,0,0,0,0
11931,0,0,0,0,0,0
11939,0,0,0,0,0,0
11947,0,0,0,0,0,0
11955,0,0,0,0,0,0
11962,0,0,0,0,0,0
11970,0,0,0,0,0,0
11978,0,0,0,0,0,0
11986,0,0,0,0,0,0
11994,0,0,0,0,0,0
12001,0,0,0,0,0,0
12007,0,0,0,0,0,0
12016,0,0,0,0,0,0
12026,0,0,0,0,0,0
12036,0,0,0,0,0,0
12041,0,0,0,0,0,0
12049,0,0,0,0,0,0
12057,0,0,0,0,0,0
12065,0,0,0,0,0,0
12073,0,0,0,0,0,0
12080,0,0,0,0,0,0
12088,0,0,0,0,0,0
12096,0,0,0,0,0,0
12104,0,0,0,0,0,0
12112,0,0,0,0,0,0
12120,0,0,0,0,0,0
12128,0,0,0,0,0,0
12136,0,0,0,0,0,0
12141,0,0,0,0,0,0
12150,0,0,0,0,0,0
12158,0,0,0,0,0,0
12166,0,0,0,0,0,0
12174,0,0,0,0,0,0
12182,0,0,0,0,0,0
12190,0,0,0,0,0,0
12198,0,0,0,0,0,0
12206,0,0,0,0,0,0
12213,0,0,0,0,0,0
12221,0,0,0,0,0,0
12229,0,0,0,0,0,0
12237,0,0,0,0,0,0
12245,0,0,0,0,0,0
12253,0,0,0,0,0,0
12259,0,0,0,0,0,0
12267,0,0,0,0,0,0
12275,0,0,0,0,0,0
12283,0,0,0,0,0,0
12289,0,0,0,0,0,0
12297,0,0,0,0,0,0
12305,0,0,0,0,0,0
12313,0,0,0,0,0,0
12321,0,0,0,0,0,0
12328,0,0,0,0,0,0
12336,0,0,0,0,0,0
12344,0,0,0,0,0,0
12353,0,0,0,0,0,0
12361,0,0,0,0,0,0
12368,0,0,0,0,0,0
12376,0,0,0,0,0,0
12381,0,0,0,0,0,0
12388,0,0,0,0,0,0
12399,0,0,0,0,0,0
12408,0,0,0,0,0,0
12417,0,0,0,0,0,0
12425,0,0,0,0,0,0
12434,0,0,0,0,0,0
12442,0,0,0,0,0,0
12445,0,0,0,0,0,0
12461,0,0,0,0,0,0
12470,0,0,0,0,0,0
12478,0,0,0,0,0,0
12486,0,0,0,0,0,0
12494,0,0,0,0,0,0
12502,0,0,0,0,0,0
12513,0,0,0,0,0,0
12521,0,0,0,0,0,0
12561,0,0,0,0,0,0
12582,0,0,0,0,0,0
12601,0,0,0,0,0,0
12606,0,0,0,0,0,0
12616,0,0,0,0,0,0
12624,0,0,0,0,0,0
12631,0,0,0,0,0,0
12639,0,0,0,0,0,0
12646,0,0,0,0,0,0
12653,0,0,0,0,0,0
12661,0,0,0,0,0,0
12669,0,0,0,0,0,0
12677,0,0,0,0,0,0
12685,0,0,0,0,0,0
12692,0,0,0,0,0,0
12703,0,0,0,0,0,0
12710,0,0,0,0,0,0
12719,0,0,0,0,0,0
12728,0,0,0,0,0,0
12736,0,0,0,0,0,0
12744,0,0,0,0,0,0
12755,0,0,0,0,0,0
12764,0,0,0,0,0,0
12771,0,0,0,0,0,0
12780,0,0,0,0,0,0
12790,0,0,0,0,0,0
12798,0,0,0,0,0,0
12805,0,0,0,0,0,0
12813,0,0,0,0,0,0
12821,0,0,0,0,0,0
12829,0,0,0,0,0,0
12837,0,0,0,0,0,0
12845,0,0,0,0,0,0
12853,0,0,0,0,0,0
12861,0,0,0,0,0,0
12871,0,0,0,0,0,0
12896,0,0,0,0,0,0
12904,0,0,0,0,0,0
12912,0,0,0,0,0,0
12921,0,0,0,0,0,0
12929,0,0,0,0,0,0
12937,0,0,0,0,0,0
12944,0,0,0,0,0,0
12954,0,0,0,0,0,0
12962,0,0,0,0,0,0
12970,0,0,0,0,0,0
12978,0,0,0,0,0,0
12986,0,0,0,0,0,0
12994,0,0,0,0,0,0
13002,0,0,0,0,0,0
13008,0,0,0,0,0,0
13015,0,0,0,0,0,0
13023,0,0,0,0,0,0
13032,0,0,0,0,0,0
13040,0,0,0,0,0,0
13048,0,0,0,0,0,0
13056,0,0,0,0,0,0
13064,0,0,0,0,0,0
13072,0,0,0,0,0,0
13080,0,0,0,0,0,0
13086,0,0,0,0,0,0
13094,0,0,0,0,0,0
13102,0,0,0,0,0,0
13110,0,0,0,0,0,0
13117,0,0,0,0,0,0
13125,0,0,0,0,0,0
13132,0,0,0,0,0,0
13140,0,0,0,0,0,0
13150,0,0,0,0,0,0
13159,0,0,0,0,0,0
13167,0,0,0,0,0,0
13175,0,0,0,0,0,0
13183,0,0,0,0,0,0
13191,0,0,0,0,0,0
13197,0,0,0,0,0,0
13204,0,0,0,0,0,0
13215,0,0,0,0,0,0
13221,0,0,0,0,0,0
13229,0,0,0,0,0,0
13236,0,0,0,0,0,0
13244,0,0,0,0,0,0
13252,0,0,0,0,0,0
13260,0,0,0,0,0,0
13268,0,0,0,0,0,0
13276,0,0,0,0,0,0
13285,0,0,0,0,0,0
13296,0,0,0,0,0,0
13301,0,0,0,0,0,0
13309,0,0,0,0,0,0
13317,0,0,0,0,0,0
13323,0,0,0,0,0,0
13328,0,0,0,0,0,0
13336,0,0,0,0,0,0
13344,0,0,0,0,0,0
13352,0,0,0,0,0,0
13360,0,0,0,0,0,0
13368,0,0,0,0,0,0
13376,0,0,0,0,0,0
13382,0,0,0,0,0,0
13389,0,0,0,0,0,0
13397,0,0,0,0,0,0
13405,0,0,0,0,0,0
13411,0,0,0,0,0,0
13424,0,0,0,0,0,0
13429,0,0,0,0,0,0
13439,0,0,0,0,0,0
13451,0,0,0,0,0,0
13460,0,0,0,0,0,0
13468,0,0,0,0,0,0
13476,0,0,0,0,0,0
13484,0,0,0,0,0,0
13491,0,0,0,0,0,0
13507,0,0,0,0,0,0
13515,0,0,0,0,0,0
13523,0,0,0,0,0,0
13529,0,0,0,0,0,0
13537,0,0,0,0,0,0
13546,0,0,0,0,0,0
13558,0,0,0,0,0,0
13566,0,0,0,0,0,0
13574,0,0,0,0,0,0
13582,0,0,0,0,0,0
13598,0,0,0,0,0,0
13605,0,0,0,0,0,0
13613,0,0,0,0,0,0
13622,0,0,0,0,0,0
13628,0,0,0,0,0,0
13635,0,0,0,0,0,0
13645,0,0,0,0,0,0
13661,0,0,0,0,0,0
13669,0,0,0,0,0,0
13677,0,0,0,0,0,0
13685,0,0,0,0,0,0
13693,0,0,0,0,0,0
13701,0,0,0,0,0,0
13709,0,0,0,0,0,0
13719,0,0,0,0,0,0
13726,0,0,0,0,0,0
13734,0,0,0,0,0,0
13751,0,0,0,0,0,0
13759,0,0,0,0,0,0
13766,0,0,0,0,0,0
13771,0,0,0,0,0,0
13778,0,0,0,0,0,0
13787,0,0,0,0,0,0
13794,0,0,0,0,0,0
13802,0,0,0,0,0,0
13810,0,0,0,0,0,0
13818,0,0,0,0,0,0
13826,0,0,0,0,0,0
13842,0,0,0,0,0,0
13852,0,0,0,0,0,0
13867,0,0,0,0,0,0
13877,0,0,0,0,0,0
13882,0,0,0,0,0,0
13889,0,0,0,0,0,0
13897,0,0,0,0,0,0
13904,0,0,0,0,0,0
13912,0,0,0,0,0,0
13920,0,0,0,0,0,0
13928,0,0,0,0,0,0
13936,0,0,0,0,0,0
13944,0,0,0,0,0,0
13950,0,0,0,0,0,0
13958,0,0,0,0,0,0
13966,0,0,0,0,0,0
13974,0,0,0,0,0,0
13982,0,0,0,0,0,0
13990,0,0,0,0,0,0
13998,0,0,0,0,0,0
14004,0,0,0,0,0,0
14012,0,0,0,0,0,0
14020,0,0,0,0,0,0
14028,0,0,0,0,0,0
14035,0,0,0,0,0,0
14043,0,0,0,0,0,0
14051,0,0,0,0,0,0
14059,0,0,0,0,0,0
14067,0,0,0,0,0,0
14075,0,0,0,0,0,0
14083,0,0,0,0,0,0
14091,0,0,0,0,0,0
14099,0,0,0,0,0,0
14107,0,0,0,0,0,0
14115,0,0,0,0,0,0
14123,0,0,0,0,0,0
14132,0,0,0,0,0,0
14141,0,0,0,0,0,0
14149,0,0,0,0,0,0
14157,0,0,0,0,0,0
14165,0,0,0,0,0,0
14173,0,0,0,0,0,0
14181,0,0,0,0,0,0
14188,0,0,0,0,0,0
14202,0,0,0,0,0,0
14210,0,0,0,0,0,0
14218,0,0,0,0,0,0
14226,0,0,0,0,0,0
14234,0,0,0,0,0,0
14242,0,0,0,0,0,0
14250,0,0,0,0,0,0
14256,0,0,0,0,0,0
14265,0,0,0,0,0,0
14274,0,0,0,0,0,0
14283,0,0,0,0,0,0
14292,0,0,0,0,0,0
14300,0,0,0,0,0,0
14308,0,0,0,0,0,0
14316,0,0,0,0,0,0
14323,0,0,0,0,0,0
14330,0,0,0,0,0,0
14338,0,0,0,0,0,0
14346,0,0,0,0,0,0
14356,0,0,0,0,0,0
14366,0,0,0,0,0,0
14374,0,0,0,0,0,0
14384,0,0,0,0,0,0
14405,0,0,0,0,0,0
14409,0,0,0,0,0,0
14418,0,0,0,0,0,0
14427,0,0,0,0,0,0
14460,0,0,0,0,0,0
14468,0,0,0,0,0,0
14476,0,0,0,0,0,0
14491,0,0,0,0,0,0
14516,0,0,0,0,0,0
14524,0,0,0,0,0,0
14526,0,0,0,0,0,0
14534,0,0,0,0,0,0
14542,0,0,0,0,0,0
14550,0,0,0,0,0,0
14558,0,0,0,0,0,0
14566,0,0,0,0,0,0
14573,0,0,0,0,0,0
14582,0,0,0,0,0,0
14591,0,0,0,0,0,0
14599,0,0,0,0,0,0
14606,0,0,0,0,0,0
14614,0,0,0,0,0,0
14622,0,0,0,0,0,0
14630,0,0,0,0,0,0
14636,0,0,0,0,0,0
14644,0,0,0,0,0,0
14653,0,0,0,0,0,0
14663,0,0,0,0,0,0
14672,0,0,0,0,0,0
14680,0,0,0,0,0,0
14688,0,0,0,0,0,0
14697,0,0,0,0,0,0
14706,0,0,0,0,0,0
14717,0,0,0,0,0,0
14726,0,0,0,0,0,0
14732,0,0,0,0,0,0
14740,0,0,0,0,0,0
14748,0,0,0,0,0,0
14756,0,0,0,0,0,0
14764,0,0,0,0,0,0
14772,0,0,0,0,0,0
14780,0,0,0,0,0,0
14788,0,0,0,0,0,0
14796,0,0,0,0,0,0
14805,0,0,0,0,0,0
14813,0,0,0,0,0,0
14821,0,0,0,0,0,0
14829,0,0,0,0,0,0
14837,0,0,0,0,0,0
14844,0,0,0,0,0,0
14853,0,0,0,0,0,0
14860,0,0,0,0,0,0
14870,0,0,0,0,0,0
14877,0,0,0,0,0,0
14886,0,0,0,0,0,0
14894,0,0,0,0,0,0
14902,0,0,0,0,0,0
14910,0,0,0,0,0,0
14917,0,0,0,0,0,0
14925,0,0,0,0,0,0
14931,0,0,0,0,0,0
14939,0,0,0,0,0,0
14946,0,0,0,0,0,0
14954,0,0,0,0,0,0
14962,0,0,0,0,0,0
14970,0,0,0,0,0,0
14978,0,0,0,0,0,0
14987,0,0,0,0,0,0
14994,0,0,0,0,0,0
15001,0,0,0,0,0,0
15009,0,0,0,0,0,0
15017,0,0,0,0,0,0
15025,0,0,0,0,0,0
15033,0,0,0,0,0,0
15039,0,0,0,0,0,0
15047,0,0,0,0,0,0
15055,0,0,0,0,0,0
15063,0,0,0,0,0,0
15071,0,0,0,0,0,0
15079,0,0,0,0,0,0
15087,0,0,0,0,0,0
15095,0,0,0,0,0,0
15102,0,0,0,0,0,0
15109,0,0,0,0,0,0
15117,0,0,0,0,0,0
15125,0,0,0,0,0,0
15132,0,0,0,0,0,0
15138,0,0,0,0,0,0
15146,0,0,0,0,0,0
15155,0,0,0,0,0,0
15162,0,0,0,0,0,0
15170,0,0,0,0,0,0
15178,0,0,0,0,0,0
15186,0,0,0,0,0,0
15194,0,0,0,0,0,0
15202,0,0,0,0,0,0
15210,0,0,0,0,0,0
15217,0,0,0,0,0,0
15225,0,0,0,0,0,0
15233,0,0,0,0,0,0
15241,0,0,0,0,0,0
15247,0,0,0,0,0,0
15256,0,0,0,0,0,0
15263,0,0,0,0,0,0
15271,0,0,0,0,0,0
15279,0,0,0,0,0,0
15285,0,0,0,0,0,0
15293,0,0,0,0,0,0
15300,0,0,0,0,0,0
15305,0,0,0,0,0,0
15315,0,0,0,0,0,0
15323,0,0,0,0,0,0
15331,0,0,0,0,0,0
15339,0,0,0,0,0,0
15347,0,0,0,0,0,0
15355,0,0,0,0,0,0
15362,0,0,0,0,0,0
15371,0,0,0,0,0,0
15379,0,0,0,0,0,0
15389,0,0,0,0,0,0
15397,0,0,0,0,0,0
15408,0,0,0,0,0,0
15421,0,0,0,0,0,0
15429,0,0,0,0,0,0
15437,0,0,0,0,0,0
15445,0,0,0,0,0,0
15454,0,0,0,0,0,0
15461,0,0,0,0,0,0
15469,0,0,0,0,0,0
15478,0,0,0,0,0,0
15486,0,0,0,0,0,0
15492,0,0,0,0,0,0
15500,0,0,0,0,0,0
15508,0,0,0,0,0,0
15516,0,0,0,0,0,0
15522,0,0,0,0,0,0
15531,0,0,0,0,0,0
15539,0,0,0,0,0,0
15547,0,0,0,0,0,0
15555,0,0,0,0,0,0
15561,0,0,0,0,0,0
15573,0,0,0,0,0,0
15578,0,0,0,0,0,0
15586,0,0,0,0,0,0
15594,0,0,0,0,0,0
15602,0,0,0,0,0,0
15610,0,0,0,0,0,0
15618,0,0,0,0,0,0
15625,0,0,0,0,0,0
15633,0,0,0,0,0,0
15641,0,0,0,0,0,0
15649,0,0,0,0,0,0
15657,0,0,0,0,0,0
15665,0,0,0,0,0,0
15673,0,0,0,0,0,0
15679,0,0,0,0,0,0
15686,0,0,0,0,0,0
15694,0,0,0,0,0,0
15701,0,0,0,0,0,0
15709,0,0,0,0,0,0
15718,0,0,0,0,0,0
15724,0,0,0,0,0,0
15732,0,0,0,0,0,0
15739,0,0,0,0,0,0
15747,0,0,0,0,0,0
15754,0,0,0,0,0,0
15762,0,0,0,0,0,0
15769,0,0,0,0,0,0
15777,0,0,0,0,0,0
15789,0,0,0,2,0,0
15799,0,0,0,0,0,0
15811,0,0,0,0,0,0
15819,0,0,0,0,0,0
15827,0,0,0,0,0,0
15835,0,0,0,0,0,0
15842,0,0,0,0,0,0
15850,0,0,0,0,0,0
15858,0,0,0,0,0,0
15866,0,0,0,0,0,0
15874,0,0,0,0,0,0
15882,0,0,0,0,0,0
15890,0,0,0,0,0,0
15898,0,0,0,0,0,0
15906,0,0,0,0,0,0
15914,0,0,0,0,0,0
15923,0,0,0,0,0,0
15935,0,0,0,0,0,0
15940,0,0,0,0,0,0
15952,0,0,0,0,0,0
15957,0,0,0,0,0,0
15965,0,0,0,0,0,0
15973,0,0,0,0,0,0
15981,0,0,0,0,0,0
15988,0,0,0,0,0,0
15996,0,0,0,0,0,0
16002,0,0,0,0,0,0
16010,0,0,0,0,0,0
16019,0,0,0,0,0,0
16026,0,0,0,0,0,0
16034,0,0,0,0,0,0
16043,0,0,0,0,0,0
16050,0,0,0,0,0,0
16056,0,0,0,0,0,0
16064,0,0,0,0,0,0
16072,0,0,0,0,0,0
16080,0,0,0,0,0,0
16088,0,0,0,0,0,0
16097,0,0,0,0,0,0
16105,0,0,0,0,0,0
16113,0,0,0,0,0,0
16120,0,0,0,0,0,0
16129,0,0,0,0,0,0
16146,0,0,0,0,0,0
16154,0,0,0,0,0,0
16162,0,0,0,0,0,0
16170,0,0,0,0,0,0
16178,0,0,0,0,0,0
16186,0,0,0,0,0,0
16193,0,0,0,0,0,0
16202,0,0,0,0,0,0
16211,0,0,0,0,0,0
16221,0,0,0,0,0,0
16227,0,0,0,0,0,0
16235,0,0,0,0,0,0
16243,0,0,0,0,0,0
16251,0,0,0,0,0,0
16253,0,0,0,0,0,0
16261,0,0,0,0,0,0
16269,0,0,0,0,0,0
16277,0,0,0,0,0,0
16285,0,0,0,0,0,0
16290,0,0,0,0,0,0
16300,0,0,0,0,0,0
16309,0,0,0,0,0,0
16320,0,0,0,0,0,0
16344,0,0,0,0,0,0
16355,0,0,0,0,0,0
16367,0,0,0,0,0,0
16375,0,0,0,0,0,0
16382,0,0,0,0,0,0
16392,0,0,0,0,0,0
16404,0,0,0,0,0,0
16422,0,0,0,0,0,0
16430,0,0,0,0,0,0
16436,0,0,0,0,0,0
16446,0,0,0,0,0,0
16451,0,0,0,0,0,0
16466,0,0,0,0,0,0
16472,0,0,0,0,0,0
16479,0,0,0,0,0,0
16489,0,0,0,0,0,0
16497,0,0,0,0,0,0
16504,0,0,0,0,0,0
16512,0,0,0,0,0,0
16520,0,0,0,0,0,0
16528,0,0,0,0,0,0
16536,0,0,0,0,0,0
16544,0,0,0,0,0,0
16552,0,0,0,0,0,0
16559,0,0,0,0,0,0
16567,0,0,0,0,0,0
16575,0,0,0,0,0,0
16582,0,0,0,0,0,0
16589,0,0,0,0,0,0
16597,0,0,0,0,0,0
16603,0,0,0,0,0,0
16611,0,0,0,0,0,0
16619,0,0,0,0,0,0
16627,0,0,0,0,0,0
16635,0,0,0,0,0,0
16642,0,0,0,0,0,0
16654,0,0,0,0,0,0
16661,0,0,0,0,0,0
16678,0,0,0,0,0,0
16686,0,0,0,0,0,0
16695,0,0,0,0,0,0
16703,0,0,0,0,0,0
16711,0,0,0,0,0,0
16719,0,0,0,0,0,0
16727,0,0,0,0,0,0
16735,0,0,0,0,0,0
16743,0,0,0,0,0,0
16751,0,0,0,0,0,0
16759,0,0,0,0,0,0
16768,0,0,0,0,0,0
16793,0,0,0,0,0,0
16800,0,0,0,0,0,0
16807,0,0,0,0,0,0
16814,0,0,0,0,0,0
16822,0,0,0,0,0,0
16830,0,0,0,0,0,0
16840,0,0,0,0,0,0
16848,0,0,0,0,0,0
16855,0,0,0,0,0,0
16862,0,0,0,0,0,0
16871,0,0,0,0,0,0
16881,0,0,0,0,0,0
16888,0,0,0,0,0,0
16904,0,0,0,0,0,0
16916,0,0,0,0,0,0
16922,0,0,0,0,0,0
16931,0,0,0,0,0,0
16940,0,0,0,0,0,0
16947,0,0,0,0,0,0
16955,0,0,0,0,0,0
16963,0,0,0,0,0,0
16971,0,0,0,0,0,0
16978,0,0,0,0,0,0
16986,0,0,0,0,0,0
16993,0,0,0,0,0,0
17001,0,0,0,0,0,0
17011,0,0,0,0,0,0
17020,0,0,0,0,0,0
17029,0,0,0,0,0,0
17037,0,0,0,0,0,0
17045,0,0,0,0,0,0
17053,0,0,0,0,0,0
17060,0,0,0,0,0,0
17069,0,0,0,0,0,0
17077,0,0,0,0,0,0
17083,0,0,0,0,0,0
17091,0,0,0,0,0,0
17099,0,0,0,0,0,0
17107,0,0,0,0,0,0
17115,0,0,0,0,0,0
17122,0,0,0,0,0,0
17130,0,0,0,0,0,0
17137,0,0,0,0,0,0
17145,0,0,0,0,0,0
17153,0,0,0,0,0,0
17161,0,0,0,0,0,0
17169,0,0,0,0,0,0
17177,0,0,0,0,0,0
17185,0,0,0,0,0,0
17193,0,0,0,0,0,0
17206,0,0,0,0,0,0
17213,0,0,0,0,0,0
17223,0,0,0,0,0,0
17227,0,0,0,0,0,0
17235,0,0,0,0,0,0
17243,0,0,0,0,0,0
17252,0,0,0,0,0,0
17260,0,0,0,0,0,0
17268,0,0,0,0,0,0
17276,0,0,0,0,0,0
17284,0,0,0,0,0,0
17296,0,0,0,0,0,0
17325,0,0,0,0,0,0
17336,0,0,0,0,0,0
17343,0,0,0,0,0,0
17352,0,0,0,0,0,0
17360,0,0,0,0,0,0
17370,0,0,0,0,0,0
17380,0,0,0,0,0,0
17389,0,0,0,0,0,0
17397,0,0,0,0,0,0
17405,0,0,0,0,0,0
17413,0,0,0,0,0,0
17421,0,0,0,0,0,0
17428,0,0,0,0,0,0
17437,0,0,0,0,0,0
17446,0,0,0,0,0,0
17451,0,0,0,0,0,0
17461,0,0,0,0,0,0
17468,0,0,0,0,0,0
17477,0,0,0,0,0,0
17484,0,0,0,0,0,0
17492,0,0,0,0,0,0
17500,0,0,0,0,0,0
17508,0,0,0,0,0,0
17516,0,0,0,0,0,0
17524,0,0,0,0,0,0
17532,0,0,0,0,0,0
17540,0,0,0,0,0,0
17548,0,0,0,0,0,0
17556,0,0,0,0,0,0
17564,0,0,0,0,0,0
17572,0,0,0,0,0,0
17580,0,0,0,0,0,0
17587,0,0,0,0,0,0
17595,0,0,0,0,0,0
17602,0,0,0,0,0,0
17609,0,0,0,0,0,0
17618,0,0,0,0,0,0
17626,0,0,0,0,0,0
17632,0,0,0,0,0,0
17639,0,0,0,0,0,0
17647,0,0,0,0,0,0
17655,0,0,0,0,0,0
17662,0,0,0,0,0,0
17670,0,0,0,0,0,0
17678,0,0,0,0,0,0
17687,0,0,0,0,0,0
17695,0,0,0,0,0,0
17703,0,0,0,0,0,0
17711,0,0,0,0,0,0
17719,0,0,0,1,1,0
17727,0,0,0,0,0,0
17735,0,0,0,0,1,0
17743,0,0,0,0,0,0
17749,0,0,0,0,0,0
17756,0,0,0,0,0,0
17764,0,0,0,0,0,0
17772,0,0,0,0,0,0
17779,0,0,0,0,0,0
17787,0,0,0,0,0,0
17794,0,0,0,0,0,0
17802,0,0,0,0,0,0
17810,0,0,0,0,0,0
17818,0,0,0,0,0,0
17825,0,0,0,0,0,0
17833,0,0,0,0,0,0
17841,0,0,0,0,0,0
17847,0,0,0,0,0,0
17856,0,0,0,0,0,0
17865,0,0,0,0,0,0
17872,0,0,0,0,0,0
17880,0,0,0,0,0,0
17888,0,0,0,0,0,0
17896,0,0,0,0,0,0
17904,0,0,0,0,0,0
17912,0,0,0,0,0,0
17920,0,0,0,0,0,0
17928,0,0,0,0,0,0
17936,0,0,0,0,0,0
17944,0,0,0,0,0,0
17952,0,0,0,0,0,0
17959,0,0,0,0,0,0
17966,0,0,0,0,0,0
17976,0,0,0,0,0,0
17981,0,0,0,0,0,0
17989,0,0,0,0,0,0
17997,0,0,0,0,0,0
18005,0,0,0,0,0,0
18013,0,0,0,0,0,0
18021,0,0,0,0,0,0
18029,0,0,0,0,0,0
18037,0,0,0,0,0,0
18045,0,0,0,0,0,0
18053,0,0,0,0,0,0
18061,0,0,0,0,1,0
18069,0,0,0,0,0,0
18077,0,0,0,0,0,0
18085,0,0,0,0,0,0
18091,0,0,0,0,0,0
18099,0,0,0,0,0,0
18107,0,0,0,0,0,0
18115,0,0,0,0,0,0
18123,0,0,0,0,0,0
18131,0,0,0,0,0,0
18139,0,0,0,0,0,0
18146,0,0,0,0,0,0
18154,0,0,0,0,0,0
18162,0,0,0,0,0,0
18171,0,0,0,0,0,0
18180,0,0,0,0,0,0
18188,0,0,0,0,0,0
18196,0,0,0,0,0,0
18204,0,0,0,0,0,0
18212,0,0,0,0,0,0
18219,0,0,0,0,0,0
18227,0,0,0,0,0,0
18235,0,0,0,0,0,0
18243,0,0,0,0,0,0
18248,0,0,0,0,0,0
18256,0,0,0,0,0,0
18264,0,0,0,0,0,0
18272,0,0,0,0,0,0
18279,0,0,0,0,0,0
18287,0,0,0,0,0,0
18295,0,0,0,0,0,0
18303,0,0,0,0,0,0
18311,0,0,0,0,0,0
18318,0,0,0,0,0,0
18326,0,0,0,0,0,0
18334,0,0,0,0,0,0
18338,0,0,0,0,0,0
18346,0,0,0,0,0,0
18354,0,0,0,0,0,0
18370,0,0,0,0,0,0
18416,0,0,0,0,0,0
18423,0,0,0,0,0,0
18430,0,0,0,0,0,0
18440,0,0,0,0,0,0
18450,0,0,0,0,0,0
18457,0,0,0,0,0,0
18465,0,0,0,0,0,0
18473,0,0,0,0,0,0
18483,0,0,0,0,0,0
18490,0,0,0,0,0,0
18495,0,0,0,0,0,0
18513,0,0,0,0,0,0
18523,0,0,0,0,0,0
18531,0,0,0,0,0,0
18539,0,0,0,0,0,0
18547,0,0,0,0,0,0
18555,0,0,0,0,0,0
18562,0,0,0,0,0,0
18570,0,0,0,0,0,0
18577,0,0,0,0,0,0
18584,0,0,0,0,0,0
18592,0,0,0,0,0,0
18600,0,0,0,2,1,0
18609,0,0,0,0,0,0
18616,0,0,0,0,0,0
18624,0,0,0,0,0,0
18634,0,0,0,0,0,0
18641,0,0,0,0,0,0
18650,0,0,0,0,0,0
18659,0,0,0,0,0,0
18669,0,0,0,0,0,0
18676,0,0,0,0,0,0
18683,0,0,0,0,0,0
18691,0,0,0,1,0,0
18699,0,0,0,1,1,0
18707,0,0,0,1,1,0
18714,0,0,0,0,0,0
18723,0,0,0,0,0,0
18729,0,0,0,0,0,0
18739,0,0,0,0,0,0
18747,0,0,0,0,0,0
18755,0,0,0,0,0,0
18763,0,0,0,0,0,0
18771,0,0,0,0,0,0
18779,0,0,0,0,0,0
18787,0,0,0,0,0,0
18795,0,0,0,0,0,0
18801,0,0,0,0,0,0
18809,0,0,0,0,0,0
18817,0,0,0,0,0,0
18825,0,0,0,0,0,0
18832,0,0,0,0,0,0
18840,0,0,0,0,0,0
18846,0,0,0,0,0,0
18854,0,0,0,0,0,0
18862,0,0,0,0,0,0
18870,0,0,0,0,0,0
18878,0,0,0,0,0,0
18886,0,0,0,0,0,0
18894,0,0,0,0,0,0
18910,0,0,0,0,0,0
18918,0,0,0,0,0,0
18926,0,0,0,0,0,0
18934,0,0,0,0,0,0
18943,0,0,0,0,0,0
18950,0,0,0,0,0,0
18958,0,0,0,0,0,0
18965,0,0,0,0,0,0
18974,0,0,0,0,0,0
18984,0,0,0,0,0,0
18990,0,0,0,0,0,0
18998,0,0,0,0,0,0
19006,0,0,0,0,0,0
19014,0,0,0,2,1,0
19022,0,0,0,0,0,0
19030,0,0,0,0,0,0
19037,0,0,0,0,0,0
19048,0,0,0,0,0,0
19060,0,0,0,0,0,0
19068,0,0,0,0,0,0
19076,0,0,0,0,0,0
19084,0,0,0,0,0,0
19092,0,0,0,0,0,0
19100,0,0,0,0,0,0
19108,0,0,0,0,0,0
19116,0,0,0,0,0,0
19126,0,0,0,0,0,0
19137,0,0,0,0,0,0
19142,0,0,0,0,0,0
19150,0,0,0,0,0,0
19158,0,0,0,0,0,0
19162,0,0,0,0,0,0
19174,0,0,0,0,0,0
19180,0,0,0,0,0,0
19191,0,0,0,0,0,0
19196,0,0,0,0,0,0
19205,0,0,0,0,0,0
19213,0,0,0,0,0,0
19221,0,0,0,0,0,0
19229,0,0,0,0,0,0
19237,0,0,0,0,0,0
19243,0,0,0,0,0,0
19253,0,0,0,0,0,0
19262,0,0,0,0,0,0
19273,0,0,0,0,0,0
19278,0,0,0,0,0,0
19287,0,0,0,0,0,0
19298,0,0,0,0,0,0
19304,0,0,0,0,0,0
19313,0,0,0,0,0,0
19324,0,0,0,0,0,0
19331,0,0,0,0,0,0
19345,0,0,0,0,0,0
19354,0,0,0,0,0,0
19359,0,0,0,0,0,0
19370,0,0,0,0,0,0
19385,0,0,0,0,0,0
19393,0,0,0,0,0,0
19401,0,0,0,0,0,0
19409,0,0,0,0,0,0
19416,0,0,0,0,0,0
19424,0,0,0,0,0,0
19432,0,0,0,0,0,0
19440,0,0,0,0,0,0
19448,0,0,0,0,0,0
19456,0,0,0,0,0,0
19463,0,0,0,0,0,0
19470,0,0,0,0,0,0
19479,0,0,0,0,0,0
19487,0,0,0,0,0,0
19493,0,0,0,0,0,0
19504,0,0,0,0,0,0
19511,0,0,0,0,0,0
19517,0,0,0,0,0,0
19527,0,0,0,0,0,0
19533,0,0,0,0,0,0
19542,0,0,0,0,0,0
19549,0,0,0,0,0,0
19561,0,0,0,0,0,0
19569,0,0,0,0,0,0
19578,0,0,0,0,0,0
19592,0,0,0,0,0,0
19600,0,0,0,0,0,0
19607,0,0,0,0,0,0
19616,0,0,0,0,0,0
19624,0,0,0,0,0,0
19631,0,0,0,0,0,0
19640,0,0,0,0,0,0
19647,0,0,0,0,0,0
19658,0,0,0,0,0,0
19664,0,0,0,0,0,0
19672,0,0,0,1,1,0
19680,0,0,0,2,1,0
19690,0,0,0,0,0,0
19698,0,0,0,0,0,0
19705,0,0,0,0,0,0
19716,0,0,0,0,0,0
19724,0,0,0,0,0,0
19732,0,0,0,0,0,0
19739,0,0,0,0,0,0
19747,0,0,0,0,0,0
19755,0,0,0,0,0,0
19761,0,0,0,0,0,0
19769,0,0,0,0,0,0
19788,0,0,0,0,0,0
19799,0,0,0,0,0,0
19808,0,0,0,0,0,0
19816,0,0,0,0,0,0
19824,0,0,0,0,0,0
19832,0,0,0,0,0,0
19839,0,0,0,0,0,0
19845,0,0,0,0,0,0
19853,0,0,0,0,0,0
19861,0,0,0,0,0,0
19868,0,0,0,0,0,0
19877,0,0,0,0,0,0
19884,0,0,0,0,0,0
19916,0,0,0,0,0,0
19924,0,0,0,0,0,0
19932,0,0,0,0,0,0
19939,0,0,0,0,0,0
19946,0,0,0,0,0,0
19956,0,0,0,0,0,0
19963,0,0,0,0,0,0
19971,0,0,0,0,0,0
19979,0,0,0,0,0,0
19987,0,0,0,0,0,0
19996,0,0,0,0,0,0
20004,0,0,0,0,0,0
20012,0,0,0,0,0,0
20020,0,0,0,0,0,0
20028,0,0,0,0,0,0
20035,0,0,0,0,0,0
20044,0,0,0,0,0,0
20052,0,0,0,0,0,0
20060,0,0,0,0,0,0
20068,0,0,0,0,0,0
20076,0,0,0,0,0,0
20084,0,0,0,0,0,0
20092,0,0,0,0,0,0
20100,0,0,0,0,0,0
20116,0,0,0,0,0,0
20127,0,0,0,0,0,0
20133,0,0,0,0,0,0
20142,0,0,0,0,0,0
20156,0,0,0,0,0,0
20161,0,0,0,0,0,0
20168,0,0,0,0,0,0
20176,0,0,0,0,0,0
20184,0,0,0,0,0,0
20192,0,0,0,0,0,0
20200,0,0,0,0,0,0
20211,0,0,0,0,0,0
20216,0,0,0,0,0,0
20228,0,0,0,0,0,0
20234,0,0,0,0,0,0
20252,0,0,0,0,0,0
20262,0,0,0,0,0,0
20267,0,0,0,0,0,0
20291,0,0,0,0,0,0
20296,0,0,0,0,0,0
20324,0,0,0,0,0,0
20335,0,0,0,0,0,0
20343,0,0,0,0,0,0
20348,0,0,0,0,0,0
20364,0,0,0,0,0,0
20372,0,0,0,0,0,0
20380,0,0,0,0,0,0
20388,0,0,0,0,0,0
20392,0,0,0,0,0,0
20399,0,0,0,0,0,0
20407,0,0,0,0,0,0
20415,0,0,0,0,0,0
20423,0,0,0,0,0,0
20430,0,0,0,0,0,0
20442,0,0,0,0,0,0
20450,0,0,0,0,0,0
20457,0,0,0,0,0,0
20466,0,0,0,0,0,0
20474,0,0,0,0,0,0
20482,0,0,0,0,0,0
20490,0,0,0,0,0,0
20498,0,0,0,0,0,0
20505,0,0,0,0,0,0
20511,0,0,0,0,0,0
20519,0,0,0,0,0,0
20527,0,0,0,0,0,0
20535,0,0,0,0,0,0
20543,0,0,0,0,0,0
20551,0,0,0,0,0,0
20557,0,0,0,0,0,0
20565,0,0,0,0,0,0
20573,0,0,0,0,0,0
20581,0,0,0,0,0,0
20589,0,0,0,0,0,0
20597,0,0,0,0,0,0
20605,0,0,0,0,0,0
20613,0,0,0,0,0,0
20621,0,0,0,0,0,0
20629,0,0,0,0,0,0
20636,0,0,0,1,2,0
20644,0,0,0,1,1,0
20652,0,0,0,2,1,0
20660,0,0,0,0,0,0
20667,0,0,0,0,0,0
20676,0,0,0,0,0,0
20685,0,0,0,0,0,0
20691,0,0,0,0,0,0
20699,0,0,0,0,0,0
20707,0,0,0,0,0,0
20714,0,0,0,0,0,0
20722,0,0,0,0,0,0
20729,0,0,0,0,0,0
20738,0,0,0,0,0,0
20746,0,0,0,0,0,0
20755,0,0,0,0,0,0
20764,0,0,0,0,0,0
20774,0,0,0,0,0,0
20783,0,0,0,0,0,0
20792,0,0,0,0,0,0
20800,0,0,0,0,0,0
20808,0,0,0,0,0,0
20816,0,0,0,0,0,0
20824,0,0,0,0,0,0
20832,0,0,0,0,0,0
20840,0,0,0,0,0,0
20848,0,0,0,0,0,0
20854,0,0,0,0,0,0
20862,0,0,0,0,0,0
20870,0,0,0,0,1,0
20878,0,0,0,0,0,0
20886,0,0,0,0,0,0
20894,0,0,0,0,0,0
20902,0,0,0,0,0,0
20910,0,0,0,0,0,0
20916,0,0,0,0,0,0
20924,0,0,0,0,0,0
20934,0,0,0,0,0,0
20940,0,0,0,0,0,0
20947,0,0,0,0,0,0
20955,0,0,0,2,1,0
20963,0,0,0,0,0,0
20973,0,0,0,0,0,0
20978,0,0,0,1,1,0
20987,0,0,0,0,0,0
20995,0,0,0,0,0,0
21003,0,0,0,0,0,0
21011,0,0,0,0,0,0
21019,0,0,0,0,0,0
21027,0,0,0,0,0,0
21034,0,0,0,0,0,0
21041,0,0,0,0,0,0
21049,0,0,0,0,0,0
21057,0,0,0,0,0,0
21065,0,0,0,0,0,0
21073,0,0,0,0,0,0
21081,0,0,0,0,0,0
21086,0,0,0,0,0,0
21094,0,0,0,0,0,0
21102,0,0,0,0,0,0
21109,0,0,0,0,0,0
21114,0,0,0,0,0,0
21122,0,0,0,0,0,0
21130,0,0,0,0,0,0
21138,0,0,0,0,0,0
21146,0,0,0,0,0,0
21154,0,0,0,0,0,0
21162,0,0,0,0,0,0
21168,0,0,0,0,0,0
21174,0,0,0,0,0,0
21182,0,0,0,0,0,0
21190,0,0,0,0,0,0
21198,0,0,0,0,0,0
21205,0,0,0,0,0,0
21213,0,0,0,0,0,0
21221,0,0,0,0,0,0
21229,0,0,0,0,0,0
21237,0,0,0,0,0,0
21245,0,0,0,0,0,0
21253,0,0,0,0,0,0
21261,0,0,0,0,0,0
21268,0,0,0,0,0,0
21274,0,0,0,0,0,0
21312,0,0,0,0,0,0
21323,0,0,0,0,0,0
21331,0,0,0,0,0,0
21338,0,0,0,0,0,0
21347,0,0,0,0,0,0
21354,0,0,0,0,0,0
21362,0,0,0,0,0,0
21370,0,0,0,0,0,0
21378,0,0,0,0,0,0
21386,0,0,0,0,0,0
21394,0,0,0,0,0,0
21401,0,0,0,0,0,0
21410,0,0,0,0,0,0
21418,0,0,0,0,0,0
21426,0,0,0,0,0,0
21433,0,0,0,0,0,0
21439,0,0,0,0,0,0
21447,0,0,0,0,0,0
21455,0,0,0,0,0,0
21463,0,0,0,0,0,0
21471,0,0,0,0,0,0
21478,0,0,0,0,0,0
21485,0,0,0,0,0,0
21493,0,0,0,0,0,0
21500,0,0,0,0,0,0
21508,0,0,0,0,0,0
21516,0,0,0,0,2,0
21523,0,0,0,0,0,0
21531,0,0,0,0,0,0
21541,0,0,0,0,0,0
21547,0,0,0,0,0,0
21555,0,0,0,0,0,0
21563,0,0,0,0,0,0
21570,0,0,0,0,0,0
21578,0,0,0,0,0,0
21587,0,0,0,0,0,0
21596,0,0,0,0,0,0
21604,0,0,0,1,1,0
21612,0,0,0,2,2,0
21625,0,0,0,2,1,0
21632,0,0,0,0,0,0
21640,0,0,0,0,0,0
21649,0,0,0,0,0,0
21659,0,0,0,0,0,0
21667,0,0,0,0,0,0
21675,0,0,0,0,0,0
21682,0,0,0,0,0,0
21689,0,0,0,0,0,0
21697,0,0,0,0,0,0
21705,0,0,0,0,0,0
21713,0,0,0,0,0,0
21720,0,0,0,0,0,0
21735,0,0,0,0,0,0
21742,0,0,0,0,0,0
21750,0,0,0,0,0,0
21766,0,0,0,0,0,0
21772,0,0,0,0,0,0
21784,0,0,0,0,0,0
21790,0,0,0,0,0,0
21800,0,0,0,0,0,0
21808,0,0,0,0,0,0
21816,0,0,0,0,0,0
21823,0,0,0,0,0,0
21831,0,0,0,0,0,0
21839,0,0,0,0,0,0
21847,0,0,0,0,0,0
21861,0,0,0,0,0,0
21869,0,0,0,0,0,0
21877,0,0,0,0,0,0
21885,0,0,0,0,0,0
21893,0,0,0,0,0,0
21901,0,0,0,0,0,0
21909,0,0,0,0,0,0
21915,0,0,0,0,0,0
21923,0,0,0,0,0,0
21931,0,0,0,2,2,0
21939,0,0,0,0,0,0
21946,0,0,0,0,0,0
21953,0,0,0,0,0,0
21962,0,0,0,0,0,0
21973,0,0,0,0,0,0
21981,0,0,0,0,0,0
21987,0,0,0,0,0,0
21996,0,0,0,0,0,0
22004,0,0,0,0,0,0
22012,0,0,0,0,0,0
22020,0,0,0,0,0,0
22028,0,0,0,0,0,0
22037,0,0,0,0,0,0
22042,0,0,0,0,0,0
22052,0,0,0,0,0,0
22062,0,0,0,0,0,0
22067,0,0,0,0,0,0
22075,0,0,0,0,0,0
22083,0,0,0,0,0,0
22088,0,0,0,0,0,0
22099,0,0,0,0,0,0
22105,0,0,0,0,0,0
22114,0,0,0,0,0,0
22124,0,0,0,0,0,0
22134,0,0,0,0,0,0
22139,0,0,0,0,0,0
22147,0,0,0,0,0,0
22155,0,0,0,0,0,0
22163,0,0,0,0,0,0
22168,0,0,0,0,0,0
22178,0,0,0,0,0,0
22187,0,0,0,0,0,0
22199,0,0,0,0,0,0
22207,0,0,0,0,0,0
22215,0,0,0,0,0,0
22220,0,0,0,0,0,0
22229,0,0,0,0,0,0
22238,0,0,0,0,0,0
22246,0,0,0,0,0,0
22269,0,0,0,0,0,0
22275,0,0,0,0,0,0
22308,0,0,0,0,0,0
22315,0,0,0,0,0,0
22322,0,0,0,0,0,0
22329,0,0,0,0,0,0
22337,0,0,0,0,0,0
22345,0,0,0,0,0,0
22352,0,0,0,0,0,0
22360,0,0,0,0,0,0
22368,0,0,0,0,0,0
22391,0,0,0,0,0,0
22399,0,0,0,0,0,0
22406,0,0,0,0,0,0
22413,0,0,0,0,0,0
22420,0,0,0,0,0,0
22429,0,0,0,0,0,0
22438,0,0,0,0,0,0
22445,0,0,0,0,0,0
22453,0,0,0,0,0,0
22461,0,0,0,0,0,0
22469,0,0,0,0,0,0
22477,0,0,0,0,0,0
22488,0,0,0,2,0,0
22495,0,0,0,0,0,0
22505,0,0,0,0,0,0
22511,0,0,0,0,0,0
22517,0,0,0,0,0,0
22525,0,0,0,0,0,0
22533,0,0,0,0,0,0
22541,0,0,0,0,0,0
22549,0,0,0,0,0,0
22557,0,0,0,0,0,0
22565,0,0,0,0,0,0
22578,0,0,0,2,1,0
22587,0,0,0,1,1,0
22595,0,0,0,1,1,0
22601,0,0,0,0,0,0
22616,0,0,0,0,0,0
22621,0,0,0,0,0,0
22631,0,0,0,0,0,0
22639,0,0,0,0,0,0
22646,0,0,0,0,0,0
22654,0,0,0,0,0,0
22662,0,0,0,0,0,0
22670,0,0,0,0,0,0
22676,0,0,0,0,0,0
22684,0,0,0,0,0,0
22692,0,0,0,0,0,0
22707,0,0,0,0,0,0
22716,0,0,0,0,0,0
22722,0,0,0,0,0,0
22731,0,0,0,0,0,0
22738,0,0,0,0,0,0
22746,0,0,0,0,0,0
22753,0,0,0,0,0,0
22760,0,0,0,0,0,0
22769,0,0,0,0,0,0
22777,0,0,0,0,0,0
22784,0,0,0,0,0,0
22793,0,0,0,0,0,0
22801,0,0,0,0,0,0
22809,0,0,0,0,0,0
22819,0,0,0,0,0,0
22841,0,0,0,0,0,0
22849,0,0,0,0,0,0
22855,0,0,0,0,0,0
22863,0,0,0,0,0,0
22869,0,0,0,0,0,0
22876,0,0,0,0,0,0
22884,0,0,0,0,0,0
22892,0,0,0,0,0,0
22900,0,0,0,0,0,0
22908,0,0,0,0,0,0
22922,0,0,0,0,0,0
22930,0,0,0,0,0,0
22938,0,0,0,0,0,0
22946,0,0,0,0,0,0
22954,0,0,0,0,0,0
22962,0,0,0,0,0,0
22968,0,0,0,0,0,0
22976,0,0,0,0,0,0
22984,0,0,0,0,0,0
22992,0,0,0,0,0,0
22999,0,0,0,0,0,0
23007,0,0,0,0,0,0
23020,0,0,0,0,0,0
23029,0,0,0,0,0,0
23035,0,0,0,0,0,0
23046,0,0,0,0,0,0
23049,0,0,0,0,0,0
23059,0,0,0,0,0,0
23067,0,0,0,0,0,0
23075,0,0,0,0,0,0
23082,0,0,0,0,0,0
23090,0,0,0,0,0,0
23098,0,0,0,0,0,0
23106,0,0,0,0,0,0
23112,0,0,0,0,0,0
23120,0,0,0,0,0,0
23129,0,0,0,0,0,0
23137,0,0,0,0,0,0
23151,0,0,0,0,0,0
23158,0,0,0,0,0,0
23169,0,0,0,0,0,0
23174,0,0,0,0,0,0
23198,0,0,0,0,0,0
23203,0,0,0,0,0,0
23212,0,0,0,0,0,0
23223,0,0,0,0,0,0
23246,0,0,0,0,0,0
23268,0,0,0,0,0,0
23275,0,0,0,0,0,0
23284,0,0,0,0,0,0
23292,0,0,0,0,0,0
23301,0,0,0,0,0,0
23311,0,0,0,0,0,0
23320,0,0,0,0,0,0
23328,0,0,0,0,0,0
23338,0,0,0,0,0,0
23345,0,0,0,0,0,0
23353,0,0,0,0,0,0
23361,0,0,0,0,0,0
23369,0,0,0,0,0,0
23372,0,0,0,0,0,0
23380,0,0,0,0,0,0
23388,0,0,0,0,0,0
23396,0,0,0,0,0,0
23404,0,0,0,0,0,0
23412,0,0,0,0,0,0
23420,0,0,0,0,0,0
23430,0,0,0,0,0,0
23437,0,0,0,0,0,0
23445,0,0,0,0,0,0
23453,0,0,0,0,0,0
23461,0,0,0,2,1,0
23469,0,0,0,0,0,0
23477,0,0,0,0,0,0
23485,0,0,0,0,0,0
23492,0,0,0,0,0,0
23501,0,0,0,0,0,0
23509,0,0,0,0,0,0
23517,0,0,0,0,0,0
23525,0,0,0,0,0,0
23533,0,0,0,0,0,0
23540,0,0,0,0,0,0
23548,0,0,0,0,1,0
23556,0,0,0,1,2,0
23564,0,0,0,0,1,0
23571,0,0,0,0,0,0
23581,0,0,0,0,0,0
23588,0,0,0,0,0,0
23596,0,0,0,0,0,0
23603,0,0,0,0,0,0
23611,0,0,0,0,0,0
23619,0,0,0,0,0,0
23627,0,0,0,0,0,0
23635,0,0,0,0,0,0
23643,0,0,0,0,0,0
23652,0,0,0,0,0,0
23661,0,0,0,0,0,0
23668,0,0,0,0,0,0
23677,0,0,0,0,0,0
23683,0,0,0,0,0,0
23690,0,0,0,0,0,0
23699,0,0,0,0,0,0
23709,0,0,0,0,0,0
23717,0,0,0,0,0,0
23724,0,0,0,0,0,0
23732,0,0,0,0,0,0
23740,0,0,0,0,0,0
23748,0,0,0,0,0,0
23756,0,0,0,0,0,0
23764,0,0,0,0,0,0
23772,0,0,0,0,0,0
23778,0,0,0,0,0,0
23786,0,0,0,2,2,0
23794,0,0,0,0,0,0
23802,0,0,0,0,0,0
23810,0,0,0,0,0,0
23818,0,0,0,0,0,0
23826,0,0,0,0,0,0
23833,0,0,0,0,0,0
23842,0,0,0,0,0,0
23850,0,0,0,0,0,0
23858,0,0,0,0,0,0
23866,0,0,0,0,0,0
23874,0,0,0,2,1,0
23881,0,0,0,0,0,0
23889,0,0,0,0,0,0
23895,0,0,0,0,0,0
23903,0,0,0,0,0,0
23912,0,0,0,0,0,0
23920,0,0,0,2,0,0
23928,0,0,0,0,0,0
23935,0,0,0,0,0,0
23943,0,0,0,0,0,0
23950,0,0,0,0,0,0
23958,0,0,0,0,0,0
23966,0,0,0,0,0,0
23974,0,0,0,0,0,0
23982,0,0,0,0,0,0
23990,0,0,0,0,0,0
23998,0,0,0,0,0,0
24003,0,0,0,0,0,0
24013,0,0,0,0,0,0
24022,0,0,0,0,0,0
24031,0,0,0,0,0,0
24042,0,0,0,0,0,0
24047,0,0,0,0,0,0
24055,0,0,0,0,0,0
24063,0,0,0,0,0,0
24071,0,0,0,0,0,0
24079,0,0,0,0,0,0
24087,0,0,0,0,0,0
24094,0,0,0,0,0,0
24103,0,0,0,0,0,0
24112,0,0,0,0,0,0
24121,0,0,0,0,0,0
24131,0,0,0,0,0,0
24144,0,0,0,0,0,0
24152,0,0,0,0,0,0
24158,0,0,0,0,0,0
24167,0,0,0,0,0,0
24175,0,0,0,0,0,0
24181,0,0,0,0,0,0
24189,0,0,0,0,0,0
24251,0,0,0,0,0,0
24259,0,0,0,0,0,0
24267,0,0,0,0,0,0
24273,0,0,0,0,0,0
24279,0,0,0,0,0,0
24287,0,0,0,0,0,0
24295,0,0,0,0,0,0
24303,0,0,0,0,0,0
24311,0,0,0,0,0,0
24319,0,0,0,0,0,0
24335,0,0,0,0,0,0
24343,0,0,0,0,0,0
24350,0,0,0,0,0,0
24356,0,0,0,0,0,0
24365,0,0,0,0,0,0
24373,0,0,0,0,0,0
24382,0,0,0,0,0,0
24389,0,0,0,0,0,0
24397,0,0,0,0,0,0
24405,0,0,0,0,0,0
24413,0,0,0,0,0,0
24421,0,0,0,1,1,0
24427,0,0,0,0,0,0
24435,0,0,0,0,0,0
24443,0,0,0,0,0,0
24451,0,0,0,0,0,0
24459,0,0,0,0,0,0
24469,0,0,0,0,0,0
24477,0,0,0,0,0,0
24484,0,0,0,0,0,0
24492,0,0,0,0,0,0
24500,0,0,0,0,0,0
24509,0,0,0,0,0,0
24517,0,0,0,0,0,0
24524,0,0,0,1,1,0
24532,0,0,0,2,2,0
24541,0,0,0,2,2,0
24550,0,0,0,0,0,0
24558,0,0,0,0,0,0
24565,0,0,0,0,0,0
24576,0,0,0,0,0,0
24585,0,0,0,0,0,0
24593,0,0,0,0,0,0
24600,0,0,0,0,0,0
24608,0,0,0,0,0,0
24616,0,0,0,0,0,0
24623,0,0,0,0,0,0
24632,0,0,0,0,0,0
24641,0,0,0,0,0,0
24650,0,0,0,0,0,0
24658,0,0,0,0,0,0
24664,0,0,0,0,0,0
24672,0,0,0,0,0,0
24679,0,0,0,0,0,0
24687,0,0,0,0,0,0
24695,0,0,0,0,0,0
24703,0,0,0,0,0,0
24711,0,0,0,0,0,0
24719,0,0,0,0,0,0
24728,0,0,0,0,0,0
24737,0,0,0,0,0,0
24745,0,0,0,0,0,0
24753,0,0,0,0,0,0
24761,0,0,0,0,0,0
24777,0,0,0,0,0,0
24786,0,0,0,0,0,0
24794,0,0,0,0,0,0
24802,0,0,0,0,0,0
24810,0,0,0,0,0,0
24818,0,0,0,0,0,0
24826,0,0,0,0,0,0
24832,0,0,0,0,0,0
24840,0,0,0,0,0,0
24857,0,0,0,0,0,0
24865,0,0,0,0,0,0
24873,0,0,0,0,0,0
24881,0,0,0,0,0,0
24889,0,0,0,0,0,0
24896,0,0,0,0,0,0
24904,0,0,0,0,0,0
24914,0,0,0,0,0,0
24923,0,0,0,0,0,0
24932,0,0,0,0,0,0
24942,0,0,0,0,0,0
24948,0,0,0,0,0,0
24956,0,0,0,0,0,0
24964,0,0,0,0,0,0
24972,0,0,0,0,0,0
24980,0,0,0,0,0,0
24988,0,0,0,0,0,0
24994,0,0,0,0,0,0
25004,0,0,0,0,0,0
25014,0,0,0,0,0,0
25020,0,0,0,0,0,0
25029,0,0,0,0,0,0
25038,0,0,0,0,0,0
25047,0,0,0,0,0,0
25057,0,0,0,0,0,0
25065,0,0,0,0,0,0
25076,0,0,0,0,0,0
25085,0,0,0,0,0,0
25095,0,0,0,0,0,0
25100,0,0,0,0,0,0
25108,0,0,0,0,0,0
25115,0,0,0,0,0,0
25124,0,0,0,0,0,0
25132,0,0,0,0,0,0
25137,0,0,0,0,0,0
25146,0,0,0,0,0,0
25156,0,0,0,0,0,0
25179,0,0,0,0,0,0
25203,0,0,0,0,0,0
25209,0,0,0,0,0,0
25219,0,0,0,0,0,0
25226,0,0,0,0,0,0
25234,0,0,0,0,0,0
25242,0,0,0,0,0,0
25250,0,0,0,0,0,0
25258,0,0,0,0,0,0
25266,0,0,0,0,0,0
25271,0,0,0,0,0,0
25279,0,0,0,0,0,0
25287,0,0,0,0,0,0
25293,0,0,0,0,0,0
25305,0,0,0,0,0,0
25312,0,0,0,0,0,0
25320,0,0,0,0,0,0
25330,0,0,0,0,0,0
25337,0,0,0,0,0,0
25346,0,0,0,0,0,0
25353,0,0,0,0,0,0
25365,0,0,0,0,0,0
25373,0,0,0,0,0,0
25381,0,0,0,0,0,0
25406,0,0,0,0,0,0
25410,0,0,0,0,0,0
25432,0,0,0,0,0,0
25440,0,0,0,0,0,0
25448,0,0,0,0,0,0
25456,0,0,0,0,0,0
25464,0,0,0,0,0,0
25472,0,0,0,0,0,0
25480,0,0,0,0,0,0
25496,0,0,0,1,1,0
25504,0,0,0,2,1,0
25512,0,0,0,2,2,0
25519,0,0,0,0,0,0
25531,0,0,0,0,0,0
25536,0,0,0,0,0,0
25544,0,0,0,0,0,0
25552,0,0,0,0,0,0
25558,0,0,0,0,0,0
25566,0,0,0,0,0,0
25573,0,0,0,0,0,0
25581,0,0,0,0,0,0
25589,0,0,0,0,0,0
25597,0,0,0,0,0,0
25606,0,0,0,0,0,0
25615,0,0,0,0,0,0
25623,0,0,0,0,0,0
25631,0,0,0,0,0,0
25639,0,0,0,0,0,0
25654,0,0,0,0,0,0
25662,0,0,0,0,0,0
25668,0,0,0,0,0,0
25676,0,0,0,0,0,0
25684,0,0,0,0,0,0
25692,0,0,0,0,0,0
25699,0,0,0,0,0,0
25707,0,0,0,0,0,0
25723,0,0,0,0,0,0
25731,0,0,0,0,0,0
25748,0,0,0,0,0,0
25756,0,0,0,0,0,0
25764,0,0,0,0,0,0
25772,0,0,0,0,0,0
25780,0,0,0,0,0,0
25788,0,0,0,0,0,0
25796,0,0,0,0,0,0
25804,0,0,0,0,0,0
25820,0,0,0,0,0,0
25828,0,0,0,0,0,0
25837,0,0,0,0,0,0
25845,0,0,0,0,0,0
25852,0,0,0,0,0,0
25865,0,0,0,0,0,0
25873,0,0,0,0,0,0
25881,0,0,0,0,0,0
25889,0,0,0,0,0,0
25898,0,0,0,0,0,0
25905,0,0,0,0,0,0
25912,0,0,0,0,0,0
25928,0,0,0,0,0,0
25935,0,0,0,0,0,0
25942,0,0,0,0,0,0
25950,0,0,0,0,0,0
25965,0,0,0,0,0,0
25973,0,0,0,0,0,0
25981,0,0,0,0,0,0
25988,0,0,0,0,0,0
25996,0,0,0,0,0,0
26002,0,0,0,0,0,0
26010,0,0,0,0,0,0
26018,0,0,0,0,0,0
26026,0,0,0,0,0,0
26046,0,0,0,0,0,0
26066,0,0,0,0,0,0
26078,0,0,0,0,0,0
26088,0,0,0,0,0,0
26096,0,0,0,0,0,0
26104,0,0,0,0,0,0
26108,0,0,0,0,0,0
26116,0,0,0,0,0,0
26132,0,0,0,0,0,0
26139,0,0,0,0,0,0
26154,0,0,0,0,0,0
26162,0,0,0,0,0,0
26171,0,0,0,0,0,0
26179,0,0,0,0,0,0
26192,0,0,0,0,0,0
26204,0,0,0,0,0,0
26211,0,0,0,0,0,0
26216,0,0,0,0,0,0
26224,0,0,0,0,0,0
26232,0,0,0,0,0,0
26240,0,0,0,0,0,0
