2,0,0,0,0,0,0
5,0,0,0,0,0,0
8,0,0,0,0,0,0
11,0,0,0,0,0,0
15,0,0,0,0,0,0
21,0,0,0,0,0,0
26,0,0,0,0,0,0
33,0,2,0,0,0,0
40,0,0,0,0,0,0
46,0,0,0,0,0,0
56,0,0,0,0,0,0
68,0,0,0,0,0,0
74,0,0,0,0,0,0
85,0,0,0,0,0,0
93,0,0,0,0,0,0
100,0,0,0,0,0,0
110,0,0,0,0,0,0
117,0,0,0,0,0,0
122,0,0,0,0,0,0
130,0,0,0,0,0,0
139,0,0,0,0,0,0
147,0,0,0,0,0,0
155,0,0,0,0,0,0
166,0,0,0,0,0,0
176,0,0,0,0,0,0
186,0,0,0,0,0,0
195,0,0,0,0,0,0
204,0,0,0,0,0,0
213,0,0,1,0,0,0
225,0,0,0,0,0,0
232,0,0,0,0,0,0
245,0,0,0,0,0,0
255,0,0,0,0,0,0
263,0,0,0,0,0,0
275,0,0,0,0,0,0
282,0,0,0,0,0,0
292,0,0,0,0,0,0
301,0,0,0,0,0,0
309,0,0,0,0,0,0
318,0,0,0,0,0,0
326,0,0,0,0,0,0
336,0,0,0,0,0,0
358,0,0,0,0,0,0
369,0,0,0,0,0,0
376,0,0,0,0,0,0
387,0,0,0,0,0,0
394,0,0,0,0,0,0
408,0,0,0,0,0,0
416,0,0,0,0,0,0
426,0,0,0,0,0,0
441,0,0,0,0,0,0
449,0,0,0,0,0,0
459,0,0,0,0,0,0
464,0,0,0,0,0,0
475,0,0,0,0,0,0
487,0,0,0,0,0,0
497,0,0,0,0,0,0
510,0,1,0,0,0,1
519,0,2,0,0,0,0
528,0,1,0,0,0,0
537,1,5,0,0,0,6
549,0,0,0,0,0,0
559,0,0,0,0,0,0
569,0,0,0,0,0,0
579,0,0,0,0,0,0
589,0,0,0,0,0,0
599,0,0,0,0,0,0
619,0,0,0,0,0,0
629,0,0,0,0,0,0
638,0,0,0,0,0,0
687,0,0,0,0,0,0
707,0,0,0,0,0,0
737,0,0,0,0,0,0
747,0,0,0,0,0,0
757,0,0,0,0,0,0
768,0,0,0,0,0,0
776,0,0,0,0,0,0
788,0,0,0,0,0,0
797,0,0,0,0,0,0
806,0,0,0,0,0,0
827,0,0,0,0,0,0
840,0,0,0,0,0,0
842,0,0,0,0,0,0
851,0,0,0,0,0,0
861,0,0,1,0,0,0
871,0,0,0,0,0,0
881,0,0,0,0,0,0
891,0,0,0,0,0,0
901,0,0,0,0,0,0
911,0,0,0,0,0,0
921,0,0,0,0,0,0
931,0,0,0,0,0,0
941,0,0,0,0,0,0
952,0,0,0,0,0,0
966,0,0,0,0,0,0
974,0,0,0,0,0,0
983,0,0,0,0,0,0
992,0,0,0,0,0,0
1002,0,0,0,0,0,0
1014,0,0,3,0,0,0
1024,0,0,0,0,0,0
1034,0,0,0,0,0,0
1043,0,0,0,0,0,0
1052,0,0,0,0,0,0
1093,0,0,0,0,0,0
1102,0,0,0,0,0,0
1111,0,0,0,0,0,0
1119,0,0,0,0,0,0
1127,0,0,0,0,0,0
1145,0,0,0,0,0,0
1157,0,0,0,0,0,0
1170,0,0,0,0,0,0
1189,0,0,0,0,0,0
1193,0,0,0,0,0,0
1202,0,0,0,0,0,0
1211,0,0,0,0,0,0
1219,0,0,0,0,0,0
1228,0,0,0,0,0,0
1237,0,0,0,0,0,0
1246,0,0,0,0,0,0
1255,0,0,0,0,0,0
1263,0,0,0,0,0,0
1269,0,0,0,0,0,0
1276,0,0,1,0,0,0
1289,0,0,0,0,0,0
1306,0,0,0,0,0,0
1316,0,0,0,0,0,0
1323,0,0,0,0,0,0
1333,0,0,0,0,0,0
1342,0,0,0,0,0,0
1351,0,0,0,0,0,0
1604,0,0,0,0,0,0
1640,0,0,0,0,0,0
1648,0,0,0,0,0,0
1657,0,0,0,0,0,0
1665,0,0,0,0,0,0
1674,0,0,0,0,0,0
1827,0,0,0,0,0,0
1919,0,0,0,0,0,0
1927,0,0,0,0,0,0
1935,0,0,0,0,0,0
2016,0,0,0,0,0,0
2098,0,0,0,0,0,0
2124,0,0,0,0,0,0
2178,0,0,0,0,0,0
2192,0,0,0,0,0,0
2200,0,0,0,0,0,0
2206,0,0,0,0,0,0
2212,0,0,0,0,0,0
2219,0,0,0,0,0,0
2227,0,0,0,0,0,0
2233,0,0,0,0,0,0
2239,0,0,0,0,0,0
2246,0,0,0,0,0,0
2254,0,0,0,0,0,0
2260,0,0,0,0,0,0
2267,0,0,0,0,0,0
2274,0,0,0,0,0,0
2281,0,0,0,0,0,0
2288,0,0,0,0,0,0
2295,0,0,0,0,0,0
2302,0,0,0,0,0,0
2309,0,0,0,0,0,0
2316,0,0,0,0,0,0
2321,0,0,0,0,0,0
2328,0,0,0,0,0,0
2335,0,0,0,0,0,0
2343,0,0,0,0,0,0
2348,0,0,0,0,0,0
2362,0,0,0,0,0,0
2369,0,0,0,0,0,0
2376,0,0,0,0,0,0
2383,0,0,0,0,0,0
2390,0,0,0,0,0,0
2397,0,0,0,0,0,0
2403,0,0,0,0,0,0
2407,0,0,0,0,0,0
2414,0,0,0,0,0,0
2421,0,0,0,0,0,0
2428,0,0,0,0,0,0
2435,0,0,0,0,0,0
2442,0,0,0,0,0,0
2448,0,0,0,0,0,0
2456,0,0,0,0,0,0
2463,0,0,0,0,0,0
2470,0,0,0,0,0,0
2475,0,0,0,0,0,0
2484,0,0,0,0,0,0
2492,0,0,0,0,0,0
2499,0,0,0,0,0,0
2503,0,0,0,0,0,0
2510,0,0,0,0,0,0
2516,0,0,0,0,0,0
2524,0,0,0,0,0,0
2531,0,0,0,0,0,0
2540,0,0,0,0,0,0
2547,0,0,0,0,0,0
2561,0,0,0,0,0,0
2568,0,0,0,0,0,0
2572,0,0,0,0,0,0
2579,0,0,0,0,0,0
2586,0,0,0,0,0,0
2614,0,0,0,0,0,0
2623,0,0,0,0,0,0
2630,0,0,0,0,0,0
2642,0,0,0,0,0,0
2650,0,0,0,0,0,0
2657,0,0,0,0,0,0
2664,0,0,0,0,0,0
2671,0,0,0,0,0,0
2678,0,0,0,0,0,0
2685,0,0,0,0,0,0
2690,0,0,0,0,0,0
2698,0,0,0,0,0,0
2705,0,0,0,0,0,0
2712,0,0,0,0,0,0
2718,0,0,0,0,0,0
2725,0,0,0,0,0,0
2733,0,0,0,0,0,0
2739,0,0,0,0,0,0
2746,0,0,0,0,0,0
2753,0,0,0,0,0,0
2766,0,0,0,0,0,0
2772,0,0,0,0,0,0
2786,0,0,0,0,0,0
2793,0,0,0,0,0,0
2800,0,0,0,0,0,0
2809,0,0,0,0,0,0
2817,0,0,0,0,0,0
2824,0,0,0,0,0,0
2831,0,0,0,0,0,0
4479,0,0,0,0,0,0
4488,0,0,0,0,0,0
4497,0,0,0,0,0,0
4507,0,0,0,0,0,0
4517,0,0,0,0,0,0
4526,0,0,0,0,0,0
4536,0,0,0,0,0,0
4546,0,0,0,0,0,0
4557,0,0,0,0,0,0
4567,0,0,0,0,0,0
4577,0,0,0,0,0,0
4586,0,0,0,0,0,0
4596,0,0,0,0,0,0
4607,0,0,0,0,0,0
4627,0,0,0,0,0,0
4638,0,0,0,0,0,0
4648,0,0,0,0,0,0
4659,0,0,0,0,0,0
4668,0,0,0,0,0,0
4676,0,0,0,0,0,0
4683,0,0,0,0,0,0
4694,0,0,0,0,0,0
4713,0,0,0,0,0,0
4723,0,0,0,0,0,0
4733,0,0,0,0,0,0
4744,0,0,0,0,0,0
4753,0,0,0,0,0,0
4763,0,0,0,0,0,0
4773,0,0,0,0,0,0
4783,0,0,0,0,0,0
4793,0,0,0,0,0,0
4804,0,0,0,0,0,0
4814,0,0,0,0,0,0
4824,0,0,0,0,0,0
4834,0,0,0,0,0,0
4844,0,0,0,0,0,0
4854,0,0,0,0,0,0
4864,0,0,0,0,0,0
4874,0,0,0,0,0,0
4886,0,0,0,0,0,0
4898,0,0,0,0,0,0
4908,0,0,0,0,0,0
4917,0,0,0,0,0,0
4928,0,0,0,0,0,0
4939,0,0,0,0,0,0
4959,0,0,0,0,0,0
4969,0,0,0,0,0,0
4979,0,0,0,0,0,0
4989,0,0,0,0,0,0
4999,0,0,0,0,0,0
5008,0,0,0,0,0,0
5017,0,0,0,0,0,0
5050,0,0,0,0,0,0
5058,0,0,0,0,0,0
5090,0,0,0,0,0,0
5098,0,0,0,0,0,0
5106,0,0,0,0,0,0
5121,0,0,0,0,0,0
5130,0,0,0,0,0,0
5139,0,0,0,0,0,0
5148,0,0,0,0,0,0
5157,0,0,0,0,0,0
5175,0,0,0,0,0,0
5185,0,0,0,0,0,0
5193,0,0,0,0,0,0
5202,0,0,0,0,0,0
5210,0,0,0,0,0,0
5218,0,0,0,0,0,0
5226,0,0,0,0,0,0
5233,0,0,0,0,0,0
5241,0,0,0,0,0,0
5246,0,0,0,0,0,0
5254,0,0,0,0,0,0
5262,0,0,0,0,0,0
5278,0,0,0,0,0,0
5286,0,0,0,0,0,0
5293,0,0,0,0,0,0
5301,0,0,0,0,0,0
5309,0,0,0,0,0,0
5317,0,0,0,0,0,0
5325,0,0,0,0,0,0
5333,0,0,0,0,0,0
5341,0,0,0,0,0,0
5349,0,0,0,0,0,0
5362,0,0,0,0,0,0
5369,0,0,0,0,0,0
5380,0,0,0,0,0,0
5389,0,0,0,0,0,0
5397,0,0,0,0,0,0
5403,0,0,0,0,0,0
5418,0,0,0,0,0,0
5428,0,0,0,0,0,0
5438,0,0,0,0,0,0
5448,0,0,0,0,0,0
5454,0,0,0,0,0,0
5463,0,0,0,0,0,0
5471,0,0,0,0,0,0
5479,0,0,0,0,0,0
5487,0,0,0,0,0,0
5495,0,0,0,0,0,0
5503,0,0,0,0,0,0
5509,0,0,0,0,0,0
5517,0,0,0,0,0,0
5549,0,0,0,0,0,0
5557,0,0,0,0,0,0
5564,0,0,0,0,0,0
5573,0,0,0,0,0,0
5584,0,0,0,0,0,0
5592,0,0,0,0,0,0
5606,0,0,0,0,0,0
5614,0,0,0,0,0,0
5622,0,0,0,0,0,0
5630,0,0,0,0,0,0
5639,0,0,0,0,0,0
5648,0,0,0,0,0,0
5656,0,0,0,0,0,0
5664,0,0,0,0,0,0
5671,0,0,0,0,0,0
5680,0,0,0,0,0,0
5692,0,0,0,0,0,0
5699,0,0,0,0,0,0
5708,0,0,0,0,0,0
5718,0,0,0,0,0,0
5724,0,0,0,0,0,0
5733,0,0,0,0,0,0
5743,0,0,0,0,0,0
5753,0,0,0,0,0,0
5762,0,0,0,0,0,0
5773,0,0,0,0,0,0
5781,0,0,0,0,0,0
5789,0,0,0,0,0,0
5798,0,0,0,0,0,0
5805,0,0,0,0,0,0
5815,0,0,0,0,0,0
5824,0,0,0,0,0,0
5842,0,0,0,0,0,0
5863,0,0,0,0,0,0
5900,0,0,0,0,0,0
5909,0,0,0,0,0,0
5925,0,0,0,0,0,0
5932,0,0,0,0,0,0
5942,0,0,0,0,0,0
5952,0,0,0,0,0,0
5965,0,0,0,0,0,0
5973,0,0,0,0,0,0
5981,0,0,0,0,0,0
5986,0,0,0,0,0,0
6016,0,0,0,0,0,0
6022,0,0,0,0,0,0
6031,0,0,0,0,0,0
6040,0,0,0,0,0,0
6048,0,0,0,0,0,0
6054,0,0,0,0,0,0
6073,0,0,0,0,0,0
6106,0,0,0,0,0,0
6112,0,0,0,0,0,0
6123,0,0,0,0,0,0
6130,0,0,0,0,0,0
6156,0,0,0,0,0,0
6165,0,0,0,0,0,0
6174,0,0,0,0,0,0
6185,0,0,0,0,0,0
6193,0,0,0,0,0,0
6203,0,0,0,0,0,0
6215,0,0,0,0,0,0
6222,0,0,0,0,0,0
6229,0,0,0,0,0,0
6247,0,0,0,0,0,0
6258,0,0,0,0,0,0
6265,0,0,0,0,0,0
6273,0,0,0,0,0,0
6293,0,0,0,0,0,0
6302,0,0,0,0,0,0
6311,0,0,0,0,0,0
6321,0,0,0,0,0,0
6328,0,0,0,0,0,0
6337,0,0,0,0,0,0
6356,0,0,0,0,0,0
6373,0,0,0,0,0,0
6393,0,0,0,0,0,0
6426,0,0,0,0,0,0
6436,0,0,0,0,0,0
6445,0,0,0,0,0,0
6455,0,0,0,0,0,0
6463,0,0,0,0,0,0
6471,0,0,0,0,0,0
6507,0,0,0,0,0,0
6516,0,0,0,0,0,0
6563,0,0,0,0,0,0
6574,0,0,0,0,0,0
6581,0,0,0,0,0,0
6591,0,0,0,0,0,0
6596,0,0,0,0,0,0
6604,0,0,0,0,0,0
6612,1,7,0,0,0,7
6620,0,0,0,0,0,0
6627,0,0,0,0,0,0
6633,0,0,0,0,0,0
6642,0,0,0,0,0,0
6650,0,0,0,0,0,0
6658,0,0,0,0,0,0
6666,0,0,0,0,0,0
6674,0,0,0,0,0,0
6682,0,0,0,0,0,0
6691,0,0,0,0,0,0
6699,0,0,0,0,0,0
6707,0,0,0,0,0,0
6718,0,0,0,0,0,0
6726,0,0,0,0,0,0
6733,0,0,0,0,0,0
6742,0,0,0,0,0,0
6749,0,0,0,0,0,0
6757,0,0,0,0,0,0
6767,0,0,0,0,0,0
6775,0,0,0,0,0,0
6786,0,0,0,0,0,0
6788,0,0,0,0,0,0
6796,0,0,0,0,0,0
6804,0,0,0,0,0,0
6812,0,0,0,0,0,0
6820,0,0,0,0,0,0
6828,0,1,0,1,1,1
6836,0,0,0,0,0,0
6844,0,0,0,0,0,0
6851,0,0,0,0,0,0
6861,0,0,0,0,0,0
6868,0,0,0,0,0,0
6877,0,0,0,0,0,0
6885,0,0,0,0,0,0
6893,0,0,0,0,0,0
6901,0,0,0,0,0,0
6909,0,0,0,0,0,0
6918,0,0,2,0,0,0
6928,0,0,0,0,0,0
6938,0,0,0,0,0,0
6947,0,0,0,0,0,0
6954,0,2,0,0,0,0
6963,0,1,0,0,0,0
6971,0,0,0,0,0,0
6979,0,0,0,0,0,0
6987,0,0,0,0,0,0
6995,0,0,0,0,0,0
7003,0,0,0,0,0,0
7011,0,0,0,0,0,0
7020,0,0,0,0,0,0
7027,0,0,0,0,0,0
7036,0,0,0,0,0,0
7046,0,0,0,0,0,0
7053,0,0,0,0,0,0
7060,0,0,0,0,0,0
7078,0,0,0,0,0,0
7084,0,0,0,0,0,0
7093,0,0,0,0,0,0
7100,0,0,0,0,0,0
7108,0,0,0,0,0,0
7116,4,5,0,0,0,8
7123,0,0,0,0,0,0
7130,0,0,0,0,0,0
7138,0,0,0,0,0,0
7146,0,0,0,0,0,0
7154,0,0,0,0,0,0
7163,0,0,0,0,0,0
7173,0,0,0,0,0,0
7178,0,0,0,0,0,0
7188,0,2,0,0,0,0
7197,0,2,0,0,0,0
7205,0,0,0,0,0,0
7213,0,0,0,0,0,0
7221,0,0,0,0,0,0
7239,0,0,0,0,0,0
7254,0,0,0,0,0,0
7264,0,0,0,0,0,0
7271,0,0,0,0,0,0
7281,0,0,0,0,0,0
7287,0,2,0,0,0,0
7295,0,0,0,0,0,0
7303,0,0,0,0,0,0
7311,0,0,0,0,0,0
7319,0,0,0,0,0,0
7327,0,0,0,0,0,0
7338,0,0,0,0,0,0
7343,0,0,0,0,0,0
7351,0,0,0,0,0,0
7358,0,0,0,0,0,0
7366,0,0,0,0,0,0
7372,0,0,0,0,0,0
7383,0,0,0,0,0,0
7391,0,0,0,0,0,0
7397,0,0,0,0,0,0
7409,0,0,0,0,0,0
7415,0,0,0,0,0,0
7425,0,0,0,0,0,0
7430,0,0,0,0,0,0
7438,0,0,0,0,0,0
7446,0,0,0,0,0,0
7453,0,0,0,0,0,0
7461,0,0,0,0,0,0
7470,0,0,0,0,0,0
7478,0,0,0,0,0,0
7487,0,0,0,0,0,0
7494,0,0,0,0,0,0
7502,0,0,0,0,0,0
7514,0,0,0,0,0,0
7523,0,0,0,0,0,0
7534,0,0,0,0,0,0
7540,0,0,0,0,0,0
7548,0,0,1,0,0,0
7558,0,0,0,0,0,0
7565,0,0,0,0,0,0
7573,0,0,0,0,0,0
7580,0,0,0,0,0,0
7588,0,0,0,0,0,0
7598,0,0,0,0,0,0
7607,0,0,0,0,0,0
7616,0,0,0,0,0,0
7624,0,0,0,0,0,0
7641,0,0,0,0,0,0
7646,0,0,0,0,0,0
7654,0,0,0,0,0,0
7662,0,0,0,0,0,0
7670,0,0,0,0,0,0
7678,0,0,0,0,0,0
7686,0,0,0,0,0,0
7693,0,0,1,0,0,0
7709,0,0,0,0,0,0
7718,0,0,0,0,0,0
7726,0,0,0,0,0,0
7734,0,0,0,0,0,0
7742,0,0,0,0,0,0
7749,0,0,0,0,0,0
7752,0,0,0,0,0,0
7761,0,0,0,0,0,0
7768,0,0,0,0,0,0
7776,0,0,0,0,0,0
7785,0,0,0,0,0,0
7790,0,0,0,0,0,0
7800,0,0,0,0,0,0
7809,0,0,2,0,0,0
7819,0,0,0,0,0,0
7826,0,0,0,0,0,0
7834,0,0,0,0,0,0
7842,0,0,0,0,0,0
7850,0,0,0,0,0,0
7859,0,0,0,0,0,0
7867,0,0,0,0,0,0
7875,0,0,0,0,0,0
7896,0,0,0,0,0,0
7904,0,0,0,0,0,0
7911,0,0,0,0,0,0
7916,0,0,0,0,0,0
7924,0,0,0,0,0,0
7932,0,0,0,0,0,0
7939,0,0,0,0,0,0
7947,0,0,0,0,0,0
7979,0,0,0,0,0,0
7987,0,0,0,0,0,0
7996,0,0,0,0,0,0
8004,0,0,0,0,0,0
8011,0,0,0,0,0,0
8073,0,0,0,0,0,0
8149,0,0,0,0,0,0
8155,0,0,0,0,0,0
8163,0,0,0,0,0,0
8204,0,0,0,0,0,0
8213,0,0,0,0,0,0
8219,0,0,0,0,0,0
8227,0,0,0,0,0,0
8235,0,0,0,0,0,0
8258,0,0,0,0,0,0
8307,0,0,0,0,0,0
8408,0,0,0,0,0,0
8416,0,0,0,0,0,0
8424,0,0,0,0,0,0
8460,0,0,0,0,0,0
8488,0,0,0,0,0,0
8559,0,0,0,0,0,0
8659,0,0,0,0,0,0
8712,0,0,0,0,0,0
8739,0,0,0,0,0,0
8753,0,0,0,0,0,0
8761,0,0,0,0,0,0
8782,0,0,0,0,0,0
8789,0,0,0,0,0,0
8796,0,0,0,0,0,0
8804,0,0,0,0,0,0
8811,0,0,0,0,0,0
8819,0,0,0,0,0,0
8826,0,0,0,0,0,0
8833,0,0,0,0,0,0
8840,0,0,0,0,0,0
8847,0,0,0,0,0,0
8854,0,0,0,0,0,0
8861,0,0,0,0,0,0
8868,0,0,0,0,0,0
8874,0,0,0,0,0,0
8881,0,0,0,0,0,0
8888,0,0,0,0,0,0
8895,0,0,0,0,0,0
8900,0,0,0,0,0,0
8907,0,0,0,0,0,0
8914,0,0,0,0,0,0
8921,0,0,0,0,0,0
8927,0,0,0,0,0,0
8934,0,0,0,0,0,0
8941,0,0,0,0,0,0
8947,0,0,0,0,0,0
8956,0,0,0,0,0,0
8963,0,0,0,0,0,0
8972,0,0,0,0,0,0
8980,0,0,0,0,0,0
8987,0,0,0,0,0,0
8992,0,0,0,0,0,0
8998,0,0,0,0,0,0
9006,0,0,0,0,0,0
9013,0,0,0,0,0,0
9017,0,0,0,0,0,0
9024,0,0,0,0,0,0
9031,0,0,0,0,0,0
9038,0,0,0,0,0,0
9045,0,0,0,0,0,0
9054,0,0,0,0,0,0
9063,0,0,0,0,0,0
9070,0,0,0,0,0,0
9077,0,0,0,0,0,0
9084,0,0,0,0,0,0
9091,0,0,0,0,0,0
9098,0,0,0,0,0,0
9105,0,0,0,0,0,0
9112,0,0,0,0,0,0
9119,0,0,0,0,0,0
9126,0,0,0,0,0,0
9133,0,0,0,0,0,0
9140,0,0,0,0,0,0
9147,0,0,0,0,0,0
9175,0,0,0,0,0,0
9182,0,0,0,0,0,0
9203,0,0,0,0,0,0
9211,0,0,0,0,0,0
9218,0,0,0,0,0,0
9225,0,0,0,0,0,0
9232,0,0,0,0,0,0
9239,0,0,0,0,0,0
9246,0,0,0,0,0,0
9254,0,0,0,0,0,0
9260,0,0,0,0,0,0
9267,0,0,0,0,0,0
9274,0,0,0,0,0,0
9284,0,0,0,0,0,0
9289,0,0,0,0,0,0
9295,0,0,0,0,0,0
9302,0,0,0,0,0,0
9310,0,0,0,0,0,0
9317,0,0,0,0,0,0
9325,0,0,0,0,0,0
9339,0,0,0,0,0,0
9346,0,0,0,0,0,0
9354,0,0,0,0,0,0
9360,0,0,0,0,0,0
9367,0,0,0,0,0,0
9374,0,0,0,0,0,0
9381,0,0,0,0,0,0
9386,0,0,0,0,0,0
9393,0,0,0,0,0,0
9408,0,0,0,0,0,0
9428,0,0,0,0,0,0
9444,0,0,0,0,0,0
9453,0,0,0,0,0,0
9463,0,0,0,0,0,0
9482,0,0,0,0,0,0
9491,0,0,0,0,0,0
9500,0,0,0,0,0,0
9514,0,0,0,0,0,0
9526,0,0,0,0,0,0
9536,0,0,0,0,0,0
9546,0,0,0,0,0,0
9553,0,0,0,0,0,0
9565,0,0,0,0,0,0
9575,0,0,0,0,0,0
9585,0,0,0,0,0,0
9595,0,0,0,0,0,0
9605,0,0,0,0,0,0
9615,0,0,0,0,0,0
9623,0,0,0,0,0,0
9636,0,0,0,0,0,0
9656,0,0,0,0,0,0
9665,0,0,0,0,0,0
9675,0,0,0,0,0,0
9684,0,0,0,0,0,0
9691,0,0,0,0,0,0
9705,0,0,0,0,0,0
9717,0,0,0,0,0,0
9737,0,0,0,0,0,0
9747,0,0,0,0,0,0
9757,0,0,0,0,0,0
9768,0,0,0,0,0,0
9776,0,0,0,0,0,0
9792,0,0,0,0,0,0
9802,0,0,0,0,0,0
9812,0,0,0,0,0,0
9838,0,0,0,0,0,0
9847,0,0,0,0,0,0
9858,0,0,0,0,0,0
9867,0,0,0,0,0,0
9874,0,0,0,0,0,0
9913,0,0,0,0,0,0
9929,0,0,0,0,0,0
9938,0,0,0,0,0,0
9945,0,0,0,0,0,0
9953,0,0,0,0,0,0
9966,0,0,0,0,0,0
9973,0,0,0,0,0,0
9986,0,0,0,0,0,0
9997,0,0,0,0,0,0
10005,0,0,0,0,0,0
10015,0,0,0,0,0,0
10026,0,0,0,0,0,0
10036,0,0,0,0,0,0
10107,0,0,0,0,0,0
10117,0,0,0,0,0,0
10234,0,0,0,0,0,0
10269,0,0,0,0,0,0
10279,0,0,0,0,0,0
10305,0,0,0,0,0,0
10315,0,0,0,0,0,0
10326,0,0,0,0,0,0
10334,0,0,0,0,0,0
10355,0,0,0,0,0,0
10389,0,0,0,0,0,0
10435,0,0,0,0,0,0
10445,0,0,0,0,0,0
10467,0,0,0,0,0,0
10548,0,0,0,0,0,0
10558,0,0,0,0,0,0
10567,0,0,0,0,0,0
10576,0,0,0,0,0,0
10585,0,0,0,0,0,0
10594,0,0,0,0,0,0
10603,0,0,0,0,0,0
10612,0,0,0,0,0,0
10639,0,0,0,0,0,0
10647,0,0,0,0,0,0
10656,0,0,0,0,0,0
10666,0,0,0,0,0,0
10674,0,0,0,0,0,0
10791,0,0,0,0,0,0
10838,0,0,0,0,0,0
10891,0,0,0,0,0,0
10899,0,0,0,0,0,0
10939,0,0,0,0,0,0
10946,0,0,0,0,0,0
10965,0,0,0,0,0,0
10972,0,0,0,0,0,0
10997,0,0,0,0,0,0
11005,0,0,0,0,0,0
11014,0,0,0,0,0,0
11025,0,0,0,0,0,0
11032,0,0,0,0,0,0
11041,0,0,0,0,0,0
11049,0,0,0,0,0,0
11057,0,0,0,0,0,0
11065,0,0,0,0,0,0
11073,0,0,0,0,0,0
11082,0,0,0,0,0,0
11088,0,0,0,0,0,0
11096,0,0,0,0,0,0
11104,0,0,0,0,0,0
11112,0,0,0,0,0,0
11120,0,0,0,0,0,0
11128,0,0,0,0,0,0
11136,0,0,0,0,0,0
11144,0,0,0,0,0,0
11155,0,0,0,0,0,0
11164,0,0,0,0,0,0
11176,0,0,0,0,0,0
11187,0,0,0,0,0,0
11199,0,0,0,0,0,0
11209,0,0,0,0,0,0
11218,0,0,0,0,0,0
11230,0,0,0,0,0,0
11242,0,0,0,0,0,0
11253,0,0,0,0,0,0
11263,0,0,0,0,0,0
11273,0,0,0,0,0,0
11285,0,0,0,0,0,0
11295,0,0,0,0,0,0
11306,0,0,0,0,0,0
11316,0,0,0,0,0,0
11326,0,0,0,0,0,0
11337,0,0,0,0,0,0
11346,0,0,0,0,0,0
11356,0,0,0,0,0,0
11366,0,0,0,0,0,0
11375,0,0,0,0,0,0
11385,0,0,0,0,0,0
11396,0,0,0,0,0,0
11406,0,0,0,0,0,0
11416,0,0,0,0,0,0
11426,0,0,0,0,0,0
11436,0,0,0,0,0,0
11446,0,0,0,0,0,0
11457,0,0,0,0,0,0
11478,0,0,0,0,0,0
11488,0,0,0,0,0,0
11498,0,0,0,0,0,0
11508,0,0,0,0,0,0
11518,0,0,0,0,0,0
11528,0,0,0,0,0,0
11538,0,0,0,0,0,0
11548,0,0,0,0,0,0
11558,0,0,0,0,0,0
11568,0,0,0,0,0,0
11579,0,0,0,0,0,0
11605,0,0,0,0,0,0
11615,0,0,0,0,0,0
11626,0,0,0,0,0,0
11635,0,0,0,0,0,0
11644,0,0,0,0,0,0
11653,0,0,0,0,0,0
11661,0,0,0,0,0,0
11682,0,0,0,0,0,0
11700,0,0,0,0,0,0
11718,0,0,0,0,0,0
11726,0,0,0,0,0,0
11734,0,0,0,0,0,0
11740,0,0,0,0,0,0
11751,0,0,0,0,0,0
11760,0,0,0,0,0,0
11767,0,0,0,0,0,0
11776,0,0,0,0,0,0
11787,0,0,0,0,0,0
11792,0,0,0,0,0,0
11807,0,0,0,0,0,0
11815,0,0,0,0,0,0
11824,0,0,0,0,0,0
11840,0,0,0,0,0,0
11850,0,0,0,0,0,0
11860,0,0,0,0,0,0
11868,0,0,0,0,0,0
11874,0,0,0,0,0,0
11884,0,0,0,0,0,0
11891,0,0,0,0,0,0
11904,0,0,0,0,0,0
11922,0,0,0,0,0,0
11930,0,0,0,0,0,0
11942,0,0,0,0,0,0
11951,0,0,0,0,0,0
11960,0,0,0,0,0,0
11970,0,0,0,0,0,0
11990,0,0,0,0,0,0
12004,0,0,0,0,0,0
12009,0,0,0,0,0,0
12018,0,0,0,0,0,0
12024,0,0,0,0,0,0
12035,0,0,0,0,0,0
12049,0,0,0,0,0,0
12056,0,0,0,0,0,0
12063,0,0,0,0,0,0
12069,0,0,0,0,0,0
12078,0,0,0,0,0,0
12087,0,0,0,0,0,0
12096,0,0,0,0,0,0
12105,0,0,0,0,0,0
12118,0,0,0,0,0,0
12124,0,0,0,0,0,0
12138,0,0,0,0,0,0
12147,0,0,0,0,0,0
12153,0,0,0,0,0,0
12163,0,0,0,0,0,0
12174,0,0,0,0,0,0
12180,0,0,0,0,0,0
12192,0,0,0,0,0,0
12198,0,0,0,0,0,0
12208,0,0,0,0,0,0
12220,0,0,0,0,0,0
12225,0,0,0,0,0,0
12243,0,0,0,0,0,0
12255,0,0,0,0,0,0
12262,0,0,0,0,0,0
12269,0,0,0,0,0,0
12282,0,0,0,0,0,0
12290,0,0,0,0,0,0
12296,0,0,0,0,0,0
12309,0,0,0,0,0,0
12316,0,0,0,0,0,0
12339,0,0,0,0,0,0
12350,0,0,0,0,0,0
12358,0,0,0,0,0,0
12368,0,0,0,0,0,0
12376,0,0,0,0,0,0
12385,0,0,0,0,0,0
12408,0,0,0,0,0,0
12415,0,0,0,0,0,0
12423,0,0,0,0,0,0
12444,0,0,0,0,0,0
12454,0,0,0,0,0,0
12460,0,0,0,0,0,0
12475,0,0,0,0,0,0
12494,0,0,0,0,0,0
12501,0,0,0,0,0,0
12508,0,0,0,0,0,0
12516,0,0,0,0,0,0
12523,0,0,0,0,0,0
12530,0,0,0,0,0,0
12538,0,0,0,0,0,0
12548,0,0,0,0,0,0
12558,0,0,0,0,0,0
12564,0,0,0,0,0,0
12571,0,0,0,0,0,0
12578,0,0,0,0,0,0
12585,0,0,0,0,0,0
12592,0,0,0,0,0,0
12599,0,0,0,0,0,0
12606,0,0,0,0,0,0
12613,0,0,0,0,0,0
12620,0,0,0,0,0,0
12628,0,0,0,0,0,0
12648,0,0,0,0,0,0
12675,0,0,0,0,0,0
12694,0,0,0,0,0,0
12713,0,0,0,0,0,0
12738,0,0,0,0,0,0
12745,0,0,0,0,0,0
12754,0,0,0,0,0,0
12764,0,0,0,0,0,0
12773,0,0,0,0,0,0
12793,0,0,0,0,0,0
12798,0,0,0,0,0,0
12820,0,0,0,0,0,0
12826,0,0,0,0,0,0
12834,0,0,0,0,0,0
12848,0,0,0,0,0,0
12856,0,0,0,0,0,0
12863,0,0,0,0,0,0
12870,0,0,0,0,0,0
12891,0,0,0,0,0,0
12918,0,0,0,0,0,0
12938,0,0,0,0,0,0
12944,0,0,0,0,0,0
12972,0,0,0,0,0,0
12979,0,0,0,0,0,0
12999,0,0,0,0,0,0
13007,0,0,0,0,0,0
13016,0,0,0,0,0,0
13023,0,0,0,0,0,0
13037,0,0,0,0,0,0
13061,0,0,0,0,0,0
13070,0,0,0,0,0,0
13077,0,0,0,0,0,0
13088,0,0,0,0,0,0
13095,0,0,0,0,0,0
13116,0,0,0,0,0,0
13123,0,0,0,0,0,0
13130,0,0,0,0,0,0
13137,0,0,0,1,1,0
13144,0,0,0,0,0,0
13151,0,0,0,0,0,0
13161,0,0,0,0,0,0
13168,0,0,0,0,0,0
13174,0,0,0,0,0,0
13181,0,0,0,0,0,0
13187,0,0,0,0,0,0
13196,0,0,0,0,0,0
13204,0,0,0,0,0,0
13213,0,0,0,0,0,0
13220,0,0,0,0,0,0
13227,0,0,0,0,0,0
13234,0,0,0,0,0,0
13241,0,0,0,0,0,0
13250,0,0,0,0,0,0
13260,0,0,0,0,0,0
13266,0,0,0,0,0,0
13272,0,2,0,0,0,1
13279,0,0,0,0,0,0
13286,0,0,0,0,0,0
13294,0,0,0,0,0,0
13300,0,0,0,0,0,0
13307,0,0,0,0,0,0
13314,0,0,0,0,0,0
13321,0,0,0,0,0,0
13328,0,0,0,0,0,0
13335,0,0,0,0,0,0
13342,0,0,0,0,0,0
13352,0,0,0,0,0,0
13359,0,0,0,0,0,0
13366,0,0,0,0,0,0
13373,0,0,0,0,0,0
13380,0,0,0,1,1,0
13388,0,0,0,0,0,0
13396,0,0,0,0,0,0
13402,0,0,0,0,0,0
13408,0,0,0,0,0,0
13415,0,0,0,0,0,0
13422,0,0,0,0,0,0
13428,0,0,0,0,0,0
13436,0,0,0,0,0,0
13443,8,0,0,0,0,6
13450,0,0,0,0,0,0
13457,0,0,0,0,0,0
13464,0,0,0,0,0,0
13471,0,0,0,0,0,0
13478,0,0,0,0,0,0
13485,0,0,0,0,0,0
13492,0,0,0,0,0,0
13500,0,0,0,0,0,0
13505,0,0,0,0,0,0
13512,0,0,0,0,0,0
13519,0,0,0,0,0,0
13535,0,0,0,0,0,0
13541,0,0,0,0,0,0
13548,0,0,0,0,0,0
13556,0,0,0,0,0,0
13563,0,0,0,0,0,0
13570,0,0,0,0,0,0
13577,0,0,0,0,0,0
13584,0,0,0,0,0,0
13593,0,0,0,0,0,0
13601,0,0,0,0,0,0
13608,0,0,0,0,0,0
13616,0,0,0,0,0,0
13623,0,0,0,1,1,0
13630,0,0,0,0,0,0
13637,0,0,0,0,0,0
13645,0,0,0,0,0,0
13651,0,0,0,0,0,0
13658,0,0,0,0,0,0
13665,0,0,0,0,0,0
13672,0,0,0,0,0,0
13678,0,0,0,0,0,0
13685,0,0,0,0,0,0
13693,0,0,0,0,0,0
13700,0,0,0,0,0,0
13709,0,0,0,0,0,0
13716,0,0,0,0,0,0
13724,0,0,0,0,0,0
13732,0,0,0,0,0,0
13739,0,0,0,0,0,0
13746,0,0,0,0,0,0
13753,0,0,0,0,0,0
13760,0,0,0,0,0,0
13767,0,3,0,0,0,3
13774,0,0,0,0,0,0
13792,0,0,0,0,0,0
13798,0,0,0,0,0,0
13804,0,0,0,0,0,0
13809,0,0,0,0,0,0
13823,0,0,0,0,0,0
13830,0,1,0,0,0,0
13836,0,0,0,0,0,0
13848,0,0,0,0,0,0
13854,0,0,0,0,0,0
13860,0,0,0,0,0,0
13866,0,0,0,0,0,0
13872,0,0,0,0,0,0
13878,0,0,0,0,0,0
13884,0,1,0,0,0,0
13890,0,0,0,0,0,0
13896,0,0,0,0,0,0
13902,0,0,0,0,0,0
13908,0,0,0,0,0,0
13913,0,0,0,0,0,0
13919,0,0,0,0,0,0
13925,0,0,0,0,0,0
13933,0,0,0,0,0,0
13940,0,0,0,0,0,0
13946,0,0,0,0,0,0
13952,0,0,0,0,0,0
13958,0,0,0,0,0,0
13964,0,0,0,0,0,0
13968,0,0,0,0,0,0
13974,0,0,0,0,0,0
13981,0,0,0,0,0,0
13988,0,0,0,0,0,0
13994,0,0,0,0,0,0
13998,0,0,0,0,0,0
14004,0,0,0,0,0,0
14010,0,0,0,0,0,0
14016,0,0,0,0,0,0
14022,0,0,0,0,0,0
14029,0,0,0,0,0,0
14036,0,0,0,0,0,0
14042,0,0,0,0,0,0
14048,0,0,0,0,0,0
14054,0,0,0,0,0,0
14060,0,0,0,0,0,0
14066,0,0,0,0,0,0
14072,0,0,0,0,0,0
14078,0,0,0,0,0,0
14084,0,0,0,0,0,0
14090,0,0,0,0,0,0
14095,0,0,0,0,0,0
14102,0,0,0,0,0,0
14108,0,0,0,0,0,0
14114,0,0,0,0,0,0
14119,0,0,0,0,0,0
14126,0,0,0,0,0,0
14132,0,0,0,0,0,0
14137,0,0,0,0,0,0
14144,0,0,0,0,0,0
14150,0,0,0,0,0,0
14156,0,0,0,0,0,0
14161,0,0,0,0,0,0
14167,0,0,0,0,0,0
14173,0,0,0,0,0,0
14178,0,0,0,0,0,0
14185,0,0,0,0,0,0
14191,0,0,0,0,0,0
14196,0,0,0,0,0,0
14202,0,0,0,0,0,0
14208,0,0,1,0,0,0
14215,0,0,0,0,0,0
14221,0,0,0,0,0,0
14228,0,0,0,0,0,0
14234,0,0,0,0,0,0
14240,0,0,0,0,0,0
14246,0,0,0,0,0,0
14251,0,0,0,0,0,0
14257,0,0,0,0,0,0
14269,0,0,0,0,0,0
14275,0,0,0,0,0,0
14287,0,0,0,0,0,0
14294,0,0,0,0,0,0
14300,0,0,0,0,0,0
14306,0,0,0,0,0,0
14312,0,0,0,0,0,0
14318,0,0,0,0,0,0
14326,0,0,0,0,0,0
14332,0,0,0,0,0,0
14338,0,0,0,0,0,0
14343,0,0,0,0,0,0
14350,0,0,0,0,0,0
14357,0,0,0,0,0,0
14362,0,0,0,0,0,0
14368,0,0,0,0,0,0
14374,0,0,0,0,0,0
14380,0,0,0,0,0,0
14387,0,0,0,0,0,0
14393,0,0,0,0,0,0
14399,0,0,0,0,0,0
14404,0,0,0,0,0,0
14410,0,0,0,0,0,0
14417,0,0,0,0,0,0
14429,0,0,0,0,0,0
14441,0,0,0,0,0,0
14447,0,0,0,0,0,0
14468,0,0,0,0,0,0
14475,0,0,0,0,0,0
14480,0,0,0,0,0,0
14486,0,0,0,0,0,0
14492,0,0,0,0,0,0
14498,0,0,0,0,0,0
14509,0,0,0,0,0,0
14522,0,0,0,0,0,0
14528,0,0,0,0,0,0
14540,0,0,0,0,0,0
14546,0,0,0,0,0,0
14556,0,0,0,0,0,0
14563,0,0,0,0,0,0
14569,0,0,0,0,0,0
14575,0,0,0,0,0,0
14662,0,0,0,0,0,0
14680,0,0,0,0,0,0
14724,0,0,0,0,0,0
14743,0,0,0,0,0,0
14755,0,0,0,0,0,0
14761,0,0,0,0,0,0
14773,0,0,0,0,0,0
14781,0,0,0,0,0,0
14787,0,0,0,0,0,0
14792,0,0,0,0,0,0
14797,0,0,0,0,0,0
14803,0,0,0,0,0,0
14819,0,0,0,0,0,0
16230,0,0,0,0,0,0
16240,0,0,0,0,0,0
16251,0,0,0,0,0,0
16261,0,0,0,0,0,0
16273,0,0,0,0,0,0
16283,0,0,0,0,0,0
16296,0,0,0,0,0,0
16303,0,0,0,0,0,0
16314,0,0,0,0,0,0
16324,0,0,0,0,0,0
16334,0,0,0,0,0,0
16345,0,0,0,0,0,0
16359,0,0,0,0,0,0
16365,0,0,0,0,0,0
16376,0,0,0,0,0,0
16384,0,0,0,0,0,0
16396,0,0,0,0,0,0
16405,0,0,0,0,0,0
16414,0,0,0,0,0,0
16424,0,0,0,0,0,0
16433,0,0,0,0,0,0
16443,0,0,0,0,0,0
16453,0,0,0,0,0,0
16463,0,0,0,0,0,0
16472,0,0,0,0,0,0
16482,0,0,0,0,0,0
16492,0,0,0,0,0,0
16502,0,0,0,0,0,0
16511,0,0,0,0,0,0
16521,0,0,0,0,0,0
16531,0,0,0,0,0,0
16541,0,0,0,0,0,0
16551,0,0,0,0,0,0
16561,0,0,0,0,0,0
16573,0,0,0,0,0,0
16582,0,0,0,0,0,0
16590,0,0,0,0,0,0
16598,0,0,0,0,0,0
16614,0,0,0,0,0,0
16624,0,0,0,0,0,0
16634,0,0,0,0,0,0
16644,0,0,0,0,0,0
16653,0,0,0,0,0,0
16663,0,0,0,0,0,0
16672,0,0,0,0,0,0
16679,0,0,0,0,0,0
16698,0,0,0,0,0,0
16727,0,0,0,0,0,0
16751,0,0,0,0,0,0
16759,0,0,0,0,0,0
16767,0,0,0,0,0,0
16777,0,0,0,0,0,0
16813,0,0,0,0,0,0
16842,0,0,0,0,0,0
16848,0,0,0,0,0,0
16859,0,0,0,0,0,0
16868,0,0,0,0,0,0
16898,0,0,0,0,0,0
16905,0,0,0,0,0,0
16913,0,0,0,0,0,0
16924,0,0,0,0,0,0
16930,0,0,0,0,0,0
16940,0,0,0,0,0,0
16948,0,0,0,0,0,0
16984,0,0,0,0,0,0
16989,0,0,0,0,0,0
17001,0,0,0,0,0,0
17007,0,0,0,0,0,0
17056,0,0,0,0,0,0
17085,0,0,0,0,0,0
17102,0,0,0,0,0,0
17111,0,0,0,0,0,0
17118,0,0,0,0,0,0
17127,0,0,0,0,0,0
17136,0,0,0,0,0,0
17145,0,0,0,0,0,0
17154,0,0,0,0,0,0
17163,0,0,0,0,0,0
17172,0,0,0,0,0,0
17181,0,0,0,0,0,0
17192,0,0,0,0,0,0
17230,0,0,0,0,0,0
17240,0,0,0,0,0,0
17249,0,0,0,0,0,0
17298,0,0,0,0,0,0
17317,0,0,0,0,0,0
17344,0,0,0,0,0,0
17353,0,0,0,0,0,0
17362,0,0,0,0,0,0
17389,0,0,0,0,0,0
17399,0,0,0,0,0,0
17442,0,0,0,0,0,0
17500,0,0,0,0,0,0
17513,0,0,0,0,0,0
17521,0,0,0,0,0,0
17529,0,0,0,0,0,0
17537,0,0,0,0,0,0
17545,0,0,0,0,0,0
17554,0,0,0,0,0,0
17563,0,0,0,0,0,0
17572,0,0,0,0,0,0
17580,0,0,0,0,0,0
17588,0,0,0,0,0,0
17597,0,0,0,0,0,0
17605,0,0,0,0,0,0
17613,0,0,0,0,0,0
17620,0,0,0,0,0,0
17628,0,0,0,0,0,0
17636,0,0,0,0,0,0
17645,0,0,0,0,0,0
17653,0,0,0,0,0,0
17659,0,0,0,0,0,0
17666,0,0,0,0,0,0
17674,0,0,0,0,0,0
17682,0,0,0,0,0,0
17690,0,0,0,0,0,0
17698,0,0,0,0,0,0
17706,0,0,0,0,0,0
17714,0,0,0,0,0,0
17722,0,0,0,0,0,0
17730,0,0,0,0,0,0
17738,0,0,0,0,0,0
17746,0,0,0,0,0,0
17754,0,0,0,0,0,0
17762,0,0,0,0,0,0
17769,0,0,0,0,0,0
17783,0,0,0,0,0,0
17791,0,0,0,0,0,0
17800,0,0,0,0,0,0
17805,0,0,0,0,0,0
17821,0,0,0,0,0,0
17828,0,0,0,0,0,0
17836,0,0,0,0,0,0
17844,0,0,0,0,0,0
17851,0,0,0,0,0,0
17859,0,0,0,0,0,0
17867,0,0,0,0,0,0
17876,0,0,0,0,0,0
17884,0,0,0,0,0,0
17892,0,0,0,0,0,0
17900,0,0,0,0,0,0
17908,0,0,0,0,0,0
17916,0,0,0,0,0,0
17923,0,0,0,0,0,0
17930,0,0,0,0,0,0
17944,0,0,0,0,0,0
17951,0,0,0,0,0,0
17958,0,0,0,0,0,0
17965,0,0,0,0,0,0
17972,0,0,0,0,0,0
17979,0,0,0,0,0,0
17986,0,0,0,0,0,0
17993,0,0,0,0,0,0
17999,0,0,0,0,0,0
18006,0,0,0,0,0,0
18013,0,0,0,0,0,0
18024,0,0,0,0,0,0
18031,0,0,0,0,0,0
18038,0,0,0,0,0,0
18044,0,0,0,0,0,0
18053,0,0,0,0,0,0
18057,0,0,0,0,0,0
18065,0,0,0,0,0,0
18072,0,0,0,0,0,0
18080,0,0,0,0,0,0
18087,0,0,0,0,0,0
18094,0,0,0,0,0,0
18099,0,0,0,0,0,0
18105,0,0,0,0,0,0
18112,0,0,0,0,0,0
18120,0,0,0,0,0,0
18127,0,0,0,0,0,0
18133,0,0,0,0,0,0
18140,0,0,0,0,0,0
18148,0,0,0,0,0,0
18155,0,0,0,0,0,0
18168,0,0,0,0,0,0
18176,0,0,0,0,0,0
18182,0,0,0,0,0,0
18196,0,0,0,0,0,0
18203,0,0,0,0,0,0
18210,0,0,0,0,0,0
18224,0,0,0,0,0,0
18233,0,0,0,0,0,0
18240,0,0,0,0,0,0
18247,0,0,0,0,0,0
18259,0,0,0,0,0,0
18266,0,0,0,0,0,0
18277,0,0,0,0,0,0
18285,0,0,0,0,0,0
18296,0,0,0,0,0,0
18303,0,0,0,0,0,0
18309,0,0,0,0,0,0
18316,0,0,0,0,0,0
18323,0,0,0,0,0,0
18330,0,0,0,0,0,0
18336,0,0,0,0,0,0
18341,0,0,0,0,0,0
18348,0,0,0,0,0,0
18354,0,0,0,0,0,0
18360,0,0,0,0,0,0
18367,0,0,0,0,0,0
18374,0,0,0,0,0,0
18382,0,0,0,0,0,0
18389,0,0,0,0,0,0
18398,0,0,0,0,0,0
18406,0,0,0,0,0,0
18413,0,0,0,0,0,0
18420,0,0,0,0,0,0
18427,0,0,0,0,0,0
18432,0,0,0,0,0,0
18439,0,0,0,0,0,0
18446,0,0,0,0,0,0
18453,0,0,0,0,0,0
18460,0,0,0,0,0,0
18466,0,0,0,0,0,0
18474,0,0,0,0,0,0
18480,0,0,0,0,0,0
18494,0,0,0,0,0,0
18502,0,0,0,0,0,0
18508,0,0,0,0,0,0
18520,0,0,0,0,0,0
18527,0,0,0,0,0,0
18537,0,0,0,0,0,0
18540,0,0,0,0,0,0
18559,0,0,0,0,0,0
18565,0,0,0,0,0,0
18571,0,0,0,0,0,0
18577,0,0,0,0,0,0
18583,0,0,0,0,0,0
18589,0,0,0,0,0,0
18595,0,0,0,0,0,0
18601,0,0,0,0,0,0
18607,0,0,0,0,0,0
18612,0,0,0,0,0,0
18618,0,0,0,0,0,0
18624,0,0,0,0,0,0
18628,0,0,0,0,0,0
18634,0,0,0,0,0,0
18640,0,0,0,0,0,0
18646,0,0,0,0,0,0
18652,0,0,0,0,0,0
18658,0,0,0,0,0,0
18663,0,0,0,0,0,0
18669,0,0,0,0,0,0
18673,0,0,0,0,0,0
18679,0,0,0,0,0,0
18685,0,0,0,0,0,0
18692,0,0,0,0,0,0
18698,0,0,0,0,0,0
18704,0,0,0,0,0,0
18710,0,0,0,0,0,0
18724,0,0,0,0,0,0
18737,0,0,0,0,0,0
18743,0,0,0,0,0,0
18751,0,0,0,0,0,0
18757,0,0,0,0,0,0
18765,0,0,0,0,0,0
18771,0,0,0,0,0,0
18780,0,0,0,0,0,0
18791,0,0,0,0,0,0
18810,0,0,0,0,0,0
18816,0,0,0,0,0,0
18822,0,0,0,0,0,0
18827,0,0,0,0,0,0
18833,0,0,0,0,0,0
18846,0,0,0,0,0,0
18853,0,0,0,0,0,0
18859,0,0,0,0,0,0
18864,0,0,0,0,0,0
18870,0,0,0,0,0,0
18876,0,0,0,0,0,0
18882,0,0,0,0,0,0
18894,0,0,0,0,0,0
18904,0,0,0,0,0,0
18909,0,0,0,0,0,0
18914,0,0,0,0,0,0
18919,0,0,0,0,0,0
18924,0,0,0,0,0,0
18929,0,0,0,0,0,0
18934,0,0,0,0,0,0
18939,0,0,0,0,0,0
18946,0,0,0,0,0,0
18950,0,0,0,0,0,0
18960,0,0,0,0,0,0
18969,0,0,0,0,0,0
18980,0,0,0,0,0,0
18985,0,0,0,0,0,0
18989,0,0,0,0,0,0
18995,0,0,0,0,0,0
19005,0,0,0,0,0,0
19007,0,0,0,0,0,0
19014,0,0,0,0,0,0
19023,0,0,0,0,0,0
19032,0,0,0,0,0,0
19035,0,0,0,0,0,0
19041,0,0,0,0,0,0
19047,0,0,0,0,0,0
19050,0,0,0,0,0,0
19055,0,0,0,0,0,0
19061,0,0,0,0,0,0
19066,0,0,0,0,0,0
19071,0,0,0,0,0,0
19076,0,0,0,0,0,0
19081,0,0,0,0,0,0
19086,0,0,0,0,0,0
19091,0,0,0,0,0,0
19098,0,0,0,0,0,0
19105,0,0,0,0,0,0
19109,0,0,0,0,0,0
19116,0,0,0,0,0,0
19122,0,0,0,0,0,0
19127,0,0,0,0,0,0
19133,0,0,0,0,0,0
19138,0,0,0,0,0,0
19141,0,0,0,0,0,0
19146,0,0,0,0,0,0
19151,0,0,0,0,0,0
19156,0,0,0,0,0,0
19161,0,0,0,0,0,0
19166,0,0,0,0,0,0
19171,0,0,0,0,0,0
19176,0,0,0,0,0,0
19181,0,0,0,0,0,0
19189,0,0,0,0,0,0
19194,0,0,0,0,0,0
19209,0,0,0,0,0,0
19227,0,0,0,0,0,0
19240,0,0,0,0,0,0
19248,0,0,0,0,0,0
19256,0,0,0,0,0,0
19264,0,0,0,0,0,0
19268,0,0,0,0,0,0
19272,0,0,0,0,0,0
19275,0,0,0,0,0,0
19277,0,0,0,0,0,0
19289,0,0,0,0,0,0
19298,0,0,0,0,0,0
19301,0,0,0,0,0,0
19307,0,0,0,0,0,0
19310,0,0,0,0,0,0
19316,0,0,0,0,0,0
19320,0,0,0,0,0,0
19323,0,0,0,0,0,0
19326,0,0,0,0,0,0
19328,0,0,0,0,0,0
19331,0,0,0,0,0,0
19334,0,0,0,0,0,0
19338,0,0,0,0,0,0
19343,0,0,0,0,0,0
19348,0,0,0,0,0,0
19351,0,0,0,0,0,0
19354,0,0,0,0,0,0
19357,0,0,0,0,0,0
19360,0,0,0,0,0,0
19368,0,0,0,0,0,0
19371,0,0,0,0,0,0
19379,0,0,0,0,0,0
19387,0,0,0,0,0,0
19390,0,0,0,0,0,0
19396,0,0,0,0,0,0
19399,0,0,0,0,0,0
19404,0,0,0,0,0,0
19407,0,0,0,0,0,0
19410,0,0,0,0,0,0
19413,0,0,0,0,0,0
19416,0,0,0,0,0,0
19422,0,0,0,0,0,0
19425,0,0,0,0,0,0
19428,0,0,0,0,0,0
19432,0,0,0,0,0,0
19435,0,0,0,0,0,0
19438,0,0,0,0,0,0
19461,0,0,0,0,0,0
19464,0,0,0,0,0,0
19470,0,0,0,0,0,0
19472,0,0,0,0,0,0
19478,0,0,0,0,0,0
19489,0,0,0,0,0,0
19491,0,0,0,0,0,0
19497,0,0,0,0,0,0
19499,0,0,0,0,0,0
19505,0,0,0,0,0,0
19516,0,0,0,0,0,0
19519,0,0,0,0,0,0
19522,0,0,0,0,0,0
19530,0,0,0,0,0,0
19533,0,0,0,0,0,0
19539,0,0,0,0,0,0
19542,0,0,0,0,0,0
19549,0,0,0,0,0,0
19551,0,0,0,0,0,0
19558,0,0,0,0,0,0
19561,0,0,0,0,0,0
19567,0,0,0,0,0,0
19570,0,0,0,0,0,0
19576,0,0,0,0,0,0
19580,0,0,0,0,0,0
19586,0,0,0,0,0,0
19589,0,0,0,0,0,0
19595,0,0,0,0,0,0
19598,0,0,0,0,0,0
19622,0,0,0,0,0,0
19625,0,0,0,0,0,0
19631,0,0,0,0,0,0
19634,0,0,0,0,0,0
19640,0,0,0,0,0,0
19643,0,0,0,0,0,0
19647,0,0,0,0,0,0
19650,0,0,0,0,0,0
19656,0,0,0,0,0,0
19659,0,0,0,0,0,0
19665,0,0,0,0,0,0
19668,0,0,0,0,0,0
19674,0,0,0,0,0,0
19677,0,0,0,0,0,0
19683,0,0,0,0,0,0
19686,0,0,0,0,0,0
19689,0,0,0,0,0,0
19692,0,0,0,0,0,0
19695,0,0,0,0,0,0
19698,0,0,0,1,0,0
19701,0,0,0,0,0,0
19704,0,0,0,0,0,0
19707,0,5,0,1,1,3
19710,0,0,0,0,0,0
19713,0,0,0,0,0,0
19715,0,0,0,0,0,0
19718,0,0,0,0,0,0
19721,0,0,0,0,0,0
19725,0,4,0,0,0,3
19728,0,0,0,0,0,0
19731,0,0,0,0,0,0
19734,1,7,0,0,0,7
19737,0,0,0,0,0,0
19741,0,0,0,0,0,0
19743,1,7,0,0,0,7
19746,0,0,0,0,0,0
19750,0,0,0,0,0,0
19752,4,5,0,0,0,8
19755,0,0,0,0,0,0
19759,0,0,0,0,0,0
19762,0,1,0,0,0,1
19765,0,0,0,0,0,0
19768,0,0,0,0,0,0
19771,0,0,0,0,0,0
19774,0,0,0,0,0,0
19777,0,0,0,0,0,0
19779,0,0,0,0,0,0
19782,0,0,0,0,0,0
19785,0,0,0,0,0,0
19788,0,0,0,0,0,0
19791,0,0,0,0,0,0
19795,0,0,0,0,0,0
19798,0,0,0,0,0,0
19800,0,0,0,0,0,0
19803,0,0,0,0,0,0
19806,0,1,1,0,0,0
19809,0,0,0,0,0,0
19812,0,0,0,0,0,0
19815,0,2,0,0,0,0
19818,0,0,0,0,0,0
19821,0,0,0,0,0,0
19824,0,2,0,0,0,0
19827,0,0,0,0,0,0
19830,0,0,0,0,0,0
19833,0,1,0,0,0,0
19836,0,0,0,0,0,0
19839,0,0,0,0,0,0
19842,0,3,0,0,0,0
19845,0,0,0,0,0,0
19848,0,0,0,0,0,0
19851,0,0,0,0,0,0
19854,0,0,0,0,0,0
19857,0,0,0,0,0,0
19860,0,0,0,0,0,0
19863,0,0,0,0,0,0
19866,0,0,0,0,0,0
19869,0,0,0,0,0,0
19872,0,0,0,0,0,0
19875,0,0,0,0,0,0
19879,0,0,0,0,0,0
19881,0,0,0,0,0,0
19884,0,0,0,0,0,0
19887,0,0,1,0,0,0
19890,0,0,0,0,0,0
19893,0,0,0,0,0,0
19896,0,0,2,0,0,0
19899,0,0,0,0,0,0
19903,0,0,0,0,0,0
19906,0,0,0,0,0,0
19909,0,0,0,0,0,0
19912,0,0,0,0,0,0
19914,0,1,1,0,0,0
19917,0,0,0,0,0,0
19920,0,0,0,0,0,0
19923,0,1,2,0,0,0
19926,0,0,0,0,0,0
19929,0,0,0,2,1,0
19932,0,0,0,0,0,0
19935,0,0,0,0,0,0
19938,0,0,0,0,0,0
19941,0,0,0,2,2,0
19944,0,0,0,0,0,0
19947,0,0,0,1,1,0
19950,1,6,0,1,1,6
19953,0,0,0,0,0,0
19956,0,0,0,0,0,0
19959,0,5,0,0,0,3
19963,0,0,0,0,0,0
19965,0,0,0,0,0,0
19969,0,0,0,0,0,0
19971,0,0,0,0,0,0
19975,0,0,0,0,0,0
19978,0,0,0,0,0,0
19981,0,0,0,0,0,0
19983,1,0,0,0,0,0
19986,4,6,0,0,0,8
19989,0,0,0,0,0,0
19993,0,0,0,0,0,0
19996,1,4,0,0,0,4
19997,0,0,0,0,0,0
20000,0,0,0,0,0,0
20004,8,1,0,0,0,7
20007,0,0,0,0,0,0
20010,0,0,0,0,0,0
20013,0,0,0,0,0,0
20016,0,0,0,0,0,0
20020,0,0,0,0,0,0
20023,0,0,0,0,0,0
20026,0,0,0,0,0,0
20029,0,0,0,0,0,0
20032,0,0,0,0,0,0
20035,0,0,0,0,0,0
20038,0,0,0,0,0,0
20041,0,0,0,0,0,0
20044,0,0,0,0,0,0
20047,0,0,0,0,0,0
20050,0,0,0,0,0,0
20053,0,0,0,0,0,0
20056,0,0,0,0,0,0
20059,0,0,0,0,0,0
20062,0,0,0,0,0,0
20065,0,0,0,0,0,0
20068,0,0,0,0,0,0
20071,0,0,0,0,0,0
20074,0,0,0,0,0,0
20077,0,0,0,0,0,0
20080,0,0,0,0,0,0
20083,0,0,0,0,0,0
20086,0,0,0,0,0,0
20089,0,0,0,0,0,0
20092,0,0,0,0,0,0
20098,0,0,0,0,0,0
20101,0,0,0,0,0,0
20107,0,0,0,0,0,0
20110,0,0,0,0,0,0
20113,0,0,0,0,0,0
20116,0,0,0,0,0,0
20119,0,0,0,0,0,0
20125,0,0,0,0,0,0
20128,0,0,0,0,0,0
20132,0,0,0,0,0,0
20135,0,0,0,0,0,0
20142,0,0,0,0,0,0
20143,0,0,0,0,0,0
20146,0,0,0,0,0,0
20149,0,0,0,0,0,0
20152,0,0,0,0,0,0
20155,0,0,0,0,0,0
20158,0,0,0,0,0,0
20161,0,0,0,0,0,0
20164,0,0,0,0,0,0
20167,0,0,0,0,0,0
20170,0,0,0,1,1,0
20173,0,0,0,3,2,0
20176,0,0,0,0,1,0
20179,0,0,0,1,1,0
20182,0,0,0,1,1,0
20185,0,0,0,2,2,0
20188,0,0,0,1,1,0
20191,0,0,0,1,1,0
20194,0,0,0,2,1,0
20197,0,0,0,0,0,0
20200,0,0,0,0,0,0
20203,0,0,0,0,0,0
20206,0,0,0,0,0,0
20208,0,0,0,0,0,0
20211,1,7,0,0,0,7
20214,0,0,0,0,0,0
20218,0,0,0,0,0,0
20221,0,0,0,0,0,0
20224,0,0,0,0,0,0
20226,0,0,0,0,0,0
20228,0,0,0,0,0,0
20231,0,0,0,0,0,0
20234,0,0,0,0,0,0
20237,0,0,0,0,0,0
20240,0,0,0,0,0,0
20243,0,0,0,0,0,0
20247,8,0,0,0,0,6
20250,0,0,0,0,0,0
20253,0,0,0,0,0,0
20259,0,0,0,0,0,0
20262,0,0,0,0,0,0
20268,0,0,0,0,0,0
20271,0,0,0,0,0,0
20274,0,0,0,0,0,0
20277,0,0,0,0,0,0
20280,0,0,0,0,0,0
20286,0,0,0,0,0,0
20289,0,0,0,0,0,0
20296,0,0,0,0,0,0
20299,0,0,0,0,0,0
20302,0,0,0,0,0,0
20305,0,0,0,0,0,0
20308,0,0,0,0,0,0
20311,0,0,0,0,0,0
20313,0,0,0,0,0,0
20316,0,0,0,0,0,0
20319,0,2,0,0,0,0
20322,0,0,0,0,0,0
20325,0,0,0,0,0,0
20328,0,3,0,0,0,1
20334,0,0,0,0,0,0
20342,0,0,0,0,0,0
20345,0,0,0,0,0,0
20351,0,0,0,0,0,0
20354,0,0,0,0,0,0
20360,0,0,0,0,0,0
20363,0,0,0,0,0,0
20368,0,0,0,0,0,0
20370,0,0,0,0,0,0
20376,0,0,0,0,0,0
20378,0,0,0,0,0,0
20386,0,0,0,0,0,0
20388,0,0,0,0,0,0
20394,0,0,0,0,0,0
20397,0,0,0,0,0,0
20403,0,0,0,0,0,0
20406,0,0,0,0,0,0
20412,0,0,0,0,0,0
20415,0,0,0,0,0,0
20418,0,0,0,0,0,0
20423,0,0,0,0,0,0
20424,0,0,0,0,0,0
20427,0,0,0,0,0,0
20430,0,0,0,0,0,0
20435,0,0,0,0,0,0
20438,0,0,0,0,0,0
20439,0,0,0,0,0,0
20442,0,0,0,0,0,0
20445,0,0,2,0,0,0
20449,0,0,0,0,0,0
20453,0,0,0,0,0,0
20456,0,0,0,0,0,0
20459,0,0,0,0,0,0
20462,0,0,0,0,0,0
20465,0,0,0,0,0,0
20468,0,0,0,0,0,0
20471,0,0,0,0,0,0
20474,0,0,0,0,0,0
20477,0,0,0,0,0,0
20480,0,0,0,0,0,0
20483,0,0,0,0,0,0
20485,0,0,0,0,0,0
20488,0,0,0,0,0,0
20491,0,0,0,0,0,0
20493,0,0,0,0,0,0
20496,0,0,0,0,0,0
20499,0,0,0,0,0,0
20503,0,0,0,0,0,0
20506,0,0,0,0,0,0
20509,0,0,0,0,0,0
20512,0,0,0,0,0,0
20515,0,0,0,0,0,0
20518,0,0,0,0,0,0
20521,0,0,0,0,0,0
20524,0,0,0,0,0,0
20527,0,0,0,0,0,0
20530,0,0,0,0,0,0
20533,0,0,0,0,0,0
20536,0,0,0,0,0,0
20539,0,0,0,0,0,0
20542,0,0,0,0,0,0
20545,0,0,0,0,0,0
20548,0,0,0,0,0,0
20551,0,0,0,0,0,0
20554,0,0,0,0,0,0
20558,0,0,0,0,0,0
20561,0,0,0,0,0,0
20564,0,0,0,0,0,0
20566,0,0,0,0,0,0
20569,0,0,0,0,0,0
20572,0,0,0,0,0,0
20575,0,0,0,0,0,0
20578,0,0,0,0,0,0
20581,0,0,0,0,0,0
20584,0,0,0,0,0,0
20587,0,0,0,0,0,0
20590,0,0,0,0,0,0
20593,0,0,0,0,0,0
20596,0,0,0,0,0,0
20599,0,0,0,0,0,0
20602,0,0,0,0,0,0
20605,0,0,0,0,0,0
20608,0,0,0,0,0,0
20611,0,0,0,0,0,0
20614,0,0,0,0,0,0
20617,0,0,0,0,0,0
20620,0,0,0,0,0,0
20623,0,0,0,0,0,0
20626,0,0,0,0,0,0
20629,0,0,0,0,0,0
20632,0,0,0,0,0,0
20635,0,0,0,0,0,0
20639,0,0,0,0,0,0
20642,0,0,0,0,0,0
20645,0,0,0,0,0,0
20648,0,0,0,0,0,0
20651,0,0,0,0,0,0
20653,0,0,0,0,0,0
20656,0,0,0,0,0,0
20658,0,0,0,0,0,0
20661,0,0,1,0,0,0
20666,0,0,0,0,0,0
20669,0,0,0,0,0,0
20671,0,0,0,0,0,0
20675,0,0,0,0,0,0
20676,0,0,0,0,0,0
20679,0,0,0,0,0,0
20684,0,0,0,0,0,0
20687,0,0,0,0,0,0
20690,0,0,0,0,0,0
20691,0,0,0,0,0,0
20694,0,0,0,0,0,0
20697,0,1,2,0,0,0
20701,0,0,0,0,0,0
20704,0,0,0,0,0,0
20707,0,0,0,0,0,0
20711,0,0,0,0,0,0
20714,0,0,0,0,0,0
20717,0,0,0,0,0,0
20720,0,0,0,0,0,0
20722,0,0,0,0,0,0
20725,0,0,1,0,0,0
20728,0,0,0,0,0,0
20731,0,0,0,0,0,0
20734,0,0,0,0,0,0
20738,0,0,0,0,0,0
20741,0,0,0,0,0,0
20746,0,0,0,0,0,0
20749,0,0,0,0,0,0
20755,0,0,0,0,0,0
20758,0,0,0,0,0,0
20761,0,0,0,0,0,0
20764,0,0,0,0,0,0
20767,0,0,0,0,0,0
20771,0,0,0,0,0,0
20774,0,0,0,0,0,0
20777,0,0,0,0,0,0
20783,0,0,0,0,0,0
20786,0,0,0,0,0,0
20789,0,0,0,0,0,0
20791,0,0,0,0,0,0
20795,0,0,0,0,0,0
20798,0,0,0,0,0,0
20800,0,0,0,0,0,0
20803,0,0,0,0,0,0
20806,0,0,2,0,0,0
20809,0,0,0,0,0,0
20813,0,0,0,0,0,0
20816,0,0,0,0,0,0
20817,0,0,0,0,0,0
20820,0,0,0,0,0,0
20826,0,0,0,0,0,0
20829,0,0,0,0,0,0
20835,0,0,0,0,0,0
20839,0,0,0,0,0,0
20845,0,0,0,0,0,0
20848,0,0,0,0,0,0
20854,0,0,0,0,0,0
20857,0,0,0,0,0,0
20863,0,0,0,0,0,0
20866,0,0,0,0,0,0
20874,0,0,0,0,0,0
20880,0,0,0,0,0,0
20883,0,0,0,0,0,0
20889,0,0,0,0,0,0
20892,0,0,0,0,0,0
20897,0,0,0,0,0,0
20900,0,0,0,0,0,0
20903,0,0,0,0,0,0
20908,0,0,0,0,0,0
20911,0,0,0,0,0,0
20915,0,0,0,0,0,0
20916,0,0,0,0,0,0
20921,0,0,0,0,0,0
20924,0,0,0,0,0,0
20927,0,0,0,0,0,0
20928,0,0,0,0,0,0
20933,0,0,0,0,0,0
20934,0,0,0,0,0,0
20937,0,0,0,0,0,0
20940,0,1,1,0,0,0
20945,0,0,0,0,0,0
20948,0,0,0,0,0,0
20951,0,0,0,0,0,0
20953,0,0,0,0,0,0
20957,0,0,0,0,0,0
20960,0,0,0,0,0,0
20963,0,0,0,0,0,0
20966,0,0,0,0,0,0
20969,0,0,0,0,0,0
20971,0,0,0,0,0,0
20975,0,0,0,0,0,0
20978,0,0,0,0,0,0
20979,0,0,0,0,0,0
20982,0,0,0,0,0,0
20989,0,0,0,0,0,0
20992,0,0,0,0,0,0
20998,0,0,0,0,0,0
21001,0,0,0,0,0,0
21007,0,0,0,0,0,0
21010,0,0,0,0,0,0
21016,0,0,0,0,0,0
21019,0,0,0,0,0,0
21025,0,0,0,0,0,0
21028,0,0,0,0,0,0
21034,0,0,0,0,0,0
21037,0,0,0,0,0,0
21044,0,0,0,0,0,0
21047,0,0,0,0,0,0
21050,0,0,0,0,0,0
21052,0,0,0,0,0,0
21055,0,0,0,0,0,0
21058,0,0,0,0,0,0
21061,0,0,0,0,0,0
21071,0,0,0,0,0,0
21079,0,0,0,0,0,0
21082,0,0,0,0,0,0
21088,0,0,0,0,0,0
21091,0,0,0,0,0,0
21097,0,0,0,0,0,0
21100,0,0,0,0,0,0
21106,0,0,0,0,0,0
21109,0,0,0,0,0,0
21115,0,0,0,0,0,0
21118,0,0,0,0,0,0
21123,0,0,0,0,0,0
21126,0,0,0,0,0,0
21133,0,0,0,0,0,0
21136,0,0,0,0,0,0
21140,0,0,0,0,0,0
21170,0,0,0,0,0,0
21195,0,0,0,0,0,0
21198,0,0,0,0,0,0
21204,0,0,0,0,0,0
21207,0,0,0,0,0,0
21213,0,0,0,0,0,0
21222,0,0,0,0,0,0
21225,0,0,0,0,0,0
21231,0,0,0,0,0,0
21234,0,0,0,0,0,0
21240,0,0,0,0,0,0
21249,0,0,0,0,0,0
21252,0,0,0,0,0,0
21258,0,0,0,0,0,0
21261,0,0,0,0,0,0
21267,0,0,0,0,0,0
21277,0,0,0,0,0,0
21280,0,0,0,0,0,0
21286,0,0,0,0,0,0
21289,0,0,0,0,0,0
21295,0,0,0,0,0,0
21298,0,0,0,0,0,0
21304,0,0,0,0,0,0
21313,0,0,0,0,0,0
21316,0,0,0,0,0,0
21323,0,0,0,0,0,0
21326,0,0,0,0,0,0
21331,0,0,0,0,0,0
21334,0,0,0,0,0,0
21340,0,0,0,0,0,0
21342,0,0,0,0,0,0
21349,0,0,0,0,0,0
21353,0,0,0,0,0,0
21359,0,0,0,0,0,0
21362,0,0,0,0,0,0
21368,0,0,0,0,0,0
21371,0,0,0,0,0,0
21374,0,0,0,0,0,0
21377,0,0,0,0,0,0
21380,0,0,0,0,0,0
21422,0,0,0,0,0,0
21431,0,0,0,0,0,0
21440,0,0,0,0,0,0
21452,0,0,0,0,0,0
21458,0,0,0,0,0,0
21461,0,0,0,0,0,0
21485,0,0,0,0,0,0
21492,0,0,0,0,0,0
21502,0,0,0,0,0,0
21511,0,0,0,0,0,0
21514,0,0,0,0,0,0
21521,0,0,0,0,0,0
21524,0,0,0,0,0,0
21530,0,0,0,0,0,0
21533,0,0,0,0,0,0
21539,0,0,0,0,0,0
21542,0,0,0,0,0,0
21556,0,0,0,0,0,0
21565,0,0,0,0,0,0
21573,0,0,0,0,0,0
21575,0,0,0,0,0,0
21582,0,0,0,0,0,0
21584,0,0,0,0,0,0
21586,0,0,0,0,0,0
21592,0,0,0,0,0,0
21594,0,0,0,0,0,0
21596,0,0,0,0,0,0
21600,0,0,0,0,0,0
21602,0,0,0,0,0,0
21604,0,0,0,0,0,0
21610,0,0,0,0,0,0
21612,0,0,0,0,0,0
21614,0,0,0,0,0,0
21618,0,0,0,0,0,0
21619,0,0,0,0,0,0
21621,0,0,0,0,0,0
21623,0,0,0,0,0,0
21636,0,0,0,0,0,0
21654,0,0,0,0,0,0
21664,0,0,0,0,0,0
21666,0,0,0,0,0,0
21672,0,0,0,0,0,0
21674,0,0,0,0,0,0
21684,0,0,0,0,0,0
21690,0,0,0,0,0,0
21692,0,0,0,0,0,0
21694,0,0,0,0,0,0
21700,0,0,0,0,0,0
21702,0,0,0,0,0,0
21704,0,0,0,0,0,0
21726,0,0,0,0,0,0
21744,0,0,0,0,0,0
21754,0,0,0,0,0,0
21756,0,0,0,0,0,0
21762,0,0,0,0,0,0
21764,0,0,0,0,0,0
21772,0,0,0,0,0,0
21774,0,0,0,0,0,0
21780,0,0,0,0,0,0
21782,0,0,0,0,0,0
21784,0,0,0,0,0,0
21798,0,0,0,0,0,0
21808,0,0,0,0,0,0
21816,0,0,0,0,0,0
21817,0,0,0,0,0,0
21825,0,0,0,0,0,0
21826,0,0,0,0,0,0
21834,0,0,0,0,0,0
21835,0,0,0,0,0,0
21836,0,0,0,0,0,0
21843,0,0,0,0,0,0
21844,0,0,0,0,0,0
21845,0,0,0,0,0,0
21852,0,0,0,0,0,0
21853,0,0,0,0,0,0
21854,0,0,0,0,0,0
21861,0,0,0,0,0,0
21862,0,0,0,0,0,0
21863,0,0,0,0,0,0
21870,0,0,0,0,0,0
21871,0,0,0,0,0,0
21873,0,0,0,0,0,0
21874,0,0,0,0,0,0
21875,0,0,0,0,0,0
21876,0,0,0,0,0,0
21877,0,0,0,0,0,0
21878,0,0,0,0,0,0
21880,0,0,0,0,0,0
21882,0,0,0,0,0,0
21883,0,0,0,0,0,0
21884,0,0,0,0,0,0
21885,0,0,0,0,0,0
21886,0,0,0,0,0,0
21887,0,0,0,0,0,0
21888,0,0,0,0,0,0
21889,0,0,0,0,0,0
21891,0,0,0,2,0,0
21892,0,0,0,0,0,0
21893,0,0,0,0,0,0
21894,0,0,0,0,0,0
21895,0,0,0,0,0,0
21896,0,0,0,0,0,0
21897,0,0,0,0,0,0
21898,0,0,0,0,0,0
21900,0,0,0,0,0,0
21901,0,0,0,0,0,0
21902,0,0,0,0,0,0
21903,0,0,0,0,0,0
21904,0,0,0,0,0,0
21905,0,0,0,0,0,0
21907,0,0,0,0,0,0
21909,0,0,0,0,0,0
21910,0,0,0,0,0,0
21911,0,0,0,0,0,0
21912,0,0,0,0,0,0
21913,0,0,0,0,0,0
21914,0,0,0,0,0,0
21916,0,0,0,0,0,0
21918,0,0,0,0,0,0
21919,0,0,0,0,0,0
21920,0,0,0,0,0,0
21921,0,0,0,0,0,0
21922,0,0,0,0,0,0
21923,0,0,0,0,0,0
21925,0,0,0,0,0,0
21927,0,0,0,0,0,0
21928,0,0,0,0,0,0
21929,0,0,0,0,0,0
21930,0,0,0,0,0,0
21931,0,0,0,0,0,0
21932,0,0,0,0,0,0
21934,0,0,0,0,0,0
21936,0,0,0,0,0,0
21937,0,0,0,0,0,0
21938,0,0,0,0,0,0
21939,0,0,0,0,0,0
21940,0,0,0,0,0,0
21941,0,0,0,0,0,0
21942,0,0,0,0,0,0
21943,0,0,0,0,0,0
21945,0,0,0,0,0,0
21946,0,0,0,0,0,0
21947,0,0,0,0,0,0
21948,0,0,0,0,0,0
21949,0,0,0,0,0,0
21950,0,0,0,0,0,0
21951,0,0,0,0,0,0
21952,0,0,0,0,0,0
21953,0,0,0,0,0,0
21954,0,0,0,0,0,0
21955,0,0,0,0,0,0
21956,0,0,0,0,0,0
21957,0,0,0,0,0,0
21958,0,0,0,0,0,0
21959,0,0,0,0,0,0
21960,0,0,0,0,0,0
21961,0,0,0,0,0,0
21962,0,0,0,0,0,0
21963,0,0,0,0,0,0
21964,0,0,0,0,0,0
21965,0,0,0,0,0,0
21966,0,0,0,0,0,0
21967,0,0,0,0,0,0
21968,0,0,0,0,0,0
21969,0,0,0,0,0,0
21970,0,0,0,0,0,0
21971,0,0,0,0,0,0
21972,0,0,0,0,0,0
21973,0,0,0,0,0,0
21974,0,0,0,0,0,0
21975,0,0,0,0,0,0
21976,0,0,0,0,0,0
21977,0,0,0,0,0,0
21978,0,0,0,0,0,0
21979,0,0,0,0,0,0
21980,0,0,0,0,0,0
21981,0,0,0,0,0,0
21982,0,0,0,0,0,0
21983,0,0,0,0,0,0
21984,0,0,0,0,0,0
21985,0,0,0,0,0,0
21986,0,0,0,0,0,0
21987,0,0,0,0,0,0
21988,0,0,0,0,0,0
21989,0,0,0,0,0,0
21990,0,0,0,0,0,0
21991,0,0,0,0,0,0
21992,0,0,0,0,0,0
21993,0,0,0,0,0,0
21994,0,0,0,0,0,0
21995,0,0,0,0,0,0
21996,0,0,0,0,0,0
21997,0,0,0,0,0,0
21998,0,0,0,0,0,0
21999,0,0,0,0,0,0
22000,0,0,0,0,0,0
22001,0,0,0,0,0,0
22002,0,0,0,0,0,0
22003,0,0,0,0,0,0
22004,0,0,0,0,0,0
22005,0,0,0,0,0,0
22006,0,0,0,0,0,0
22007,0,0,0,0,0,0
22008,0,0,0,0,0,0
22009,0,0,0,0,0,0
22010,0,0,0,0,0,0
22011,0,0,0,0,0,0
22012,0,0,0,0,0,0
22013,0,0,0,0,0,0
22014,0,0,0,0,0,0
22015,0,0,0,0,0,0
22016,0,0,0,0,0,0
22017,0,0,0,0,0,0
22018,0,0,0,0,0,0
22019,0,0,0,0,0,0
22020,0,0,0,0,0,0
22021,0,0,0,0,0,0
22022,0,0,0,0,0,0
22023,0,0,0,0,0,0
22024,0,0,0,0,0,0
22025,0,0,0,0,0,0
22026,0,0,0,0,0,0
22027,0,0,0,0,0,0
22028,0,0,0,0,0,0
22029,0,0,0,0,0,0
22030,0,0,0,0,0,0
22031,0,0,0,0,0,0
22033,0,0,0,0,0,0
22034,0,0,0,0,0,0
22035,0,0,0,0,0,0
22036,0,0,0,0,0,0
22037,0,0,0,0,0,0
22040,0,0,0,0,0,0
22041,0,0,0,0,0,0
22042,0,0,0,0,0,0
22043,0,0,0,0,0,0
22044,0,0,0,0,0,0
22045,0,0,0,0,0,0
22046,0,0,0,0,0,0
22047,0,0,0,0,0,0
22048,0,0,0,0,0,0
22049,0,0,0,0,0,0
22051,0,0,0,0,0,0
22052,0,0,0,0,0,0
22053,0,0,0,0,0,0
22054,0,0,0,0,0,0
22055,0,0,0,0,0,0
22056,0,0,0,0,0,0
22057,0,0,0,0,0,0
22058,0,0,0,0,0,0
22059,0,0,0,0,0,0
22060,0,0,0,0,0,0
22061,0,0,0,0,0,0
22062,0,0,0,0,0,0
22063,0,0,0,0,0,0
22064,0,0,0,0,0,0
22065,0,0,0,0,0,0
22066,0,0,0,0,0,0
22067,0,0,0,0,0,0
22068,0,0,0,0,0,0
22069,0,0,0,0,0,0
22070,0,0,0,0,0,0
22071,0,0,0,0,0,0
22072,0,0,0,0,0,0
22073,0,0,0,0,0,0
22074,0,0,0,0,0,0
22075,0,0,0,0,0,0
22076,0,0,0,0,0,0
22077,0,0,0,0,0,0
22078,0,0,0,0,0,0
22079,0,0,0,0,0,0
22080,0,0,0,0,0,0
22081,0,0,0,0,0,0
22082,0,0,0,0,0,0
22083,0,0,0,0,0,0
22084,0,0,0,0,0,0
22085,0,0,0,0,0,0
22086,0,0,0,0,0,0
22087,0,0,0,0,0,0
22088,0,0,0,0,0,0
22089,0,0,0,0,0,0
22090,0,0,0,0,0,0
22091,0,0,0,0,0,0
22092,0,0,0,0,0,0
22093,0,0,0,0,0,0
22094,0,0,0,0,0,0
22095,0,0,0,0,0,0
22096,0,0,0,0,0,0
22097,0,0,0,0,0,0
22098,0,0,0,0,0,0
22099,0,0,0,0,0,0
22100,0,0,0,0,0,0
22101,0,0,0,0,0,0
22102,0,0,0,0,0,0
22103,0,0,0,0,0,0
22104,0,0,0,0,0,0
22105,0,0,0,0,0,0
22106,0,0,0,0,0,0
22107,0,0,0,0,0,0
22108,0,0,0,0,0,0
22109,0,0,0,0,0,0
22110,0,0,0,0,0,0
22111,0,0,0,0,0,0
22112,0,0,0,0,0,0
22114,0,0,0,0,0,0
22116,0,0,0,0,0,0
22117,0,0,0,0,0,0
22118,0,0,0,0,0,0
22119,0,0,0,1,1,0
22120,0,0,0,1,1,0
22121,0,0,0,0,0,0
22123,0,0,0,0,0,0
22125,0,0,0,1,1,0
22126,0,0,0,1,0,0
22127,0,0,0,0,0,0
22128,0,0,0,2,0,0
22129,0,0,0,0,0,0
22130,0,0,0,0,0,0
22131,0,0,0,0,0,0
22132,0,0,0,0,0,0
22134,0,0,0,1,1,0
22135,0,0,0,2,1,0
22136,0,0,0,0,0,0
22137,0,0,0,0,0,0
22138,0,0,0,0,0,0
22139,0,0,0,0,0,0
22140,0,0,0,0,0,0
22141,0,0,0,0,0,0
22142,0,0,0,0,0,0
22143,0,0,0,0,0,0
22144,0,0,0,0,0,0
22145,0,0,0,0,0,0
22146,0,0,0,0,0,0
22147,0,0,0,0,0,0
22148,0,0,0,0,0,0
22150,0,0,0,0,0,0
22152,0,0,0,0,0,0
22153,0,0,0,0,0,0
22154,0,0,0,0,0,0
22155,0,0,0,0,0,0
22156,0,0,0,0,0,0
22157,0,0,0,0,0,0
22158,0,0,0,0,0,0
22159,0,0,0,0,0,0
22161,0,0,0,0,0,0
22162,0,0,0,0,0,0
22163,0,0,0,0,0,0
22164,0,0,0,0,0,0
22165,0,0,0,0,0,0
22166,0,0,0,0,0,0
22167,0,0,0,0,0,0
22168,0,0,0,0,0,0
22169,0,0,0,0,0,0
22170,0,0,0,0,0,0
22171,0,0,0,0,0,0
22172,0,0,0,0,0,0
22173,0,0,0,0,0,0
22174,0,0,0,0,0,0
22175,0,0,0,0,0,0
22176,0,0,0,0,0,0
22177,0,0,0,0,0,0
22179,0,0,0,0,0,0
22180,0,0,0,0,0,0
22181,0,0,0,0,0,0
22182,0,0,0,0,0,0
22183,0,0,0,0,0,0
22184,0,0,0,0,0,0
22185,0,0,0,0,0,0
22186,0,0,0,0,0,0
22187,0,0,0,0,0,0
22188,0,0,0,0,0,0
22189,0,0,0,0,0,0
22190,0,0,0,0,0,0
22191,0,0,0,0,0,0
22192,0,0,0,0,0,0
22193,0,0,0,0,0,0
22194,0,0,0,0,0,0
22195,0,0,0,0,0,0
22196,0,0,0,0,0,0
22197,0,0,0,0,0,0
22198,0,0,0,0,0,0
22199,0,0,0,0,0,0
22203,0,0,0,0,0,0
22204,0,0,0,0,0,0
22205,0,0,0,0,0,0
22206,0,0,0,0,0,0
22207,0,0,0,0,0,0
22208,0,0,0,0,0,0
22209,0,0,0,0,0,0
22210,0,0,0,0,0,0
22211,0,0,0,0,0,0
22212,0,0,0,0,0,0
22213,0,0,0,0,0,0
22214,0,0,0,0,0,0
22215,0,0,0,0,0,0
22216,0,0,0,0,0,0
22217,0,0,0,0,0,0
22218,0,0,0,0,0,0
22219,0,0,0,0,0,0
22220,0,0,0,0,0,0
22221,0,0,0,0,0,0
22222,0,0,0,0,0,0
22223,0,0,0,0,0,0
22224,0,0,0,0,0,0
22225,0,0,0,0,0,0
22226,0,0,0,0,0,0
22227,0,0,0,0,0,0
22228,0,0,0,0,0,0
22229,0,0,0,0,0,0
22230,0,0,0,0,0,0
22231,0,0,0,0,0,0
22232,0,0,0,0,0,0
22233,0,0,0,0,0,0
22234,0,0,0,0,0,0
22235,0,0,0,0,0,0
22236,0,0,0,0,0,0
22237,0,0,0,0,0,0
22238,0,0,0,0,0,0
22239,0,0,0,0,0,0
22240,0,0,0,0,0,0
22241,0,0,0,0,0,0
22242,0,0,0,0,0,0
22243,0,0,0,0,0,0
22244,0,0,0,0,0,0
22245,0,0,0,0,0,0
22246,0,0,0,0,0,0
22247,0,0,0,0,0,0
22248,0,0,0,0,0,0
22249,0,0,0,0,0,0
22250,0,0,0,0,0,0
22251,0,0,0,0,0,0
22252,0,0,0,0,0,0
22253,0,0,0,0,0,0
22254,0,0,0,0,0,0
22255,0,0,0,0,0,0
22256,0,0,0,0,0,0
22257,0,0,0,0,0,0
22258,0,0,0,0,0,0
22259,0,0,0,0,0,0
22260,0,0,0,0,0,0
22261,0,0,0,0,0,0
22262,0,0,0,0,0,0
22263,0,0,0,0,0,0
22264,0,0,0,0,0,0
22265,0,0,0,0,0,0
22266,0,0,0,0,0,0
22267,0,0,0,0,0,0
22268,0,0,0,0,0,0
22269,0,0,0,0,0,0
22270,0,0,0,0,0,0
22271,0,0,0,0,0,0
22272,0,0,0,0,0,0
22273,0,0,0,0,0,0
22274,0,0,0,0,0,0
22276,0,0,0,0,0,0
22277,0,0,0,0,0,0
22278,0,0,0,0,0,0
22279,0,0,0,0,0,0
22280,0,0,0,0,0,0
22284,0,8,1,0,1,1
22285,0,0,0,0,0,0
22286,0,0,0,0,0,0
22287,0,0,0,0,0,0
22288,0,0,0,0,0,0
22289,0,0,0,0,0,0
22294,0,0,0,0,0,0
22295,0,0,0,0,0,0
22296,0,0,0,0,0,0
22297,0,0,0,0,0,0
22298,0,0,0,0,0,0
22302,0,0,0,0,0,0
22303,0,0,0,0,0,0
22304,0,0,0,0,0,0
22305,0,0,0,0,0,0
22306,0,0,0,0,0,0
22307,0,0,0,0,0,0
22311,0,0,0,0,0,0
22312,0,0,0,0,0,0
22313,0,0,0,0,0,0
22314,0,0,0,0,0,0
22315,0,0,0,0,0,0
22316,0,0,0,0,0,0
22320,0,0,0,0,0,0
22321,0,0,0,0,0,0
22322,0,0,0,0,0,0
22323,0,0,0,0,0,0
22324,0,0,0,0,0,0
22325,0,0,0,0,0,0
22328,0,0,0,0,0,0
22329,0,0,0,0,0,0
22330,0,0,0,0,0,0
22331,0,0,0,0,0,0
22332,0,0,0,0,0,0
22333,0,0,0,0,0,0
22334,0,0,0,0,0,0
22336,0,0,0,0,0,0
22337,0,0,0,0,0,0
22338,0,0,0,0,0,0
22339,0,0,0,0,0,0
22340,0,0,0,0,0,0
22341,0,0,0,0,0,0
22342,0,0,0,0,0,0
22343,0,0,0,0,0,0
22345,0,0,0,0,0,0
22346,0,0,0,0,0,0
22347,0,0,0,0,0,0
22348,0,0,0,0,0,0
22349,0,0,0,0,0,0
22350,0,0,0,0,0,0
22351,0,0,0,0,0,0
22352,0,0,0,0,0,0
22353,0,0,0,0,0,0
22354,0,0,0,0,0,0
22355,0,0,0,0,0,0
22357,0,0,0,0,0,0
22358,0,0,0,1,0,0
22359,0,0,0,1,1,0
22360,0,0,0,1,1,0
22361,0,0,0,0,0,0
22363,0,0,0,1,1,0
22364,0,0,0,1,1,0
22365,0,0,0,0,0,0
22366,0,0,0,0,0,0
22368,0,0,0,1,1,0
22369,0,0,0,1,1,0
22370,0,0,0,1,1,0
22371,0,0,0,1,0,0
22372,0,0,0,1,0,0
22373,0,0,0,1,0,0
22375,0,0,0,0,1,0
22377,0,0,0,1,1,0
22378,0,0,0,1,1,0
22379,0,0,0,1,1,0
22380,0,0,0,1,1,0
22381,0,0,0,1,0,0
22382,0,0,0,0,0,0
22383,0,0,0,0,0,0
22385,0,0,0,0,0,0
22386,0,0,0,0,0,0
22387,0,0,0,0,0,0
22388,0,0,0,0,0,0
22389,0,0,0,0,0,0
22390,0,0,0,0,0,0
22391,0,0,0,0,0,0
22392,0,0,0,0,0,0
22393,0,0,0,0,0,0
22394,0,0,0,0,0,0
22395,0,0,0,0,0,0
22396,0,0,0,0,0,0
22397,0,0,0,0,0,0
22398,0,0,0,0,0,0
22399,0,0,0,0,0,0
22400,0,0,0,0,0,0
22402,0,0,0,0,0,0
22403,0,0,0,0,0,0
22404,0,0,0,0,0,0
22405,0,0,0,0,0,0
22406,0,0,0,0,0,0
22407,0,0,0,0,0,0
22408,0,0,0,0,0,0
22409,0,0,0,0,0,0
22410,0,0,0,0,0,0
22411,0,0,0,0,0,0
22412,0,0,0,0,0,0
22413,0,0,0,0,0,0
22414,0,0,0,0,0,0
22415,0,0,0,0,0,0
22416,0,0,0,0,0,0
22417,0,0,0,0,0,0
22418,0,0,0,0,0,0
22420,0,0,0,0,0,0
22422,0,0,0,0,0,0
22423,0,0,0,0,0,0
22424,0,0,0,0,0,0
22425,0,0,0,0,0,0
22426,0,0,0,0,0,0
22427,0,0,0,0,0,0
22428,0,0,0,0,0,0
22429,0,0,0,0,0,0
22431,0,0,0,0,0,0
22432,0,0,0,0,0,0
22433,0,0,0,0,0,0
22434,0,0,0,0,0,0
22435,0,0,0,0,0,0
22436,0,0,0,0,0,0
22437,0,0,0,0,0,0
22438,0,0,0,0,0,0
22439,0,0,0,0,0,0
22440,0,0,0,0,0,0
22441,0,0,0,0,0,0
22442,0,0,0,0,0,0
22446,0,0,0,0,0,0
22447,0,0,0,0,0,0
22448,0,0,0,0,0,0
22449,0,0,0,0,0,0
22450,0,0,0,0,0,0
22451,0,0,0,0,0,0
22455,0,0,0,0,0,0
22456,0,0,0,0,0,0
22457,0,0,0,0,0,0
22458,0,0,0,0,0,0
22459,0,0,0,0,0,0
22460,0,0,0,0,0,0
22462,0,0,0,0,0,0
22463,0,0,0,0,0,0
22464,0,0,0,0,0,0
22465,0,0,0,0,0,0
22466,0,0,0,0,0,0
22467,0,0,0,0,0,0
22468,0,0,0,0,0,0
22469,0,0,0,0,0,0
22473,0,0,0,0,0,0
22474,0,0,0,0,0,0
22475,0,0,0,0,0,0
22476,0,0,0,0,0,0
22477,0,0,0,0,0,0
22478,0,0,0,0,0,0
22479,0,0,0,0,0,0
22480,0,0,0,0,0,0
22481,0,0,0,0,0,0
22482,0,0,0,0,0,0
22483,0,0,0,0,0,0
22484,0,0,0,0,0,0
22485,0,0,0,0,0,0
22486,0,0,0,0,0,0
22487,0,0,0,0,0,0
22488,0,0,0,0,0,0
22489,0,0,0,0,0,0
22490,0,0,0,0,0,0
22491,0,0,0,0,0,0
22492,0,0,0,0,0,0
22493,0,0,0,0,0,0
22494,0,0,0,0,0,0
22495,0,0,0,0,0,0
22496,0,0,0,0,0,0
22497,0,0,0,0,0,0
22498,0,0,0,0,0,0
22499,0,0,0,0,0,0
22500,0,0,0,0,0,0
22501,0,0,0,0,0,0
22502,0,0,0,0,0,0
22503,0,0,0,0,0,0
22504,0,0,0,0,0,0
22505,0,0,0,0,0,0
22506,0,0,0,0,0,0
22507,0,0,0,0,0,0
22508,0,0,0,0,0,0
22509,0,0,0,0,0,0
22510,0,0,0,0,0,0
22511,0,0,0,0,0,0
22512,0,0,0,0,0,0
22513,0,0,0,0,0,0
22514,0,0,0,0,0,0
22515,0,0,0,0,0,0
22516,0,0,0,0,0,0
22517,0,0,0,0,0,0
22520,0,0,0,0,0,0
22528,0,0,0,0,0,0
22529,0,0,0,0,0,0
22537,0,0,0,0,0,0
22538,0,0,0,0,0,0
22539,0,0,0,0,0,0
22540,0,0,0,0,0,0
22541,0,0,0,0,0,0
22546,0,0,0,0,0,0
22556,0,0,0,0,0,0
22567,0,0,0,0,0,0
22577,0,0,0,0,0,0
22607,0,0,0,0,0,0
22623,0,0,0,0,0,0
22633,0,0,0,0,0,0
22651,0,0,0,0,0,0
22661,0,0,0,0,0,0
22681,0,0,0,0,0,0
22692,0,0,0,0,0,0
22701,0,0,0,0,0,0
22710,0,0,0,0,0,0
22720,0,0,0,0,0,0
22730,0,0,0,0,0,0
22740,0,0,0,0,0,0
22750,0,0,0,0,0,0
22760,0,0,0,0,0,0
22770,0,0,0,0,0,0
22780,0,0,0,0,0,0
22790,0,0,0,0,0,0
22800,0,0,0,0,0,0
22810,0,0,0,0,0,0
22820,0,0,0,0,0,0
22830,0,0,0,0,0,0
22841,0,0,0,0,0,0
22860,0,0,0,0,0,0
22872,0,0,0,0,0,0
22897,0,0,0,0,0,0
22909,0,0,0,0,0,0
22919,0,0,0,0,0,0
22934,0,0,0,0,0,0
22950,0,0,0,0,0,0
22955,0,0,0,0,0,0
22969,0,0,0,0,0,0
22981,0,0,0,0,0,0
22989,0,0,0,0,0,0
22995,0,0,0,0,0,0
23005,0,0,0,0,0,0
23031,0,0,0,0,0,0
23041,0,0,0,0,0,0
23051,0,0,0,0,0,0
23061,0,0,0,0,0,0
23071,0,0,0,0,0,0
23113,0,0,0,0,0,0
23125,0,0,0,0,0,0
23132,0,0,0,0,0,0
23146,0,0,0,0,0,0
23154,0,0,0,0,0,0
23161,0,0,0,0,0,0
23169,0,0,0,0,0,0
23187,0,0,0,0,0,0
23198,0,0,0,0,0,0
23211,0,0,0,0,0,0
23221,0,0,0,0,0,0
23231,0,0,0,0,0,0
23242,0,0,0,0,0,0
23320,0,0,0,0,0,0
23404,0,0,0,0,0,0
23499,0,0,0,0,0,0
23509,0,0,0,0,0,0
23519,0,0,0,0,0,0
23528,0,0,0,0,0,0
23537,0,0,0,0,0,0
23545,0,0,0,0,0,0
23555,0,0,0,0,0,0
23564,0,0,0,0,0,0
23598,0,0,0,0,0,0
23618,0,0,0,0,0,0
23725,0,0,0,0,0,0
23805,0,0,0,0,0,0
23868,0,0,0,0,0,0
23888,0,0,0,0,0,0
23949,0,0,0,0,0,0
23959,0,0,0,0,0,0
23969,0,0,0,0,0,0
24021,0,0,0,0,0,0
24031,0,0,0,0,0,0
24041,0,0,0,0,0,0
24062,0,0,0,0,0,0
24074,0,0,0,0,0,0
24099,0,0,0,0,0,0
24132,0,0,0,0,0,0
24142,0,0,0,0,0,0
24152,0,0,0,0,0,0
24162,0,0,0,0,0,0
24172,0,0,0,0,0,0
24182,0,0,0,0,0,0
24190,0,0,0,0,0,0
24199,0,0,0,0,0,0
24207,0,0,0,0,0,0
24217,0,0,0,0,0,0
24225,0,0,0,0,0,0
24238,0,0,0,0,0,0
24247,0,0,0,0,0,0
24257,0,0,0,0,0,0
24268,0,0,0,0,0,0
24278,0,0,0,0,0,0
24285,0,0,0,0,0,0
24295,0,0,0,0,0,0
24304,0,0,0,0,0,0
24316,0,0,0,0,0,0
24333,0,0,0,0,0,0
24353,0,0,0,0,0,0
24364,0,0,0,0,0,0
24375,0,0,0,0,0,0
24397,0,0,0,0,0,0
24406,0,0,0,0,0,0
24416,0,0,0,0,0,0
24427,0,0,0,0,0,0
24436,0,0,0,0,0,0
24446,0,0,0,0,0,0
24456,0,0,0,0,0,0
24466,0,0,0,0,0,0
24476,0,0,0,0,0,0
24484,0,0,0,0,0,0
24492,0,0,0,0,0,0
24501,0,0,0,0,0,0
24510,0,0,0,0,0,0
24520,0,0,0,0,0,0
24530,0,0,0,0,0,0
24539,0,0,0,0,0,0
24549,0,0,0,0,0,0
24559,0,0,0,0,0,0
24567,0,0,0,0,1,0
24589,0,0,0,0,0,0
24627,0,0,0,0,0,0
24636,0,0,0,0,0,0
24646,0,0,0,0,0,0
24655,0,0,0,0,0,0
24663,0,0,0,0,0,0
24671,0,0,0,0,0,0
24681,0,0,0,0,0,0
24691,0,0,0,0,0,0
24701,0,0,0,0,0,0
24709,0,0,0,0,0,0
24736,0,0,0,0,0,0
24749,0,0,0,0,0,0
24756,0,0,0,0,0,0
24766,0,0,0,0,0,0
24775,0,0,0,0,0,0
24784,0,0,0,0,0,0
24794,0,0,0,0,0,0
24816,0,0,0,0,0,0
24825,0,0,0,0,0,0
24835,0,0,0,0,0,0
24845,0,0,0,0,0,0
24865,0,0,0,0,0,0
24874,0,0,0,0,0,0
24883,0,0,0,0,0,0
24892,0,0,0,0,0,0
24901,0,0,0,0,0,0
24910,0,0,0,0,0,0
24920,0,0,0,0,0,0
24929,0,0,0,0,0,0
24939,0,0,0,0,0,0
24949,0,0,0,0,0,0
24959,0,0,0,0,0,0
24969,0,0,0,0,0,0
24978,0,0,0,0,0,0
24988,0,0,0,0,0,0
24998,0,0,0,0,0,0
25006,0,0,0,0,0,0
25016,0,0,0,0,0,0
25025,0,0,0,0,0,0
25037,0,0,0,0,0,0
25053,0,0,0,0,0,0
25063,0,0,0,0,0,0
25081,0,0,0,0,0,0
25092,0,0,0,0,0,0
25104,0,0,0,0,0,0
25117,0,0,0,0,0,0
25127,0,0,0,0,0,0
25134,0,0,0,0,0,0
25139,0,0,0,0,0,0
25155,0,0,0,0,0,0
25166,0,0,0,0,0,0
25176,0,0,0,0,0,0
25183,0,0,0,0,0,0
25194,0,0,0,0,0,0
25203,0,0,0,0,0,0
25236,0,0,0,0,0,0
25246,0,0,0,0,0,0
25255,0,0,0,0,0,0
25265,0,0,0,0,0,0
25276,0,0,0,0,0,0
25290,0,0,0,0,0,0
25302,0,0,0,0,0,0
25312,0,0,0,0,0,0
25322,0,0,0,0,0,0
25364,0,0,0,0,0,0
25377,0,0,0,0,0,0
25384,0,0,0,0,0,0
25393,0,0,0,0,0,0
25403,0,0,0,0,0,0
25414,0,0,0,0,0,0
25424,0,0,0,0,0,0
25433,0,0,0,0,0,0
25457,0,0,0,0,0,0
25470,0,0,0,0,0,0
25480,0,0,0,0,0,0
25490,0,0,0,0,0,0
25500,0,0,0,0,0,0
25510,0,0,0,0,0,0
25528,0,0,0,0,0,0
25541,0,0,0,0,0,0
25565,0,0,0,0,0,0
25583,0,0,0,0,0,0
25607,0,0,0,0,0,0
25618,0,0,0,0,0,0
25626,0,0,0,0,0,0
25635,0,0,0,0,0,0
25642,0,0,0,0,0,0
25655,0,0,0,0,0,0
25663,0,0,0,0,0,0
25670,0,0,0,0,0,0
25686,0,0,0,0,0,0
25696,0,0,0,0,0,0
25706,0,0,0,0,0,0
25716,0,0,0,0,0,0
25726,0,0,0,0,0,0
25736,0,0,0,0,0,0
25745,0,0,0,0,0,0
25751,0,0,0,0,0,0
25781,0,0,0,0,0,0
25800,0,0,0,0,0,0
25826,0,0,0,0,0,0
25839,0,0,0,0,0,0
25859,0,0,0,0,0,0
25875,0,0,0,0,0,0
25885,0,0,0,0,0,0
25898,0,0,0,0,0,0
25907,0,0,0,0,0,0
25917,0,0,0,0,0,0
25942,0,0,0,0,0,0
25952,0,0,0,0,0,0
25965,0,0,0,0,0,0
25975,0,0,0,0,0,0
25985,0,0,0,0,0,0
25995,0,0,0,0,0,0
26038,0,0,0,0,0,0
26048,0,0,0,0,0,0
26065,0,0,0,0,0,0
26100,0,0,0,0,0,0
26110,0,0,0,0,0,0
26127,0,0,0,0,0,0
26137,0,0,0,0,0,0
26146,0,0,0,0,0,0
26166,0,0,0,0,0,0
26181,0,0,0,0,0,0
26191,0,0,0,0,0,0
26201,0,0,0,0,0,0
26227,0,0,0,0,0,0
26237,0,0,0,0,0,0
26247,0,0,0,0,0,0
26256,0,0,0,0,0,0
26274,0,0,0,0,0,0
26283,0,0,0,0,0,0
26292,0,0,0,0,0,0
26302,0,0,0,0,0,0
26311,0,0,0,0,0,0
26320,0,0,0,0,0,0
26330,0,0,0,0,0,0
26340,0,0,0,0,0,0
26350,0,0,0,0,0,0
26360,0,0,0,0,0,0
26370,0,0,0,0,0,0
26380,0,0,0,0,0,0
26386,0,0,0,0,0,0
26396,0,0,0,0,0,0
26406,0,0,0,0,0,0
26416,0,0,0,0,0,0
26425,0,0,0,0,0,0
26434,0,0,0,0,0,0
26446,0,0,0,0,0,0
26456,0,0,0,0,0,0
26466,0,1,1,0,0,0
26476,0,0,0,0,0,0
26488,0,0,0,0,0,0
26498,0,0,0,0,0,0
26511,1,6,0,2,2,5
26518,0,0,0,0,0,0
26527,0,0,0,0,0,0
26536,0,0,0,0,0,0
26546,0,0,0,0,0,0
26557,0,1,0,0,0,1
26565,9,0,0,0,0,5
26577,0,0,0,0,0,0
26587,0,0,0,0,0,0
26597,0,0,0,0,0,0
26609,0,0,0,0,0,0
26619,0,1,0,0,0,0
26629,0,0,0,0,0,0
26639,0,0,0,0,0,0
26648,0,0,0,0,0,0
26668,0,0,0,0,0,0
26678,0,0,0,0,0,0
26690,0,0,0,0,0,0
26700,0,0,0,0,0,0
26710,0,0,0,0,0,0
26720,0,0,0,0,0,0
26733,0,0,0,2,1,0
26740,0,0,0,0,1,0
26751,0,0,0,2,2,0
26760,0,0,0,0,0,0
26769,0,0,0,0,0,0
26778,0,0,0,0,0,0
26788,0,0,0,0,0,0
26798,0,0,0,0,0,0
26808,7,0,0,0,0,3
26820,0,0,0,0,0,0
26830,0,0,0,0,0,0
26840,0,0,0,0,0,0
26850,0,0,0,0,0,0
26860,0,0,0,0,0,0
26870,0,0,0,0,0,0
26880,0,2,0,0,0,1
26890,0,0,0,0,0,0
26918,0,0,0,0,0,0
26926,0,0,0,0,0,0
26944,0,0,0,0,0,0
26951,0,0,0,0,0,0
26959,0,0,0,0,0,0
26967,0,0,0,0,0,0
26974,0,0,0,0,0,0
26983,0,0,0,0,0,0
26990,0,0,0,0,0,0
26998,0,0,0,0,0,0
27006,0,1,1,0,0,0
27014,0,0,0,0,0,0
27019,0,0,0,0,0,0
27028,0,0,0,0,0,0
27040,0,0,0,0,0,0
27046,0,0,0,0,0,0
27057,0,0,0,0,0,0
27063,0,0,0,0,0,0
27070,0,0,0,0,0,0
27078,0,0,0,0,0,0
27087,0,0,0,0,0,0
27094,0,0,0,0,0,0
27102,0,0,0,0,0,0
27110,0,0,0,0,0,0
27119,0,0,0,0,0,0
27128,0,0,0,0,0,0
27136,0,0,0,0,0,0
27143,0,0,0,0,0,0
27151,0,0,0,0,0,0
27159,0,0,0,0,0,0
27167,0,0,0,0,0,0
27174,0,0,0,0,0,0
27181,0,0,0,0,0,0
27188,0,0,0,0,0,0
27199,0,0,0,0,0,0
27204,0,0,1,0,0,0
27212,0,0,0,0,0,0
27219,0,0,0,0,0,0
27227,0,0,0,0,0,0
27234,0,0,0,0,0,0
27242,0,0,0,0,0,0
27250,0,0,0,0,0,0
27258,0,1,0,0,0,0
27268,0,0,0,0,0,0
27275,0,0,0,0,0,0
27283,0,0,0,0,0,0
27288,0,0,0,0,0,0
27298,0,0,0,0,0,0
27305,0,0,0,0,0,0
27313,0,0,0,0,0,0
27321,0,0,0,0,0,0
27329,0,0,0,0,0,0
27337,0,0,0,0,0,0
27345,0,0,0,0,0,0
27353,0,0,0,0,0,0
27361,0,0,0,0,0,0
27370,0,0,0,0,0,0
27381,0,0,0,0,0,0
27391,0,0,0,0,0,0
27401,0,0,0,0,0,0
27409,0,0,0,0,0,0
27419,0,0,0,0,0,0
27426,0,0,0,0,0,0
27435,0,0,0,0,0,0
27445,0,0,0,0,0,0
27458,0,0,0,0,0,0
27466,0,0,0,0,0,0
27476,0,0,0,0,0,0
27485,0,0,0,0,0,0
27494,0,0,0,0,0,0
27503,0,0,0,0,0,0
27512,0,0,0,0,0,0
27522,0,0,0,0,0,0
27532,0,0,0,0,0,0
27544,0,0,0,0,0,0
27554,0,0,0,0,0,0
27562,0,0,0,0,0,0
27572,0,0,0,0,0,0
27582,0,0,1,0,0,0
27592,0,0,0,0,0,0
27603,0,0,0,0,0,0
27612,0,0,0,0,0,0
27620,0,0,0,0,0,0
27630,0,0,0,0,0,0
27640,0,0,0,0,0,0
27650,0,0,0,0,0,0
27660,0,0,0,0,0,0
27670,0,0,0,0,0,0
27680,0,0,0,0,0,0
27701,0,0,0,0,0,0
27720,0,0,0,0,0,0
27742,0,0,0,0,0,0
27752,0,0,0,0,0,0
27774,0,0,0,0,0,0
27784,0,0,0,0,0,0
27793,0,0,0,0,0,0
27804,0,0,0,0,0,0
27814,0,0,0,0,0,0
27824,0,0,0,0,0,0
27833,0,0,0,0,0,0
27842,0,0,0,0,0,0
27858,0,0,0,0,0,0
27866,0,0,0,0,0,0
27876,0,0,0,0,0,0
27886,0,0,0,0,0,0
27896,0,0,0,0,0,0
27904,0,0,0,0,0,0
27932,0,0,0,0,0,0
27937,0,0,0,0,0,0
27945,0,0,0,0,0,0
27991,0,0,0,0,0,0
28011,0,0,0,0,0,0
28021,0,0,0,0,0,0
28038,0,0,0,0,0,0
28058,0,0,0,0,0,0
28098,0,0,0,0,0,0
28108,0,0,0,0,0,0
28120,0,0,0,0,0,0
28134,0,0,0,0,0,0
28143,0,0,0,0,0,0
28174,0,0,0,0,0,0
28184,0,0,0,0,0,0
28245,0,0,0,0,0,0
28296,0,0,0,0,0,0
28306,0,0,0,0,0,0
28315,0,0,0,0,0,0
28325,0,0,0,0,0,0
28335,0,0,0,0,0,0
28344,0,0,0,0,0,0
28425,0,0,0,0,0,0
28443,0,0,0,0,0,0
28455,0,0,0,0,0,0
28476,0,0,0,0,0,0
28488,0,0,0,0,0,0
28498,0,0,0,0,0,0
28507,0,0,0,0,0,0
28518,0,0,0,0,0,0
28527,0,0,0,0,0,0
28536,0,0,0,0,0,0
28544,0,0,0,0,0,0
28552,0,0,0,0,0,0
28561,0,0,0,0,0,0
28571,0,0,0,0,0,0
28579,0,0,0,0,0,0
28588,0,0,0,0,0,0
28598,0,0,0,0,0,0
28607,0,0,0,0,0,0
28617,0,0,0,0,0,0
28625,0,0,0,0,0,0
28634,0,0,0,0,0,0
28642,0,0,0,0,0,0
28649,0,0,0,0,0,0
28658,0,0,0,0,0,0
28670,0,0,0,0,0,0
28677,0,0,0,1,1,0
28692,0,0,0,1,1,0
28702,0,0,0,0,0,0
28711,0,0,0,0,0,0
28719,0,0,0,0,0,0
28728,0,0,0,0,0,0
28742,0,0,0,0,0,0
28746,0,0,0,0,0,0
28760,0,0,0,0,0,0
28765,0,0,0,0,0,0
28779,0,0,0,0,0,0
28788,0,0,0,0,0,0
28794,0,0,0,0,0,0
28801,0,0,0,0,0,0
28810,0,0,0,0,0,0
28819,0,0,0,0,0,0
28828,0,0,0,0,0,0
28846,0,0,0,0,0,0
28863,0,0,0,0,0,0
28872,0,0,0,0,0,0
28882,0,0,0,0,0,0
28891,0,0,0,0,0,0
28900,0,0,0,0,0,0
28911,0,0,0,0,0,0
28935,0,0,0,0,1,0
28947,0,0,0,0,0,0
28957,0,0,0,0,0,0
28968,0,0,0,0,0,0
28975,0,0,0,0,0,0
28985,0,0,0,0,0,0
28999,0,0,0,0,0,0
29008,0,0,0,0,0,0
29017,0,0,0,0,0,0
29025,0,0,0,0,0,0
29035,0,0,0,0,0,0
29045,0,0,0,0,0,0
29055,0,0,0,0,0,0
29063,0,0,0,0,0,0
29074,0,0,0,0,0,0
29083,0,0,0,0,0,0
29107,0,0,0,0,0,0
29116,0,0,0,0,0,0
29125,0,0,0,0,0,0
29135,0,0,0,0,0,0
29145,0,0,0,0,0,0
29154,0,0,0,0,0,0
29172,0,0,0,0,0,0
29181,0,0,0,0,0,0
29191,0,0,0,0,0,0
29201,0,0,0,0,0,0
29211,0,0,0,0,0,0
29221,0,0,0,0,0,0
29229,0,0,0,0,0,0
29236,0,0,0,0,0,0
29248,0,0,0,0,0,0
29255,0,0,0,0,0,0
29266,0,0,0,0,0,0
29274,0,0,0,0,0,0
29281,0,0,0,0,0,0
29290,0,0,0,0,0,0
29300,0,0,0,0,0,0
29307,0,0,0,0,0,0
29315,0,0,0,0,0,0
29328,0,0,0,0,0,0
29337,0,0,0,0,0,0
29346,0,0,0,0,0,0
29355,0,0,0,0,0,0
29364,0,0,0,0,0,0
29373,0,0,0,0,0,0
29384,0,0,0,0,0,0
29393,0,0,0,0,0,0
29401,0,0,0,0,0,0
29413,0,0,0,0,0,0
29424,0,0,0,0,0,0
29434,0,0,0,0,0,0
29443,0,0,0,0,0,0
29452,0,0,0,0,0,0
29462,0,0,0,0,0,0
29470,0,0,0,0,0,0
29478,0,0,0,0,0,0
29486,0,0,0,0,0,0
29497,0,0,0,0,0,0
29506,0,0,0,0,0,0
29515,0,0,0,0,0,0
29524,0,0,0,0,0,0
29532,0,0,0,0,0,0
29541,0,0,0,0,0,0
29550,0,0,0,0,0,0
29559,0,0,0,0,0,0
29565,0,0,0,0,0,0
29575,0,0,0,0,0,0
29585,0,0,0,0,0,0
29594,0,0,0,0,0,0
29618,0,0,0,0,0,0
29628,0,0,0,0,0,0
29634,0,0,0,0,0,0
29644,0,0,0,0,0,0
29654,0,0,0,0,0,0
29672,0,0,0,1,1,0
29679,0,0,0,0,0,0
29689,0,0,0,0,0,0
29698,0,0,0,0,0,0
29708,0,0,0,0,0,0
29717,0,0,0,0,0,0
29724,0,0,0,0,0,0
29730,0,0,0,0,0,0
29739,0,0,0,0,0,0
29766,0,0,0,0,0,0
29776,0,0,0,0,0,0
29786,0,0,0,0,0,0
29795,0,0,0,0,0,0
29803,0,0,0,0,0,0
29808,0,0,0,0,0,0
29818,0,0,0,0,0,0
29828,0,0,0,0,0,0
29847,0,0,0,0,0,0
29858,0,0,0,0,0,0
29871,0,0,0,0,0,0
29907,0,0,0,0,0,0
29917,0,0,0,0,0,0
29937,0,0,0,0,0,0
29946,0,0,0,0,0,0
29956,0,0,0,0,0,0
29982,0,0,0,0,0,0
30000,0,0,0,0,0,0
30010,0,0,0,0,0,0
30020,0,0,0,0,0,0
30029,0,0,0,0,0,0
30047,0,0,0,0,0,0
30063,0,0,0,0,0,0
30082,0,0,0,0,0,0
30092,0,0,0,0,0,0
30126,0,0,0,0,0,0
30144,0,0,0,0,0,0
30151,0,0,0,0,0,0
30168,0,0,0,0,0,0
30178,0,0,0,0,0,0
30197,0,0,0,0,0,0
30213,0,0,0,0,0,0
30223,0,0,0,0,0,0
30233,0,0,0,0,0,0
30241,0,0,0,0,0,0
30251,0,0,0,0,0,0
30261,0,0,0,0,0,0
30271,0,0,0,0,0,0
30281,0,0,0,0,0,0
30297,0,0,0,0,0,0
30348,0,0,0,0,0,0
30366,0,0,0,0,0,0
30375,0,0,0,0,0,0
30404,0,0,0,0,0,0
30493,0,0,0,0,0,0
30503,0,0,0,0,0,0
30557,0,0,0,0,0,0
30573,0,0,0,0,0,0
30583,0,0,0,0,0,0
30593,0,0,0,0,0,0
30623,0,0,0,0,0,0
30633,0,0,0,0,0,0
30644,0,0,0,0,0,0
30653,0,0,0,0,0,0
30662,0,0,0,0,0,0
30670,0,0,0,0,0,0
30679,0,0,0,0,0,0
30700,0,0,0,0,0,0
30709,0,0,0,0,0,0
30718,0,0,0,0,0,0
30727,0,0,0,0,0,0
30736,0,0,0,0,0,0
30746,0,0,0,0,0,0
30758,0,0,0,0,0,0
30767,0,0,0,0,0,0
30777,0,0,0,0,0,0
30784,0,0,0,0,0,0
30794,0,0,0,0,0,0
30804,0,0,0,0,0,0
30813,0,0,0,0,0,0
30823,0,0,0,0,0,0
30832,0,0,0,0,0,0
30839,0,0,0,0,0,0
30848,0,0,0,0,0,0
30856,0,0,0,0,0,0
30864,0,0,0,0,0,0
30874,0,0,0,0,1,0
30886,0,0,0,0,0,0
30895,0,0,0,0,0,0
30922,0,0,0,0,0,0
30932,0,0,0,0,0,0
30939,0,0,0,0,0,0
30949,0,0,0,0,0,0
30959,0,0,0,0,0,0
30968,0,0,0,0,0,0
30977,0,0,0,0,0,0
30988,0,0,0,0,0,0
30997,0,0,0,0,0,0
31007,0,0,0,0,0,0
31017,0,0,0,0,0,0
31026,0,0,0,0,0,0
31036,0,0,0,0,0,0
31044,0,0,0,0,0,0
31052,0,0,0,0,0,0
31061,0,0,0,0,0,0
31071,0,0,0,0,0,0
31079,0,0,0,0,0,0
31089,0,0,0,0,0,0
31098,0,0,0,0,0,0
31108,0,0,0,0,0,0
31116,0,0,0,1,2,0
31126,0,0,0,2,2,0
31136,0,0,0,0,0,0
31146,0,0,0,0,0,0
31157,0,0,0,0,0,0
31173,0,0,0,0,0,0
31184,0,0,0,0,0,0
31191,0,0,0,0,0,0
31200,0,0,0,0,0,0
31210,0,0,0,0,0,0
31220,0,0,0,0,0,0
31241,0,0,0,0,0,0
31251,0,0,0,0,0,0
31261,0,0,0,0,0,0
31270,0,0,0,0,0,0
31278,0,0,0,0,0,0
31288,0,0,0,0,0,0
31297,0,0,0,0,0,0
31305,0,0,0,0,0,0
31315,0,0,0,0,0,0
31325,0,0,0,0,0,0
31333,0,0,0,0,0,0
31343,0,0,0,0,0,0
31353,0,0,0,0,0,0
31360,0,0,0,0,0,0
31371,0,0,0,0,0,0
31381,0,0,0,0,0,0
31408,0,0,0,0,0,0
31417,0,0,0,0,0,0
31423,0,0,0,0,0,0
31434,0,0,0,0,0,0
31443,0,0,0,0,0,0
31449,0,0,0,0,0,0
31459,0,0,0,0,0,0
31468,0,0,0,0,0,0
31478,0,0,0,0,0,0
31489,0,0,0,0,0,0
31498,0,0,0,0,0,0
31508,0,0,0,0,0,0
31516,0,0,0,0,0,0
31525,0,0,0,0,0,0
31535,0,0,0,0,0,0
31543,0,0,0,0,0,0
31552,0,0,0,0,0,0
31561,0,0,0,0,0,0
31571,0,0,0,0,0,0
31580,0,0,0,0,0,0
31586,0,0,0,0,0,0
31596,0,0,0,0,0,0
31609,0,0,0,0,0,0
31623,0,0,0,0,0,0
31633,0,0,0,0,0,0
31643,0,0,0,0,0,0
31653,0,0,0,0,0,0
31666,0,0,0,0,0,0
31678,0,0,0,0,0,0
31688,0,0,0,0,0,0
31694,0,0,0,0,0,0
31707,0,0,0,0,0,0
31718,0,0,0,0,0,0
31728,0,0,0,0,0,0
31736,0,0,0,0,0,0
31746,0,0,0,0,0,0
31755,0,0,0,0,0,0
31762,0,0,0,0,0,0
31771,0,0,0,0,0,0
31782,0,0,0,0,0,0
31788,0,0,0,0,0,0
31797,0,0,0,0,0,0
31806,0,0,0,0,0,0
31817,0,0,0,0,0,0
31830,0,0,0,0,0,0
31833,0,0,0,0,0,0
31848,0,0,0,0,0,0
31854,0,0,0,0,0,0
31863,0,0,0,0,0,0
31872,0,0,0,0,0,0
31881,0,0,0,0,0,0
31914,0,0,0,0,0,0
31923,0,0,0,0,0,0
31932,0,0,0,0,0,0
31941,0,0,0,0,0,0
31950,0,0,0,0,0,0
31959,0,0,0,0,0,0
31968,0,0,0,0,0,0
31977,0,0,0,0,0,0
31986,0,0,0,0,0,0
31995,0,0,0,0,0,0
32004,0,0,0,0,0,0
32013,0,0,0,0,0,0
32022,0,0,0,0,0,0
32031,0,0,0,0,0,0
32040,0,0,0,0,0,0
32049,0,0,0,0,0,0
32058,0,0,0,0,0,0
32067,0,0,0,0,0,0
32091,0,0,0,0,0,0
32102,0,0,0,0,0,0
32110,0,0,0,0,0,0
32118,0,0,0,0,0,0
32125,0,0,0,0,0,0
32168,0,0,0,0,0,0
32178,0,0,0,0,0,0
32188,0,0,0,0,0,0
32194,0,0,0,0,0,0
32205,0,0,0,0,0,0
32214,0,0,0,0,0,0
32229,0,0,0,0,0,0
32238,0,0,0,0,0,0
32256,0,0,0,0,0,0
32265,0,0,0,0,0,0
32276,0,0,0,0,0,0
32287,0,0,0,0,0,0
32292,0,0,0,0,0,0
32303,0,0,0,0,0,0
32315,0,0,0,0,0,0
32352,0,0,0,0,0,0
32362,0,0,0,0,0,0
32367,0,0,0,0,0,0
32381,0,0,0,0,0,0
32387,0,0,0,0,0,0
32398,0,0,0,0,0,0
32403,0,0,0,0,0,0
32412,0,0,0,0,0,0
32421,0,0,0,0,0,0
32427,0,0,0,0,0,0
32439,0,0,0,0,0,0
32445,0,0,0,0,0,0
32457,0,0,0,0,0,0
32463,0,0,0,0,0,0
32476,0,0,0,0,0,0
32481,0,0,0,0,0,0
32501,0,0,0,0,0,0
32509,0,0,0,0,0,0
32526,0,0,0,0,0,0
32538,0,0,0,0,0,0
32551,0,0,0,0,0,0
32558,0,0,0,0,0,0
32565,0,0,0,0,0,0
32609,0,0,0,0,0,0
32662,0,0,0,0,0,0
32682,0,0,0,0,0,0
32688,0,0,0,0,0,0
32700,0,0,0,0,0,0
32707,0,0,0,0,0,0
32733,0,0,0,0,0,0
32746,0,0,0,0,0,0
32755,0,0,0,0,0,0
32765,0,0,0,0,0,0
32801,0,0,0,0,0,0
32809,0,0,0,0,0,0
32817,0,0,0,2,1,0
32832,0,0,0,0,0,0
32841,0,0,0,0,0,0
32850,0,0,0,0,0,0
32859,0,0,0,0,0,0
32868,0,0,0,0,0,0
32876,0,0,0,0,0,0
32884,0,0,0,0,0,0
32892,0,0,0,0,0,0
32900,0,0,0,0,0,0
32907,0,0,0,0,0,0
32913,0,0,0,0,0,0
32921,0,0,0,0,0,0
32929,0,0,0,0,0,0
32936,0,0,0,0,0,0
32942,0,0,0,0,0,0
32953,0,0,0,0,0,0
32959,0,0,0,0,0,0
32975,0,0,0,0,0,0
32983,0,0,0,0,0,0
32991,0,0,0,0,0,0
32999,0,0,0,0,0,0
33007,0,0,0,0,0,0
33011,0,0,0,0,0,0
33019,0,0,0,0,0,0
33027,0,0,0,0,0,0
33035,0,0,0,0,0,0
33043,0,0,0,0,0,0
33059,0,0,0,0,1,0
33070,0,0,0,2,2,0
33077,0,0,0,0,0,0
33094,0,0,0,0,0,0
33101,0,0,0,0,0,0
33109,0,0,0,0,0,0
33117,8,0,0,0,0,5
33125,0,0,0,0,0,0
33130,0,0,0,0,0,0
33138,0,0,0,0,0,0
33146,0,0,0,0,0,0
33154,0,0,0,1,0,0
33161,0,0,0,0,0,0
33169,0,0,0,0,0,0
33176,0,0,0,0,0,0
33185,0,0,0,0,0,0
33193,0,0,0,0,0,0
33201,0,0,0,0,0,0
33209,0,0,0,0,0,0
33217,0,0,0,0,0,0
33225,0,0,0,0,0,0
33231,0,0,0,0,0,0
33263,0,0,0,0,0,0
33270,0,0,0,0,0,0
33278,0,0,0,0,0,0
33286,0,0,0,0,0,0
33293,0,0,0,0,1,0
33301,0,0,0,0,2,0
33308,0,0,0,4,2,0
33316,0,0,0,4,4,0
33324,4,6,0,0,0,8
33332,0,0,0,0,0,0
33340,0,0,0,0,0,0
33347,0,0,0,0,0,0
33354,3,0,0,0,0,3
33364,0,0,0,0,0,0
33371,0,0,0,0,0,0
33379,0,0,0,0,0,0
33387,0,0,0,0,0,0
33395,0,0,0,0,0,0
33402,0,0,0,0,0,0
33408,0,0,0,0,0,0
33416,0,0,0,0,0,0
33424,0,0,0,0,0,0
33432,0,2,0,0,0,2
33440,0,0,0,0,0,0
33448,0,0,0,0,0,0
33452,0,0,0,0,0,0
33460,0,0,0,0,0,0
33468,0,0,0,0,0,0
33476,0,0,0,0,0,0
33485,0,0,0,0,0,0
33493,0,0,0,0,0,0
33509,0,0,0,0,0,0
33515,0,0,0,0,0,0
33522,0,0,0,0,0,0
33530,0,0,0,0,0,0
33537,0,0,0,0,0,0
33542,0,0,0,0,0,0
33548,0,0,0,0,0,0
33555,0,0,0,0,0,0
33562,0,0,0,0,0,0
33570,0,0,0,0,0,0
33578,0,0,0,0,0,0
33585,0,0,0,0,0,0
33592,0,0,0,0,0,0
33596,0,0,0,0,0,0
33603,0,3,0,0,0,2
33608,0,0,0,0,0,0
33619,0,0,0,0,0,0
33624,0,0,0,0,0,0
33632,0,0,0,0,0,0
33638,0,0,0,0,0,0
33645,0,0,0,0,0,0
33652,0,0,0,0,0,0
33660,0,0,0,0,0,0
33667,0,0,0,0,0,0
33673,0,0,0,0,0,0
33680,0,0,0,0,0,0
33688,0,0,0,0,0,0
33697,0,0,0,0,0,0
33704,0,0,0,0,0,0
33711,0,0,0,0,0,0
33718,0,0,0,0,0,0
33724,0,0,0,0,0,0
33731,0,0,0,0,0,0
33738,0,0,0,0,0,0
33745,0,0,0,0,0,0
33752,0,0,0,0,0,0
33758,0,0,0,0,0,0
33766,0,0,0,0,0,0
33770,0,0,0,0,0,0
33777,0,0,0,0,0,0
33784,0,0,0,0,0,0
33791,0,0,0,0,1,0
33798,0,0,0,1,1,0
33805,0,0,0,0,0,0
33813,0,0,0,0,0,0
33821,0,0,0,0,0,0
33827,0,0,0,0,0,0
33834,0,0,0,0,0,0
33838,0,0,0,0,0,0
33845,0,0,0,0,0,0
33851,0,0,0,0,0,0
33861,0,0,0,0,0,0
33868,0,0,0,0,0,0
33874,0,0,0,0,0,0
33882,0,0,0,0,0,0
33888,0,0,0,0,0,0
33895,0,0,0,0,0,0
33902,0,0,0,0,0,0
33909,0,0,0,0,0,0
33916,0,0,0,0,0,0
33923,0,0,0,0,0,0
33931,0,0,0,0,0,0
33936,0,1,0,0,0,0
33944,0,0,0,0,0,0
33951,0,0,0,0,0,0
33957,0,0,0,0,0,0
33964,0,0,0,0,0,0
33972,0,0,0,0,0,0
33979,0,0,0,0,0,0
33986,0,0,0,0,0,0
33993,0,0,0,0,0,0
33999,0,0,1,0,0,0
34005,0,0,0,0,0,0
34012,0,0,0,0,0,0
34019,0,0,0,0,0,0
34026,0,0,0,0,0,0
34033,0,0,0,2,2,0
34040,0,0,0,0,1,0
34046,0,0,0,0,0,0
34053,0,1,0,1,1,0
34060,0,0,0,0,0,0
34066,0,0,0,0,0,0
34074,0,0,0,0,0,0
34082,0,0,0,0,0,0
34089,0,3,0,2,0,2
34096,0,0,0,0,0,0
34100,0,0,0,0,0,0
34106,0,0,0,0,0,0
34113,0,0,0,0,0,0
34120,0,0,0,0,0,0
34127,0,0,0,0,0,0
34134,0,0,1,0,0,0
34141,0,0,0,0,0,0
34147,0,0,0,0,0,0
34155,0,0,0,0,0,0
34160,0,0,0,0,0,0
34167,0,0,0,0,0,0
34173,0,0,0,0,0,0
34180,0,0,0,0,0,0
34186,0,0,0,0,0,0
34193,0,0,0,0,0,0
34200,0,0,0,0,0,0
34207,0,0,0,0,0,0
34215,0,0,0,0,0,0
34222,0,0,0,0,0,0
34228,0,0,0,0,0,0
34235,0,0,0,0,0,0
34244,0,0,0,0,0,0
34252,0,0,0,0,0,0
34257,0,0,0,0,0,0
34328,0,0,0,0,0,0
34335,0,0,0,0,0,0
34349,0,0,0,0,0,0
34356,0,0,0,0,0,0
34362,0,0,0,0,0,0
34376,0,0,0,0,0,0
34382,0,0,0,0,0,0
34389,0,0,0,0,0,0
34394,0,0,0,0,0,0
34401,0,0,0,0,0,0
34408,0,0,0,0,0,0
34422,0,0,0,0,0,0
34429,0,0,0,0,0,0
34436,0,0,0,0,0,0
34443,0,0,0,0,0,0
34457,0,0,0,0,0,0
34461,0,0,0,0,0,0
34468,0,0,0,0,0,0
34474,0,0,0,0,0,0
34481,0,0,0,0,0,0
34488,0,0,0,0,0,0
34494,0,0,0,0,0,0
34502,0,0,0,0,0,0
34544,0,0,0,0,0,0
34551,0,0,0,0,0,0
34579,0,0,0,0,0,0
34607,0,0,0,0,0,0
34628,0,0,0,0,0,0
34635,0,0,0,0,0,0
34642,0,0,0,0,0,0
34662,0,0,0,0,0,0
34670,0,0,0,0,0,0
34689,0,0,0,0,0,0
34696,0,0,0,0,0,0
34704,0,0,0,0,0,0
34717,0,0,0,0,0,0
34724,0,0,0,0,0,0
34731,0,0,0,0,0,0
34736,0,0,0,0,0,0
34743,0,0,0,0,0,0
34817,0,0,0,0,0,0
34822,0,0,0,0,0,0
43779,0,0,0,0,0,0
43790,0,0,0,0,0,0
43800,0,0,0,0,0,0
43818,0,0,0,0,0,0
43827,0,0,0,0,0,0
43837,0,0,0,0,0,0
43848,0,0,0,0,0,0
43858,0,0,0,0,0,0
43868,0,0,0,0,0,0
43880,0,0,0,0,0,0
43891,0,0,0,0,0,0
43901,0,0,0,0,0,0
43931,0,0,0,0,0,0
43941,0,0,0,0,0,0
43950,0,0,0,0,0,0
43959,0,0,0,0,0,0
43968,0,0,0,0,0,0
43977,0,0,0,0,0,0
43987,0,0,0,0,1,0
44007,0,0,0,2,1,0
44025,0,0,0,0,0,0
44040,0,0,0,0,0,0
44050,0,0,0,0,0,0
44060,0,0,0,0,0,0
44070,0,0,0,0,0,0
44080,0,0,0,0,0,0
44090,0,0,0,0,0,0
44100,0,0,0,0,0,0
44110,0,0,0,0,0,0
44121,0,0,0,0,0,0
44131,0,0,0,0,0,0
44141,0,0,0,0,0,0
44151,0,0,0,0,0,0
44160,0,0,0,0,0,0
44170,0,0,0,0,0,0
44178,0,0,0,0,0,0
44188,0,0,0,0,0,0
44196,0,0,0,0,0,0
44205,0,0,0,0,0,0
44215,0,0,0,0,0,0
44224,0,0,0,0,0,0
44230,0,0,0,0,0,0
44240,0,0,0,1,2,0
44248,0,0,0,1,2,0
44259,0,0,0,0,1,0
44275,0,0,0,0,0,0
44293,0,0,0,0,0,0
44304,0,0,0,0,0,0
44312,0,0,0,0,0,0
44325,0,0,0,0,0,0
44335,0,0,0,0,0,0
44343,0,0,0,0,0,0
44353,0,0,0,0,0,0
44362,0,0,0,0,0,0
44370,0,0,0,0,0,0
44380,0,0,0,0,0,0
44414,0,0,0,0,0,0
44423,0,0,0,0,0,0
44432,0,0,0,0,0,0
44441,0,0,0,0,0,0
44450,0,0,0,0,0,0
44458,0,0,0,0,0,0
44467,0,0,0,0,0,0
44476,0,0,0,0,0,0
44485,0,0,0,0,0,0
44496,0,0,0,0,0,0
44511,0,0,0,0,0,0
44520,0,0,0,0,0,0
44529,0,0,0,0,0,0
44536,0,0,0,0,0,0
44545,0,0,0,0,0,0
44559,0,0,0,0,0,0
44568,0,0,0,0,0,0
44577,0,0,0,0,0,0
44586,0,0,0,0,0,0
44594,0,0,0,0,0,0
44602,0,0,0,0,0,0
44608,0,0,0,0,0,0
44617,0,0,0,0,0,0
44626,0,0,0,0,0,0
44632,0,0,0,0,0,0
44641,0,0,0,0,0,0
44650,0,0,0,0,0,0
44659,0,0,0,0,0,0
44668,0,0,0,0,0,0
44678,0,0,0,0,0,0
44686,0,0,0,0,0,0
44695,0,0,0,0,0,0
44704,0,0,0,0,0,0
44712,0,0,0,0,0,0
44738,0,0,0,0,0,0
44746,0,0,0,0,0,0
44751,0,0,0,0,0,0
44765,0,0,0,0,0,0
44773,0,0,0,0,0,0
44781,0,0,0,0,0,0
44787,0,0,0,0,0,0
44797,0,0,0,0,0,0
44807,0,0,0,0,0,0
44816,0,0,0,0,0,0
44825,0,0,0,0,0,0
44832,0,0,0,0,0,0
44846,0,0,0,0,0,0
44854,0,0,0,0,0,0
44862,0,0,0,0,0,0
44870,0,0,0,0,0,0
44878,0,0,0,0,0,0
44885,0,0,0,0,0,0
44896,0,0,0,0,0,0
44901,0,0,0,0,0,0
44911,0,0,0,0,0,0
44921,0,0,0,0,0,0
44931,0,0,0,0,0,0
44937,0,0,0,0,0,0
44945,0,0,0,0,0,0
44953,0,0,0,0,0,0
44962,0,0,0,3,2,0
44970,0,0,0,0,0,0
44977,0,0,0,0,0,0
44986,0,0,0,0,0,0
44998,0,0,0,0,0,0
45005,0,0,0,0,0,0
45013,0,0,0,0,0,0
45022,0,0,0,0,0,0
45030,0,0,0,0,0,0
45054,0,0,0,0,0,0
45063,0,0,0,0,0,0
45072,0,0,0,0,0,0
45081,0,0,0,0,0,0
45092,0,0,0,0,0,0
45105,0,0,0,0,0,0
45116,0,0,0,0,0,0
45132,0,0,0,0,0,0
45139,0,0,0,0,0,0
45145,0,0,0,0,0,0
45156,0,0,0,0,0,0
45161,0,0,0,0,0,0
45169,0,0,0,0,0,0
45177,0,0,0,0,0,0
45185,0,0,0,0,0,0
45193,0,0,0,0,0,0
45206,0,0,0,0,0,0
45220,0,0,0,0,0,0
45237,0,0,0,0,0,0
45280,0,0,0,0,0,0
45296,0,0,0,0,0,0
45305,0,0,0,0,0,0
45311,0,0,0,0,0,0
45328,0,0,0,0,0,0
45348,0,0,0,0,0,0
45355,0,0,0,0,0,0
45361,0,0,0,0,0,0
45372,0,0,0,0,0,0
45394,0,0,0,0,0,0
45402,0,0,0,0,0,0
45411,0,0,0,0,0,0
45419,0,0,0,0,0,0
45427,0,0,0,0,0,0
45434,0,0,0,0,0,0
45457,0,0,0,0,0,0
45466,0,0,0,0,0,0
45472,0,0,0,0,0,0
45483,0,0,0,0,0,0
45510,0,0,0,0,0,0
45545,0,0,0,0,0,0
45551,0,0,0,0,0,0
45562,0,0,0,0,0,0
45568,0,0,0,0,0,0
45579,0,0,0,0,0,0
45583,0,0,0,0,0,0
45591,0,0,0,0,0,0
45597,0,0,0,0,0,0
45602,0,0,0,0,0,0
45635,0,0,0,0,0,0
45643,0,0,0,0,0,0
45648,0,0,0,0,0,0
45672,0,0,0,0,0,0
45680,0,0,0,0,0,0
45697,0,0,0,0,0,0
45722,0,0,0,0,0,0
45737,0,0,0,0,0,0
45741,0,0,0,0,0,0
45765,0,0,0,0,0,0
45797,0,0,0,0,0,0
45801,0,0,0,0,0,0
45810,0,0,0,0,0,0
45820,0,0,0,0,0,0
45831,0,0,0,0,0,0
45844,0,0,0,0,0,0
45855,0,0,0,0,0,0
45886,0,0,0,0,0,0
45895,0,0,0,0,0,0
45902,0,0,0,0,0,0
45923,0,0,0,0,0,0
45932,0,0,0,1,1,0
45940,0,0,0,2,2,0
45948,0,0,0,2,2,0
45957,0,0,0,0,0,0
45964,0,0,0,0,0,0
45972,0,0,0,0,0,0
45981,0,0,0,0,0,0
45990,0,0,0,0,0,0
45999,0,0,0,0,0,0
46011,0,0,0,0,0,0
46017,0,0,0,0,0,0
46026,0,0,0,0,0,0
46033,0,0,0,0,0,0
46041,0,1,0,0,0,0
46049,0,0,0,0,0,0
46057,0,0,0,0,0,0
46063,0,0,0,0,0,0
46073,0,0,0,0,0,0
46083,0,0,0,0,0,0
49598,0,0,0,0,0,0
49609,0,0,0,0,0,0
49627,0,0,0,0,0,0
49637,0,0,0,0,0,0
49664,0,0,0,0,0,0
49675,0,0,0,0,0,0
49683,0,0,0,0,0,0
49691,0,0,0,0,0,0
49705,0,0,0,0,0,0
49714,0,0,0,0,0,0
49723,0,0,0,0,0,0
49733,0,0,0,0,0,0
49749,0,0,0,0,0,0
49759,0,0,0,0,0,0
49779,0,0,0,0,0,0
49789,0,0,0,0,0,0
49800,0,0,0,0,0,0
49810,0,0,0,0,0,0
49829,0,0,0,0,0,0
49847,0,0,0,0,0,0
49886,0,0,0,0,0,0
49894,0,0,0,0,0,0
49900,0,0,0,0,0,0
49959,0,0,0,0,0,0
49969,0,0,0,0,0,0
49989,0,0,0,0,0,0
50008,0,0,0,0,0,0
50040,0,0,0,0,0,0
50051,0,0,0,0,0,0
50070,0,0,0,0,0,0
50078,0,0,0,0,0,0
50094,0,0,0,0,0,0
50104,0,0,0,0,0,0
50115,0,0,0,0,0,0
50124,0,0,0,0,0,0
50142,0,0,0,0,0,0
50162,0,0,0,0,0,0
50176,0,0,0,0,0,0
50185,0,0,0,0,0,0
50194,0,0,0,0,0,0
50204,0,0,0,0,0,0
50215,0,0,0,0,0,0
50243,0,0,0,0,0,0
50256,0,0,0,0,0,0
50266,0,0,0,0,0,0
50276,0,0,0,0,0,0
50285,0,0,0,0,0,0
50295,0,0,0,0,0,0
50305,0,0,0,1,0,0
50318,0,0,0,2,1,0
50331,0,0,0,0,0,0
50341,0,0,0,0,0,0
50351,0,0,0,0,0,0
50362,0,0,0,0,0,0
50381,0,0,0,0,0,0
50399,0,0,0,0,0,0
50409,0,0,0,0,0,0
50419,0,0,0,0,0,0
50429,0,0,0,0,0,0
50439,0,0,0,0,0,0
50451,0,0,0,0,0,0
50460,0,0,0,0,0,0
50470,0,0,0,0,0,0
50501,0,0,0,0,0,0
50514,0,0,0,0,0,0
50522,0,0,0,0,0,0
50532,0,0,0,0,0,0
50543,0,0,0,0,0,0
50557,0,0,0,1,2,0
50568,0,0,0,2,2,0
50586,0,0,0,2,0,0
50601,0,0,0,0,0,0
50611,0,0,0,0,0,0
50621,0,0,0,0,0,0
50640,0,0,0,0,0,0
50651,0,0,0,0,0,0
50661,0,0,0,0,0,0
50676,0,0,0,0,0,0
50686,0,0,0,0,0,0
50696,0,0,0,0,0,0
50737,0,0,0,0,0,0
50747,0,0,0,0,0,0
50771,0,0,0,0,0,0
50780,0,0,0,0,0,0
50800,0,0,0,1,2,0
50810,0,0,0,1,2,0
50829,0,0,0,2,2,0
50857,0,0,0,0,0,0
50865,0,0,0,0,0,0
50877,0,0,0,0,0,0
50889,0,0,0,0,0,0
50898,0,0,0,0,0,0
50907,0,0,0,0,0,0
50916,0,0,0,0,0,0
50926,0,0,0,0,0,0
50937,0,0,0,0,0,0
50946,0,0,0,0,0,0
50956,0,0,0,0,0,0
50966,0,0,0,0,0,0
55820,0,0,0,0,0,0
55830,0,0,0,0,0,0
55839,0,0,0,0,0,0
55849,0,0,0,0,0,0
55860,0,0,0,0,0,0
55872,0,0,0,0,0,0
55882,0,0,0,0,0,0
55923,0,0,0,2,2,0
55935,0,0,0,1,1,0
55947,0,0,0,0,0,0
55957,0,0,0,0,0,0
55969,0,0,0,0,0,0
55978,0,0,0,0,0,0
55988,0,0,0,0,0,0
55995,0,0,0,0,0,0
56002,0,0,0,0,0,0
56012,0,0,0,0,0,0
56023,0,0,0,0,0,0
56031,0,0,0,0,0,0
56040,0,0,0,0,0,0
56050,0,0,0,0,0,0
56059,0,0,0,0,0,0
56069,0,0,0,0,0,0
56079,0,0,0,0,0,0
56089,0,0,0,0,0,0
56100,0,0,0,0,0,0
56108,0,0,0,0,0,0
56122,0,0,0,0,0,0
56132,0,0,0,0,0,0
56147,0,0,0,0,0,0
56158,0,0,0,0,0,0
56175,0,0,0,0,0,0
56186,0,0,0,0,0,0
56215,0,0,0,0,0,0
56226,0,0,0,0,0,0
56233,0,0,0,0,0,0
56243,0,0,0,0,0,0
56255,0,0,0,0,0,0
56265,0,0,0,0,0,0
56273,0,0,0,0,0,0
56282,0,0,0,0,0,0
56289,0,0,0,0,0,0
56307,0,0,0,0,0,0
56319,0,0,0,0,0,0
56329,0,0,0,0,0,0
56338,0,0,0,0,0,0
56347,0,0,0,0,0,0
56357,0,0,0,0,0,0
56367,0,0,0,0,0,0
56402,0,0,0,0,0,0
56418,0,0,0,0,0,0
56427,0,0,0,0,0,0
56434,0,0,0,0,0,0
56452,0,0,0,0,0,0
56464,0,0,0,0,0,0
56472,0,0,0,0,0,0
56483,0,0,0,0,0,0
56492,0,0,0,0,0,0
56511,0,0,0,0,0,0
56521,0,0,0,0,0,0
56533,0,0,0,0,0,0
56542,0,0,0,0,0,0
56552,0,0,0,0,0,0
56560,0,0,0,0,0,0
56569,0,0,0,0,0,0
56579,0,0,0,0,0,0
56588,0,0,0,0,0,0
56598,0,0,0,0,0,0
56608,0,0,0,0,0,0
56668,0,0,0,0,0,0
56692,0,0,0,0,0,0
56712,0,0,0,0,0,0
56722,0,0,0,0,0,0
56732,0,0,0,0,0,0
56739,0,0,0,0,0,0
56748,0,0,0,0,0,0
56757,0,0,0,0,0,0
56766,0,0,0,0,0,0
56773,0,0,0,0,0,0
56791,0,0,0,0,0,0
56801,0,0,0,0,0,0
56810,0,0,0,0,0,0
56820,0,0,0,0,0,0
56830,0,0,0,0,0,0
56840,0,0,0,0,0,0
56854,0,0,0,0,0,0
56884,0,0,0,2,2,0
56906,0,0,0,0,0,0
56928,0,0,0,0,0,0
56938,0,0,0,0,0,0
56949,0,0,0,0,0,0
56959,0,0,0,0,0,0
56969,0,0,0,0,0,0
56980,0,0,0,0,0,0
56990,0,0,0,0,0,0
57008,0,0,0,0,0,0
57018,0,0,0,0,0,0
57028,0,0,0,0,0,0
57038,0,0,0,0,0,0
57048,0,0,0,0,0,0
57059,0,0,0,0,0,0
57079,0,0,0,0,0,0
57088,0,0,0,0,0,0
57098,0,0,0,0,0,0
57111,0,0,0,0,0,0
57121,0,0,0,2,2,0
57162,0,0,0,0,0,0
57172,0,0,0,0,0,0
57183,0,0,0,0,0,0
57194,0,0,0,0,0,0
57205,0,0,0,0,0,0
57215,0,0,0,0,0,0
57225,0,0,0,0,0,0
57234,0,0,0,0,0,0
57245,0,0,0,0,0,0
57255,0,0,0,0,0,0
57265,0,0,0,0,0,0
57275,0,0,0,0,0,0
57305,0,0,0,0,0,0
57315,0,0,0,0,0,0
57324,0,0,0,0,0,0
57333,0,0,0,0,0,0
57342,0,0,0,0,0,0
57377,0,0,0,0,0,0
57399,0,0,0,2,2,0
57414,0,0,0,0,0,0
57423,0,0,0,0,0,0
57432,0,0,0,0,0,0
57442,0,0,0,0,0,0
57454,0,0,0,0,0,0
57476,0,0,0,0,0,0
57485,0,0,0,0,0,0
57494,0,0,0,0,0,0
57502,0,0,0,0,0,0
57558,0,0,0,0,0,0
57566,0,0,0,0,0,0
57583,0,0,0,0,0,0
57590,0,0,0,0,0,0
57627,0,0,0,0,0,0
57633,0,0,0,0,0,0
57640,0,0,0,0,0,0
57650,0,0,0,0,0,0
57658,0,0,0,0,0,0
57672,0,0,0,0,0,0
57681,0,0,0,0,0,0
57690,0,0,0,0,0,0
57709,0,0,0,0,0,0
57718,0,0,0,0,0,0
57726,0,0,0,0,0,0
57734,0,0,0,0,0,0
57742,0,0,0,0,0,0
57750,0,0,0,0,0,0
57756,0,0,0,0,0,0
57771,0,0,0,0,0,0
57779,0,0,0,0,0,0
57787,0,0,0,0,0,0
57795,0,0,0,0,0,0
57803,0,0,0,0,0,0
57811,0,0,0,0,0,0
57817,0,0,0,0,0,0
57826,0,0,0,0,0,0
57843,0,0,0,0,0,0
57858,0,0,0,1,1,0
57866,0,0,0,0,0,0
57885,0,0,0,0,0,0
57894,0,0,0,0,0,0
57903,0,0,0,0,0,0
57912,0,0,0,0,0,0
57922,0,0,0,0,0,0
57927,0,0,0,0,0,0
57950,0,0,0,0,0,0
57958,0,0,0,0,0,0
57966,0,0,0,0,0,0
57972,0,0,0,0,0,0
57987,0,0,0,0,0,0
57995,0,0,0,0,0,0
58002,0,0,0,0,0,0
58010,0,0,0,0,0,0
58014,0,0,0,0,0,0
58025,0,0,0,0,0,0
58034,0,0,0,0,0,0
58042,0,0,0,0,0,0
58049,0,0,0,0,0,0
58057,0,0,0,0,0,0
58065,0,0,0,0,0,0
58074,0,0,0,0,0,0
58083,0,0,0,0,1,0
58090,0,0,0,0,1,0
58102,0,0,0,0,1,0
58108,0,0,0,0,0,0
58117,0,0,0,0,0,0
58125,0,0,0,0,0,0
58141,0,0,0,0,0,0
58156,0,0,0,0,0,0
58165,0,0,0,0,0,0
58173,0,0,0,0,0,0
58179,0,0,0,0,0,0
58195,0,0,0,0,0,0
58204,0,0,0,0,0,0
58212,0,0,0,0,0,0
58221,0,0,0,0,0,0
58229,0,0,0,0,0,0
58237,0,0,0,0,0,0
58244,0,0,0,0,0,0
58252,0,0,0,0,0,0
58256,0,0,0,0,0,0
58264,0,0,0,0,0,0
58272,0,0,0,0,0,0
58280,0,0,0,0,0,0
58287,0,0,0,0,0,0
58293,0,0,0,0,0,0
58302,0,0,0,0,0,0
58311,0,0,0,0,0,0
58341,0,0,0,0,0,0
58352,0,0,0,0,0,0
58371,0,0,0,0,0,0
58378,0,0,0,0,0,0
58391,0,0,0,0,0,0
58414,0,0,0,0,0,0
58435,0,0,0,0,0,0
58439,0,0,0,0,0,0
58452,0,0,0,0,0,0
58470,0,0,0,0,0,0
58491,0,0,0,0,0,0
58507,0,0,0,0,0,0
58515,0,0,0,0,0,0
58523,0,0,0,0,0,0
58530,0,0,0,0,0,0
58535,0,0,0,0,0,0
58543,0,0,0,0,0,0
58551,0,0,0,0,0,0
58559,0,0,0,0,0,0
58566,0,0,0,0,0,0
58575,0,0,0,0,0,0
58587,0,0,0,0,0,0
58597,0,0,0,0,0,0
58612,0,0,0,0,0,0
58625,0,0,0,0,0,0
58658,0,0,0,0,0,0
58665,0,0,0,0,0,0
58676,0,0,0,0,0,0
58683,0,0,0,0,0,0
58692,0,0,0,0,0,0
58700,0,0,0,0,0,0
58714,0,0,0,0,0,0
58722,0,0,0,0,0,0
58726,0,0,0,0,0,0
58737,0,0,0,0,0,0
58744,0,0,0,0,0,0
58754,0,0,0,0,0,0
58765,0,0,0,0,0,0
58769,0,0,0,0,0,0
58777,0,0,0,0,0,0
58785,0,0,0,0,0,0
58793,0,0,0,0,0,0
58801,0,0,0,0,0,0
58809,0,0,0,0,0,0
58850,0,0,0,0,0,0
58857,0,0,0,0,0,0
58874,0,0,0,0,0,0
58885,0,0,0,0,0,0
58910,0,0,0,0,0,0
58921,0,0,0,0,0,0
58927,0,0,0,0,0,0
58934,0,0,0,0,0,0
58947,0,0,0,0,0,0
58965,0,0,0,0,0,0
58978,0,0,0,0,0,0
58986,0,0,0,0,0,0
59001,0,0,0,0,0,0
59010,0,0,0,0,0,0
59019,0,0,0,0,0,0
59027,0,0,0,0,0,0
59035,0,0,0,0,0,0
59043,0,0,0,0,0,0
59048,0,0,0,0,0,0
