169,0,0,0,0,0,0
180,0,0,0,0,0,0
190,0,0,0,0,0,0
200,0,0,0,0,0,0
209,0,0,0,0,0,0
220,0,0,0,0,0,0
230,0,0,0,0,0,0
239,0,0,0,0,0,0
249,0,0,0,0,0,0
259,0,0,0,0,0,0
269,0,0,0,0,0,0
279,0,0,0,0,0,0
289,0,0,0,0,0,0
299,0,0,0,0,0,0
314,0,0,0,0,0,0
321,4,6,0,0,0,8
344,0,0,0,0,0,0
355,0,0,0,0,0,0
380,0,0,0,0,0,0
388,0,0,0,0,0,0
396,0,0,0,0,0,0
404,0,0,0,0,0,0
414,0,0,0,0,0,0
424,0,0,0,0,0,0
434,0,0,0,0,0,0
445,0,0,0,0,0,0
468,0,0,0,0,0,0
488,0,0,0,0,0,0
499,0,0,0,0,0,0
507,0,0,0,0,0,0
516,0,1,0,0,0,1
524,0,0,0,0,0,0
540,0,0,0,0,0,0
550,0,0,0,0,0,0
560,0,0,0,0,0,0
570,0,0,0,0,0,0
580,0,0,0,0,0,0
621,0,0,0,0,0,0
630,0,0,0,0,0,0
640,0,0,0,0,0,0
675,0,0,0,0,0,0
685,0,0,0,0,0,0
695,0,0,0,0,0,0
705,0,0,0,0,0,0
715,0,0,0,0,0,0
724,0,0,0,0,0,0
735,0,0,0,0,0,0
745,0,0,0,0,0,0
755,0,0,0,0,0,0
764,0,0,0,0,0,0
773,0,0,0,0,0,0
783,0,0,0,0,0,0
793,0,0,0,0,0,0
803,0,0,0,0,0,0
815,0,0,0,0,0,0
839,0,0,0,0,0,0
846,0,0,0,0,0,0
853,0,0,0,0,0,0
864,0,0,0,0,0,0
874,0,0,0,0,0,0
887,0,0,0,0,0,0
894,0,0,0,0,0,0
903,0,0,0,0,0,0
914,0,0,0,0,0,0
925,0,0,0,0,0,0
935,0,0,0,0,0,0
948,0,0,0,0,0,0
955,0,0,0,0,0,0
961,0,0,0,0,0,0
977,0,0,0,0,0,0
1017,0,0,0,0,0,0
1027,0,0,0,0,0,0
1037,0,0,0,0,0,0
1048,0,0,0,0,0,0
1085,0,0,0,0,0,0
1133,0,0,0,0,0,0
1152,0,0,0,0,0,0
1162,0,0,0,0,0,0
1172,0,0,0,0,0,0
1181,0,0,0,0,0,0
1190,0,0,0,0,0,0
1216,0,0,0,0,0,0
1225,0,0,0,0,0,0
1234,0,0,0,0,0,0
1243,0,0,0,0,0,0
1259,0,0,0,0,0,0
1266,0,1,1,0,0,0
1278,0,0,0,0,0,0
1285,0,0,0,0,0,0
1296,0,0,0,0,0,0
1317,0,0,0,0,0,0
1337,0,0,0,0,0,0
1346,0,0,0,0,0,0
1355,0,0,0,0,0,0
1363,0,0,0,0,0,0
1371,0,0,0,0,0,0
1378,0,0,0,0,0,0
1395,0,0,0,0,0,0
1405,0,0,0,0,0,0
1415,0,0,0,0,0,0
1424,0,0,0,0,0,0
1433,0,0,0,0,0,0
1441,0,0,0,0,0,0
1494,0,0,0,0,0,0
1503,0,0,0,0,0,0
1513,0,0,0,0,0,0
1523,0,0,0,0,0,0
1568,0,0,0,0,0,0
1607,0,0,0,0,0,0
1622,0,0,0,0,0,0
1638,0,0,0,0,0,0
1683,0,0,0,0,0,0
1692,0,0,0,0,0,0
1837,0,0,0,0,0,0
1909,0,0,0,0,0,0
1917,0,0,0,0,0,0
2079,0,0,0,0,0,0
2170,0,0,0,0,0,0
2179,0,0,0,0,0,0
2193,0,0,0,0,0,0
2201,0,0,0,0,0,0
2210,0,0,0,0,0,0
2217,0,0,0,0,0,0
2222,0,0,0,0,0,0
2229,0,0,0,0,0,0
2235,0,0,0,0,0,0
2242,0,0,0,0,0,0
2248,0,0,0,0,0,0
2255,0,0,0,0,0,0
2263,0,0,0,0,0,0
2269,0,0,0,0,0,0
2277,0,0,0,0,0,0
2284,0,0,0,0,0,0
2291,0,0,0,0,0,0
2298,0,0,0,0,0,0
2304,0,0,0,0,0,0
2311,0,0,0,0,0,0
2318,0,0,0,0,0,0
2325,0,0,0,0,0,0
2330,0,0,0,0,0,0
2337,0,0,0,0,0,0
2344,0,0,0,0,0,0
2351,0,0,0,0,0,0
2358,0,0,0,0,0,0
2365,0,0,0,0,0,0
2372,0,0,0,0,0,0
2379,0,0,0,0,0,0
2384,0,0,0,0,0,0
2391,0,0,0,0,0,0
2399,0,0,0,0,0,0
2406,0,0,0,0,0,0
2413,0,0,0,0,0,0
2420,0,0,0,0,0,0
2427,0,0,0,0,0,0
2434,0,0,0,0,0,0
2441,0,0,0,0,0,0
2450,0,0,0,0,0,0
2457,0,0,0,0,0,0
2467,0,0,0,0,0,0
2473,0,0,0,0,0,0
2480,0,0,0,0,0,0
2487,0,0,0,0,0,0
2493,0,0,0,0,0,0
2501,0,0,0,0,0,0
2508,0,0,0,0,0,0
2514,0,0,0,0,0,0
2522,0,0,0,0,0,0
2530,0,0,0,0,0,0
2537,0,0,0,0,0,0
2546,0,0,0,0,0,0
2554,0,0,0,0,0,0
2560,0,0,0,0,0,0
2566,0,0,0,0,0,0
2574,0,0,0,0,0,0
2580,0,0,0,0,0,0
2587,0,0,0,0,0,0
2601,0,0,0,0,0,0
2621,0,0,0,0,0,0
2628,0,0,0,0,0,0
2649,0,0,0,0,0,0
2656,0,0,0,0,0,0
2663,0,0,0,0,0,0
2677,0,0,0,0,0,0
2684,0,0,0,0,0,0
2693,0,0,0,0,0,0
2699,0,0,0,0,0,0
2706,0,0,0,0,0,0
2713,0,0,0,0,0,0
2727,0,0,0,0,0,0
2735,0,0,0,0,0,0
2742,0,0,0,0,0,0
2749,0,0,0,0,0,0
2755,0,0,0,0,0,0
2763,0,0,0,0,0,0
2777,0,0,0,0,0,0
2784,0,0,0,0,0,0
2791,0,0,0,0,0,0
2812,0,0,0,0,0,0
2819,0,0,0,0,0,0
2829,0,0,0,0,0,0
2833,0,0,0,0,0,0
2854,0,0,0,0,0,0
2872,0,0,0,0,0,0
2884,0,0,0,0,0,0
2891,0,0,0,0,0,0
2903,0,0,0,0,0,0
2909,0,0,0,0,0,0
2921,0,0,0,0,0,0
2927,0,0,0,0,0,0
2933,0,0,0,0,0,0
2939,0,0,0,0,0,0
2945,0,0,0,0,0,0
2953,0,0,0,0,0,0
2959,0,0,0,0,0,0
2966,0,0,0,0,0,0
2972,0,0,0,0,0,0
2980,0,0,0,0,0,0
2988,0,0,0,0,0,0
2995,0,0,0,0,0,0
3001,0,0,0,0,0,0
3007,0,0,0,0,0,0
3020,0,0,0,0,0,0
3026,0,0,0,0,0,0
3032,0,0,0,0,0,0
3038,0,0,0,0,0,0
3043,0,0,0,0,0,0
3049,0,0,0,0,0,0
3055,0,0,0,0,0,0
3061,0,0,0,0,0,0
3067,0,0,0,0,0,0
3074,0,0,0,0,0,0
3080,0,0,0,0,0,0
3092,0,0,0,0,0,0
3098,0,0,0,0,0,0
3110,0,0,0,0,0,0
3116,0,0,0,0,0,0
3128,0,0,0,0,0,0
3134,0,0,0,0,0,0
3140,0,0,0,0,0,0
3149,0,0,0,0,0,0
3154,0,0,0,0,0,0
3159,0,0,0,0,0,0
3172,0,0,0,0,0,0
3179,0,0,0,0,0,0
3186,0,0,0,0,0,0
3199,0,0,0,0,0,0
3209,0,0,0,0,0,0
3215,0,0,0,0,0,0
3221,0,0,0,0,0,0
3227,0,0,0,0,0,0
3233,0,0,0,0,0,0
3240,0,0,0,0,0,0
3252,0,0,0,0,0,0
3258,0,0,0,0,0,0
3270,0,0,0,0,0,0
3279,0,0,0,0,0,0
3288,0,0,0,0,0,0
3297,0,0,0,0,0,0
3305,0,0,0,0,0,0
3313,0,0,0,0,0,0
3317,0,0,0,0,0,0
3321,0,0,0,0,0,0
3341,0,0,0,0,0,0
3349,0,0,0,0,0,0
3357,0,0,0,0,0,0
4504,0,0,0,0,0,0
4515,0,0,0,0,0,0
4524,0,0,0,0,0,0
4532,0,0,0,0,0,0
4544,0,0,0,0,0,0
4553,0,0,0,0,0,0
4563,0,0,0,0,0,0
4573,0,0,0,0,0,0
4583,0,0,0,0,0,0
4594,0,0,0,0,0,0
4604,0,0,0,0,0,0
4614,0,0,0,0,0,0
4624,0,0,0,0,0,0
4634,0,0,0,0,0,0
4644,0,0,0,0,0,0
4655,0,0,0,0,0,0
4677,0,0,0,0,0,0
4687,0,0,0,0,0,0
4696,0,0,0,0,0,0
4705,0,0,0,0,0,0
4714,0,0,0,0,0,0
4725,0,0,0,0,0,0
4734,0,0,0,0,0,0
4743,0,0,0,0,0,0
4755,0,0,0,0,0,0
4766,0,0,0,0,0,0
4791,0,0,0,0,0,0
4799,0,0,0,0,0,0
4809,0,0,0,0,0,0
4819,0,0,0,0,0,0
4828,0,0,0,0,0,0
4837,0,0,0,0,0,0
4847,0,0,0,0,0,0
4856,0,0,0,0,0,0
4866,0,0,0,0,0,0
4879,0,0,0,0,0,0
4906,0,0,0,0,0,0
4926,0,0,0,0,0,0
4936,0,0,0,0,0,0
4966,0,0,0,0,0,0
4976,0,0,0,0,0,0
4986,0,0,0,0,0,0
4996,0,0,0,0,0,0
5006,0,0,0,0,0,0
5018,0,0,0,0,0,0
5042,0,0,0,0,0,0
5054,0,0,0,0,0,0
5067,0,0,0,0,0,0
5077,0,0,0,0,0,0
5085,0,0,0,0,0,0
5093,0,0,0,0,0,0
5101,0,0,0,0,0,0
5110,0,0,0,0,0,0
5118,0,0,0,0,0,0
5124,0,0,0,0,0,0
5146,0,0,0,0,0,0
5153,0,0,0,0,0,0
5163,0,0,0,0,0,0
5174,0,0,0,0,0,0
5182,0,0,0,0,0,0
5195,0,0,0,0,0,0
5207,0,0,0,0,0,0
5212,0,0,0,0,0,0
5222,0,0,0,0,0,0
5230,0,0,0,0,0,0
5239,0,0,0,0,0,0
5249,0,0,0,0,0,0
5260,0,0,0,0,0,0
5265,0,0,0,0,0,0
5274,0,0,0,0,0,0
5282,0,0,0,0,0,0
5290,0,0,0,0,0,0
5298,0,0,0,0,0,0
5306,0,0,0,0,0,0
5314,0,0,0,0,0,0
5321,0,0,0,0,0,0
5332,0,0,0,0,0,0
5336,0,0,0,0,0,0
5344,0,0,0,0,0,0
5352,0,0,0,0,0,0
5371,0,0,0,0,0,0
5378,0,0,0,0,0,0
5386,0,0,0,0,0,0
5394,0,0,0,0,0,0
5409,0,0,0,0,0,0
5427,0,0,0,0,0,0
5437,0,0,0,0,0,0
5449,0,0,0,0,0,0
5455,0,0,0,0,0,0
5465,0,0,0,0,0,0
5474,0,0,0,0,0,0
5483,0,0,0,0,0,0
5494,0,0,0,0,0,0
5499,0,0,0,0,0,0
5507,0,0,0,0,0,0
5530,0,0,0,0,0,0
5538,0,0,0,0,0,0
5548,0,0,0,0,0,0
5556,0,0,0,0,0,0
5570,0,0,0,0,0,0
5578,0,0,0,0,0,0
5586,0,0,0,0,0,0
5602,0,0,0,0,0,0
5610,0,0,0,0,0,0
5633,0,0,0,0,0,0
5641,0,0,0,0,0,0
5649,0,0,0,0,0,0
5653,0,0,0,0,0,0
5665,0,0,0,0,0,0
5672,0,0,0,0,0,0
5690,0,0,0,0,0,0
5701,0,0,0,0,0,0
5707,0,0,0,0,0,0
5717,0,0,0,0,0,0
5727,0,0,0,0,0,0
5741,0,0,0,0,0,0
5749,0,0,0,0,0,0
5763,0,0,0,0,0,0
5771,0,0,0,0,0,0
5780,0,0,0,0,0,0
5788,0,0,0,0,0,0
5797,0,0,0,0,0,0
5807,0,0,0,0,0,0
5818,0,0,0,0,0,0
5826,0,0,0,0,0,0
5862,0,0,0,0,0,0
5883,0,0,0,0,0,0
5890,0,0,0,0,0,0
5898,0,0,0,0,0,0
5913,0,0,0,0,0,0
5937,0,0,0,0,0,0
5945,0,0,0,0,0,0
5950,0,0,0,0,0,0
5960,0,0,0,0,0,0
5970,0,0,0,0,0,0
5982,0,0,0,0,0,0
5990,0,0,0,0,0,0
6026,0,0,0,0,0,0
6034,0,0,0,0,0,0
6042,0,0,0,0,0,0
6050,0,0,0,0,0,0
6058,0,0,0,0,0,0
6068,0,0,0,0,0,0
6096,0,0,0,0,0,0
6102,0,0,0,0,0,0
6115,0,0,0,0,0,0
6141,0,0,0,0,0,0
6177,0,0,0,0,0,0
6206,0,0,0,0,0,0
6213,0,0,0,0,0,0
6220,0,0,0,0,0,0
6231,0,0,0,0,0,0
6255,0,0,0,0,0,0
6276,0,0,0,0,0,0
6284,0,0,0,0,0,0
6292,0,0,0,0,0,0
6300,0,0,0,0,0,0
6340,0,0,0,0,0,0
6346,0,0,0,0,0,0
6358,0,0,0,0,0,0
6365,0,0,0,0,0,0
6376,0,0,0,0,0,0
6382,0,0,0,0,0,0
6444,0,0,0,0,0,0
6464,0,0,0,0,0,0
6472,0,0,0,0,0,0
6480,0,0,0,0,0,0
6553,0,0,0,0,0,0
6562,0,0,0,0,0,0
6573,0,0,0,0,0,0
6578,0,0,0,0,0,0
6586,0,0,0,0,0,0
6594,0,1,0,0,0,0
6602,0,0,0,0,0,0
6610,0,0,0,0,0,0
6617,0,0,0,0,0,0
6628,0,0,0,0,0,0
6634,0,0,0,0,0,0
6641,0,0,0,0,0,0
6649,0,0,0,0,0,0
6657,0,0,0,0,0,0
6665,0,0,0,0,0,0
6673,0,0,0,0,0,0
6681,0,0,0,0,0,0
6689,0,0,0,0,0,0
6697,0,0,0,0,0,0
6706,0,0,0,0,0,0
6716,0,0,0,0,0,0
6727,0,0,0,0,0,0
6734,0,0,0,0,0,0
6741,0,0,0,0,0,0
6750,0,0,0,0,0,0
6758,0,0,0,0,0,0
6765,0,0,0,0,0,0
6773,0,0,0,0,0,0
6781,0,0,0,0,0,0
6789,0,0,0,0,0,0
6799,0,0,0,0,0,0
6807,0,0,0,0,0,0
6813,0,0,0,0,0,0
6822,0,0,0,0,0,0
6832,0,0,0,0,0,0
6842,0,0,0,0,0,0
6852,0,0,0,0,0,0
6858,0,0,0,0,0,0
6867,0,0,0,0,0,0
6876,0,0,0,0,0,0
6886,0,0,0,0,0,0
6894,0,0,0,0,0,0
6902,0,0,0,0,0,0
6910,0,0,0,0,0,0
6919,0,0,0,0,0,0
6929,0,0,0,0,0,0
6937,0,0,0,0,0,0
6944,0,0,0,0,0,0
6952,0,0,0,0,0,0
6960,0,0,0,0,0,0
6975,0,0,0,0,0,0
6983,0,0,0,0,0,0
6991,0,0,0,0,0,0
7010,0,0,0,0,0,0
7018,0,0,0,0,0,0
7026,0,1,1,0,0,0
7037,0,0,0,0,0,0
7044,0,2,0,0,0,0
7054,0,0,0,0,0,0
7062,0,0,0,0,0,0
7068,0,0,0,0,0,0
7073,0,0,0,0,0,0
7081,0,0,0,0,0,0
7089,0,5,0,0,0,5
7098,3,6,0,0,0,7
7107,1,7,0,0,0,7
7115,0,0,0,0,0,0
7122,0,0,0,0,0,0
7128,0,0,0,0,0,0
7136,0,0,0,0,0,0
7144,0,0,0,0,0,0
7152,0,0,0,0,0,0
7160,0,0,0,0,0,0
7169,0,0,0,0,0,0
7176,0,0,0,0,0,0
7185,0,0,0,0,0,0
7192,0,0,0,0,0,0
7200,0,0,0,0,0,0
7208,0,0,0,0,0,0
7223,0,0,0,0,0,0
7232,0,0,0,0,0,0
7240,0,0,0,0,0,0
7248,0,0,0,0,0,0
7256,0,0,0,0,0,0
7263,0,0,0,0,0,0
7280,0,0,0,0,0,0
7289,0,0,0,0,0,0
7297,0,0,0,0,0,0
7304,0,0,0,0,0,0
7312,0,0,0,0,0,0
7318,0,0,0,0,0,0
7328,0,0,0,0,0,0
7337,0,0,0,0,0,0
7346,0,0,0,0,0,0
7355,0,0,0,0,0,0
7365,0,0,0,0,0,0
7370,0,0,0,0,0,0
7378,0,0,0,0,0,0
7386,0,0,0,0,0,0
7394,0,0,0,0,0,0
7402,0,0,0,0,0,0
7410,0,0,0,0,0,0
7418,0,0,0,0,0,0
7426,0,0,0,0,0,0
7434,0,0,0,0,0,0
7442,0,0,0,0,0,0
7449,0,1,1,0,0,0
7459,0,0,0,0,0,0
7467,0,0,0,0,0,0
7475,0,0,0,0,0,0
7483,0,0,0,0,0,0
7491,0,0,0,0,0,0
7499,0,0,0,0,0,0
7507,0,0,0,0,0,0
7513,0,0,0,0,0,0
7521,0,0,2,0,0,0
7532,0,0,0,0,0,0
7539,0,0,0,0,0,0
7549,0,0,0,0,0,0
7556,0,0,0,0,0,0
7564,0,0,0,0,0,0
7570,0,0,0,0,0,0
7581,0,0,0,0,0,0
7586,0,0,0,0,0,0
7594,0,0,0,0,0,0
7602,0,2,1,0,0,0
7612,0,0,0,0,0,0
7619,0,0,0,0,0,0
7628,0,0,0,0,0,0
7634,0,0,0,0,0,0
7642,0,0,0,0,0,0
7658,0,0,0,0,0,0
7668,0,0,0,0,0,0
7673,0,0,0,0,0,0
7681,0,0,0,0,0,0
7689,0,0,0,0,0,0
7697,0,0,0,0,0,0
7705,0,0,0,0,0,0
7713,0,0,0,0,0,0
7739,0,0,0,0,0,0
7750,0,0,0,0,0,0
7754,0,0,0,0,0,0
7762,0,0,0,0,0,0
7770,0,0,0,0,0,0
7778,0,0,0,0,0,0
7793,0,0,0,0,0,0
7799,0,0,0,0,0,0
7808,0,0,0,0,0,0
7815,0,0,0,0,0,0
7821,0,0,0,0,0,0
7831,0,0,0,0,0,0
7840,0,0,0,0,0,0
7849,0,0,0,0,0,0
7858,0,0,0,0,0,0
7866,0,0,0,0,0,0
7902,0,0,0,0,0,0
7907,0,0,0,0,0,0
7914,0,0,0,0,0,0
7922,0,0,0,0,0,0
7931,0,0,0,0,0,0
7940,0,0,0,0,0,0
7948,0,0,0,0,0,0
7956,0,0,0,0,0,0
7988,0,0,0,0,0,0
8006,0,0,0,0,0,0
8014,0,0,0,0,0,0
8055,0,0,0,0,0,0
8096,0,0,0,0,0,0
8120,0,0,0,0,0,0
8127,0,0,0,0,0,0
8136,0,0,0,0,0,0
8159,0,0,0,0,0,0
8167,0,0,0,0,0,0
8175,0,0,0,0,0,0
8203,0,0,0,0,0,0
8210,0,0,0,0,0,0
8218,0,0,0,0,0,0
8327,0,0,0,0,0,0
8335,0,0,0,0,0,0
8433,0,0,0,0,0,0
8443,0,0,0,0,0,0
8469,0,0,0,0,0,0
8499,0,0,0,0,0,0
8568,0,0,0,0,0,0
8685,0,0,0,0,0,0
8721,0,0,0,0,0,0
8749,0,0,0,0,0,0
8756,0,0,0,0,0,0
8763,0,0,0,0,0,0
8770,0,0,0,0,0,0
8801,0,0,0,0,0,0
8808,0,0,0,0,0,0
8814,0,0,0,0,0,0
8821,0,0,0,0,0,0
8827,0,0,0,0,0,0
8834,0,0,0,0,0,0
8841,0,0,0,0,0,0
8848,0,0,0,0,0,0
8855,0,0,0,0,0,0
8862,0,0,0,0,0,0
8869,0,0,0,0,0,0
8876,0,0,0,0,0,0
8884,0,0,0,0,0,0
8893,0,0,0,0,0,0
8901,0,0,0,0,0,0
8908,0,0,0,0,0,0
8915,0,0,0,0,0,0
8922,0,0,0,0,0,0
8929,0,0,0,0,0,0
8935,0,0,0,0,0,0
8942,0,0,0,0,0,0
8949,0,0,0,0,0,0
8954,0,0,0,0,0,0
8961,0,0,0,0,0,0
8968,0,0,0,0,0,0
8974,0,0,0,0,0,0
8981,0,0,0,0,0,0
8988,0,0,0,0,0,0
8995,0,0,0,0,0,0
9003,0,0,0,0,0,0
9009,0,0,0,0,0,0
9018,0,0,0,0,0,0
9028,0,0,0,0,0,0
9034,0,0,0,0,0,0
9041,0,0,0,0,0,0
9046,0,0,0,0,0,0
9052,0,0,0,0,0,0
9059,0,0,0,0,0,0
9064,0,0,0,0,0,0
9071,0,0,0,0,0,0
9085,0,0,0,0,0,0
9092,0,0,0,0,0,0
9099,0,0,0,0,0,0
9106,0,0,0,0,0,0
9113,0,0,0,0,0,0
9120,0,0,0,0,0,0
9127,0,0,0,0,0,0
9134,0,0,0,0,0,0
9141,0,0,0,0,0,0
9148,0,0,0,0,0,0
9163,0,0,0,0,0,0
9176,0,0,0,0,0,0
9183,0,0,0,0,0,0
9190,0,0,0,0,0,0
9197,0,0,0,0,0,0
9215,0,0,0,0,0,0
9222,0,0,0,0,0,0
9229,0,0,0,0,0,0
9236,0,0,0,0,0,0
9243,0,0,0,0,0,0
9251,0,0,0,0,0,0
9258,0,0,0,0,0,0
9265,0,0,0,0,0,0
9272,0,0,0,0,0,0
9279,0,0,0,0,0,0
9287,0,0,0,0,0,0
9294,0,0,0,0,0,0
9300,0,0,0,0,0,0
9308,0,0,0,0,0,0
9318,0,0,0,0,0,0
9329,0,0,0,0,0,0
9336,0,0,0,0,0,0
9343,0,0,0,0,0,0
9350,0,0,0,0,0,0
9357,0,0,0,0,0,0
9364,0,0,0,0,0,0
9371,0,0,0,0,0,0
9378,0,0,0,0,0,0
9385,0,0,0,0,0,0
9392,0,0,0,0,0,0
9417,0,0,0,0,0,0
9424,0,0,0,0,0,0
9432,0,0,0,0,0,0
9454,0,0,0,0,0,0
9486,0,0,0,0,0,0
9506,0,0,0,0,0,0
9517,0,0,0,0,0,0
9525,0,0,0,0,0,0
9535,0,0,0,0,0,0
9542,0,0,0,0,0,0
9558,0,0,0,0,0,0
9568,0,0,0,0,0,0
9578,0,0,0,0,0,0
9591,0,0,0,0,0,0
9601,0,0,0,0,0,0
9612,0,0,0,0,0,0
9622,0,0,0,0,0,0
9633,0,0,0,0,0,0
9641,0,0,0,0,0,0
9651,0,0,0,0,0,0
9662,0,0,0,0,0,0
9673,0,0,0,0,0,0
9682,0,0,0,0,0,0
9694,0,0,0,0,0,0
9703,0,0,0,0,0,0
9712,0,0,0,0,0,0
9721,0,0,0,0,0,0
9736,0,0,0,0,0,0
9745,0,0,0,0,0,0
9754,0,0,0,0,0,0
9764,0,0,0,0,0,0
9772,0,0,0,0,0,0
9783,0,0,0,0,0,0
9793,0,0,0,0,0,0
9819,0,0,0,0,0,0
9829,0,0,0,0,0,0
9839,0,0,0,0,0,0
9849,0,0,0,0,0,0
9859,0,0,0,0,0,0
9869,0,0,0,0,0,0
9879,0,0,0,0,0,0
9900,0,0,0,0,0,0
9910,0,0,0,0,0,0
9920,0,0,0,0,0,0
9930,0,0,0,0,0,0
9940,0,0,0,0,0,0
9950,0,0,0,0,0,0
9959,0,0,0,0,0,0
9967,0,0,0,0,0,0
9974,0,0,0,0,0,0
9989,0,0,0,0,0,0
9998,0,0,0,0,0,0
10007,0,0,0,0,0,0
10016,0,0,0,0,0,0
10025,0,0,0,0,0,0
10035,0,0,0,0,0,0
10045,0,0,0,0,0,0
10055,0,0,0,0,0,0
10067,0,0,0,0,0,0
10081,0,0,0,0,0,0
10092,0,0,0,0,0,0
10101,0,0,0,0,0,0
10110,0,0,0,0,0,0
10119,0,0,0,0,0,0
10127,0,0,0,0,0,0
10184,0,0,0,0,0,0
10224,0,0,0,0,0,0
10244,0,0,0,0,0,0
10287,0,0,0,0,0,0
10297,0,0,0,0,0,0
10307,0,0,0,0,0,0
10317,0,0,0,0,0,0
10337,0,0,0,0,0,0
10377,0,0,0,0,0,0
10387,0,0,0,0,0,0
10397,0,0,0,0,0,0
10407,0,0,0,0,0,0
10417,0,0,0,0,0,0
10530,0,0,0,0,0,0
10550,0,0,0,0,0,0
10630,0,0,0,0,0,0
10640,0,0,0,0,0,0
10729,0,0,0,0,0,0
10738,0,0,0,0,0,0
10864,0,0,0,0,0,0
10901,0,0,0,0,0,0
10909,0,0,0,0,0,0
10917,0,0,0,0,0,0
10941,0,0,0,0,0,0
10947,0,0,0,0,0,0
10971,0,0,0,0,0,0
10979,0,0,0,0,0,0
10987,0,0,0,0,0,0
10995,0,0,0,0,0,0
11003,0,0,0,0,0,0
11011,0,0,0,0,0,0
11020,0,0,0,0,0,0
11028,0,0,0,0,0,0
11035,0,0,0,0,0,0
11044,0,0,0,0,0,0
11051,0,0,0,0,0,0
11059,0,0,0,0,0,0
11067,0,0,0,0,0,0
11075,0,0,0,0,0,0
11083,0,0,0,0,0,0
11091,0,0,0,0,0,0
11100,0,0,0,0,0,0
11107,0,0,0,0,0,0
11124,0,0,0,0,0,0
11137,0,0,0,0,0,0
11145,0,0,0,0,0,0
11154,0,0,0,0,0,0
11163,0,0,0,0,0,0
11174,0,0,0,0,0,0
11184,0,0,0,0,0,0
11193,0,0,0,0,0,0
11203,0,0,0,0,0,0
11214,0,0,0,0,0,0
11226,0,0,0,0,0,0
11236,0,0,0,0,0,0
11246,0,0,0,0,0,0
11257,0,0,0,0,0,0
11268,0,0,0,0,0,0
11277,0,0,0,0,0,0
11286,0,0,0,0,0,0
11297,0,0,0,0,0,0
11307,0,0,0,0,0,0
11318,0,0,0,0,0,0
11329,0,0,0,0,0,0
11339,0,0,0,0,0,0
11359,0,0,0,0,0,0
11369,0,0,0,0,0,0
11383,0,0,0,0,0,0
11389,0,0,0,0,0,0
11401,0,0,0,0,0,0
11412,0,0,0,0,0,0
11422,0,0,0,0,0,0
11432,0,0,0,0,0,0
11442,0,0,0,0,0,0
11452,0,0,0,0,0,0
11462,0,0,0,0,0,0
11479,0,0,0,0,0,0
11489,0,0,0,0,0,0
11500,0,0,0,0,0,0
11521,0,0,0,0,0,0
11533,0,0,0,0,0,0
11542,0,0,0,0,0,0
11552,0,0,0,0,0,0
11562,0,0,0,0,0,0
11571,0,0,0,0,0,0
11581,0,0,0,0,0,0
11610,0,0,0,0,0,0
11619,0,0,0,0,0,0
11637,0,0,0,0,0,0
11662,0,0,0,0,0,0
11671,0,0,0,0,0,0
11679,0,0,0,0,0,0
11689,0,0,0,0,0,0
11696,0,0,0,0,0,0
11707,0,0,0,0,0,0
11716,0,0,0,0,0,0
11725,0,0,0,0,0,0
11732,0,0,0,0,0,0
11744,0,0,0,0,0,0
11753,0,0,0,0,0,0
11762,0,0,0,0,0,0
11769,0,0,0,0,0,0
11779,0,0,0,0,0,0
11786,0,0,0,0,0,0
11793,0,0,0,0,0,0
11801,0,0,0,0,0,0
11816,0,0,0,0,0,0
11825,0,0,0,0,0,0
11834,0,0,0,0,0,0
11843,0,0,0,0,0,0
11851,0,0,0,0,0,0
11857,0,0,0,0,0,0
11863,0,0,0,0,0,0
11879,0,0,0,0,0,0
11886,0,0,0,0,0,0
11893,0,0,0,0,0,0
11902,0,0,0,0,0,0
11913,0,0,0,0,0,0
11924,0,0,0,0,0,0
11928,0,0,0,0,0,0
11939,0,0,0,0,0,0
11947,0,0,0,0,0,0
11959,0,0,0,0,0,0
11969,0,0,0,0,0,0
11976,0,0,0,0,0,0
11982,0,0,0,0,0,0
12003,0,0,0,0,0,0
12010,0,0,0,0,0,0
12021,0,0,0,0,0,0
12026,0,0,0,0,0,0
12041,0,0,0,0,0,0
12048,0,0,0,0,0,0
12054,0,0,0,0,0,0
12060,0,0,0,0,0,0
12070,0,0,0,0,0,0
12080,0,0,0,0,0,0
12092,0,0,0,0,0,0
12101,0,0,0,0,0,0
12107,0,0,0,0,0,0
12119,0,0,0,0,0,0
12125,0,0,0,0,0,0
12140,0,0,0,0,0,0
12149,0,0,0,0,0,0
12158,0,0,0,0,0,0
12167,0,0,0,0,0,0
12176,0,0,0,0,0,0
12184,0,0,0,0,0,0
12190,0,0,0,0,0,0
12202,0,0,0,0,0,0
12209,0,0,0,0,0,0
12221,0,0,0,0,0,0
12228,0,0,0,0,0,0
12234,0,0,0,0,0,0
12245,0,0,0,0,0,0
12252,0,0,0,0,0,0
12258,0,0,0,0,0,0
12268,0,0,0,0,0,0
12281,0,0,0,0,0,0
12288,0,0,0,0,0,0
12294,0,0,0,0,0,0
12304,0,0,0,0,0,0
12323,0,0,0,0,0,0
12335,0,0,0,0,0,0
12342,0,0,0,0,0,0
12371,0,0,0,0,0,0
12379,0,0,0,0,0,0
12387,0,0,0,0,0,0
12406,0,0,0,0,0,0
12419,0,0,0,0,0,0
12426,0,0,0,0,0,0
12432,0,0,0,0,0,0
12446,0,0,0,0,0,0
12453,0,0,0,0,0,0
12459,0,0,0,0,0,0
12472,0,0,0,0,0,0
12483,0,0,0,0,0,0
12493,0,0,0,0,0,0
12500,0,0,0,0,0,0
12507,0,0,0,0,0,0
12514,0,0,0,0,0,0
12519,0,0,0,0,0,0
12528,0,0,0,0,0,0
12536,0,0,0,0,0,0
12543,0,0,0,0,0,0
12549,0,0,0,0,0,0
12553,0,0,0,0,0,0
12567,0,0,0,0,0,0
12573,0,0,0,0,0,0
12580,0,0,0,0,0,0
12587,0,0,0,0,0,0
12594,0,0,0,0,0,0
12601,0,0,0,0,0,0
12608,0,0,0,0,0,0
12616,0,0,0,0,0,0
12623,0,0,0,0,0,0
12630,0,0,0,0,0,0
12635,0,0,0,0,0,0
12657,0,0,0,0,0,0
12684,0,0,0,0,0,0
12691,0,0,0,0,0,0
12702,0,0,0,0,0,0
12716,0,0,0,0,0,0
12736,0,0,0,0,0,0
12744,0,0,0,0,0,0
12758,0,0,0,0,0,0
12765,0,0,0,0,0,0
12776,0,0,0,0,0,0
12783,0,0,0,0,0,0
12801,0,0,0,0,0,0
12808,0,0,0,0,0,0
12828,0,0,0,0,0,0
12835,0,0,0,0,0,0
12843,0,0,0,0,0,0
12857,0,0,0,0,0,0
12864,0,0,0,0,0,0
12871,0,0,0,0,0,0
12899,0,0,0,0,0,0
12910,0,0,0,0,0,0
12955,0,0,0,0,0,0
12960,0,0,0,0,0,0
12981,0,0,0,0,0,0
12988,0,0,0,0,0,0
13008,0,0,0,0,0,0
13034,0,0,0,0,0,0
13042,0,0,0,0,0,0
13051,0,0,0,0,0,0
13071,0,0,0,4,0,0
13078,0,0,0,0,0,0
13096,0,0,0,0,0,0
13117,0,0,0,0,0,0
13124,0,0,0,0,0,0
13133,0,0,0,0,0,0
13142,0,0,0,0,0,0
13149,0,0,0,0,0,0
13157,0,0,0,0,0,0
13164,1,6,0,0,0,6
13171,0,0,0,0,0,0
13176,0,0,0,0,0,0
13186,0,0,0,0,0,0
13192,0,0,0,0,0,0
13199,0,0,0,0,0,0
13207,0,0,0,0,0,0
13214,0,0,0,0,0,0
13221,0,0,0,0,0,0
13228,0,0,0,0,0,0
13235,0,0,0,0,0,0
13242,0,0,0,0,0,0
13248,0,0,0,0,0,0
13255,0,0,0,0,0,0
13263,0,2,0,0,0,0
13270,0,0,0,0,0,0
13277,0,0,0,0,0,0
13285,0,0,0,0,0,0
13291,0,0,0,0,0,0
13299,0,0,0,0,0,0
13306,0,0,0,0,0,0
13313,0,0,0,0,0,0
13320,0,0,0,0,0,0
13327,0,0,0,0,0,0
13334,0,0,0,0,0,0
13341,0,0,0,0,0,0
13348,0,0,0,0,0,0
13355,0,0,0,0,0,0
13362,0,0,0,0,0,0
13369,0,0,0,0,0,0
13374,0,0,0,0,0,0
13383,0,0,0,0,0,0
13391,0,0,0,0,0,0
13398,1,4,0,0,0,5
13405,0,0,0,0,0,0
13411,0,0,0,0,0,0
13417,0,0,0,0,0,0
13424,0,0,0,0,0,0
13431,0,0,0,0,0,0
13437,0,0,0,0,0,0
13445,0,0,0,0,0,0
13452,0,0,0,0,0,0
13459,0,0,0,0,0,0
13466,0,0,0,0,0,0
13473,0,0,0,0,0,0
13479,0,0,0,0,0,0
13486,0,0,0,0,0,0
13494,0,0,0,0,0,0
13498,0,0,0,0,0,0
13506,0,2,0,0,0,0
13515,0,1,0,0,0,0
13522,0,0,0,0,0,0
13528,0,0,0,0,0,0
13543,0,0,0,0,0,0
13551,0,0,0,0,0,0
13558,0,0,0,0,0,0
13564,0,0,0,0,0,0
13571,0,0,0,0,0,0
13580,0,0,0,0,0,0
13586,0,0,0,0,0,0
13592,0,0,0,0,0,0
13599,0,0,0,0,0,0
13605,0,0,0,0,0,0
13612,0,0,0,0,0,0
13619,0,0,0,0,0,0
13628,0,0,0,0,0,0
13635,2,0,0,0,0,2
13643,0,0,0,0,0,0
13650,3,5,0,0,0,7
13657,0,0,0,0,0,0
13664,0,0,0,0,0,0
13671,0,0,0,0,0,0
13680,0,0,0,0,0,0
13690,0,0,0,0,0,0
13697,0,0,0,0,0,0
13704,0,0,0,0,0,0
13711,0,0,0,0,0,0
13718,0,0,0,0,0,0
13725,0,0,0,0,0,0
13731,0,0,0,0,0,0
13738,0,0,0,0,0,0
13744,0,0,0,0,0,0
13752,0,0,0,0,0,0
13757,0,0,0,0,0,0
13764,0,0,0,0,0,0
13783,0,0,0,0,0,0
13795,0,0,0,0,0,0
13801,0,0,0,0,0,0
13807,0,0,0,0,0,0
13814,0,0,0,0,0,0
13820,0,0,0,0,0,0
13826,0,0,0,0,0,0
13832,0,0,0,0,0,0
13838,0,0,0,0,0,0
13844,0,0,0,0,0,0
13850,0,0,0,0,0,0
13856,0,0,0,0,0,0
13862,0,0,0,0,0,0
13869,0,0,0,0,0,0
13875,0,0,0,0,0,0
13883,0,0,0,0,0,0
13889,0,0,0,0,0,0
13895,0,0,0,0,0,0
13901,0,0,0,0,0,0
13907,0,0,0,0,0,0
13916,0,0,0,0,0,0
13924,0,0,0,0,0,0
13932,0,0,0,0,0,0
13938,0,0,0,0,0,0
13944,0,0,0,0,0,0
13951,0,0,0,0,0,0
13956,0,0,0,0,0,0
13963,0,0,0,0,0,0
13970,0,0,0,0,0,0
13976,0,0,0,0,0,0
13982,0,0,0,0,0,0
13987,0,0,0,0,0,0
13993,0,0,0,0,0,0
14001,0,1,0,0,0,0
14007,0,0,0,0,0,0
14013,0,0,0,0,0,0
14019,0,0,0,0,0,0
14025,0,0,0,0,0,0
14031,0,0,0,0,0,0
14037,0,0,0,0,0,0
14043,0,0,0,0,0,0
14049,0,0,0,0,0,0
14055,0,0,0,0,0,0
14061,0,0,0,0,0,0
14067,0,0,0,0,0,0
14073,0,0,1,0,0,0
14079,0,0,0,0,0,0
14085,0,0,0,0,0,0
14091,0,0,0,0,0,0
14097,0,0,0,0,0,0
14103,0,0,0,0,0,0
14111,0,0,0,0,0,0
14117,0,0,0,0,0,0
14123,0,0,0,0,0,0
14129,0,0,0,0,0,0
14135,0,0,0,0,0,0
14141,0,0,0,0,0,0
14146,0,0,0,0,0,0
14153,0,0,0,0,0,0
14159,0,0,0,0,0,0
14166,0,0,0,0,0,0
14172,0,1,0,1,0,0
14180,0,0,0,0,0,0
14186,0,0,0,0,0,0
14192,0,0,0,0,0,0
14198,0,0,0,0,0,0
14204,0,0,0,0,0,0
14210,0,0,0,0,0,0
14216,0,0,0,0,0,0
14220,0,0,0,0,0,0
14226,0,0,1,0,0,0
14232,0,0,0,0,0,0
14238,0,0,0,0,0,0
14244,0,1,1,0,0,0
14252,0,0,0,0,0,0
14258,0,0,0,0,0,0
14270,0,0,0,0,0,0
14276,0,0,0,0,0,0
14282,0,0,0,0,0,0
14288,0,0,0,0,0,0
14292,0,0,0,0,0,0
14299,0,0,0,0,0,0
14305,0,0,0,0,0,0
14311,0,0,0,0,0,0
14317,0,0,0,0,0,0
14325,0,0,1,0,0,0
14331,0,0,0,0,0,0
14339,0,0,0,0,0,0
14345,0,0,0,0,0,0
14351,0,0,0,0,0,0
14356,0,0,0,0,0,0
14363,0,0,0,0,0,0
14369,0,0,0,0,0,0
14375,0,0,0,0,0,0
14382,0,0,0,0,0,0
14388,0,1,0,1,1,0
14396,0,0,0,0,0,0
14402,0,0,0,0,0,0
14409,0,0,0,0,0,0
14415,0,1,0,2,1,0
14421,0,0,0,0,0,0
14427,0,0,0,0,0,0
14439,0,0,0,0,0,0
14445,0,0,0,0,0,0
14457,0,0,0,0,0,0
14463,0,0,0,0,0,0
14469,0,0,0,0,0,0
14474,0,0,0,0,0,0
14482,0,0,0,0,0,0
14488,0,0,0,0,0,0
14493,0,0,0,0,0,0
14499,0,0,0,0,0,0
14519,0,0,0,0,0,0
14531,0,0,0,0,0,0
14537,0,0,0,0,0,0
14547,0,0,0,0,0,0
14554,0,0,0,0,0,0
14565,0,0,0,0,0,0
14573,0,0,0,0,0,0
14579,0,0,0,0,0,0
14645,0,0,0,0,0,0
14663,0,0,0,0,0,0
14681,0,0,0,0,0,0
14693,0,0,0,0,0,0
14698,0,0,0,0,0,0
14716,0,0,0,0,0,0
14728,0,0,0,0,0,0
14747,0,0,0,0,0,0
14753,0,0,0,0,0,0
14772,0,0,0,0,0,0
14778,0,0,0,0,0,0
14783,0,0,0,0,0,0
14790,0,0,0,0,0,0
14796,0,0,0,0,0,0
14809,0,0,0,0,0,0
14816,0,0,0,0,0,0
14959,0,0,0,0,0,0
14985,0,0,0,0,0,0
15005,0,0,0,0,0,0
15022,0,0,0,0,0,0
15031,0,0,0,0,0,0
15057,0,0,0,0,0,0
15274,0,0,0,0,0,0
15283,0,0,0,0,0,0
15291,0,0,0,0,0,0
15293,0,0,0,0,0,0
15301,0,0,0,0,0,0
15309,0,0,0,0,0,0
15311,0,0,0,0,0,0
15314,0,0,0,0,0,0
15316,0,0,0,0,0,0
15318,0,0,0,0,0,0
15320,0,0,0,0,0,0
15322,0,0,0,0,0,0
15324,0,0,0,0,0,0
15326,0,0,0,0,0,0
15328,0,0,0,0,0,0
15330,0,0,0,0,0,0
15332,0,0,0,0,0,0
15334,0,0,0,0,0,0
15336,0,0,0,0,0,0
15338,0,0,0,0,0,0
15340,0,0,0,0,0,0
15342,0,0,0,0,0,0
15344,0,0,0,0,0,0
15346,0,0,0,0,0,0
15348,0,0,0,0,0,0
15350,0,0,0,0,0,0
15352,0,0,0,0,0,0
15354,0,0,0,0,0,0
15356,0,0,0,0,0,0
15358,0,0,0,0,0,0
15360,0,0,0,0,0,0
15362,0,0,0,0,0,0
15364,0,0,0,0,0,0
15366,0,0,0,0,0,0
15367,0,0,0,0,0,0
15369,0,0,0,0,0,0
15371,0,0,0,0,0,0
15373,0,0,0,0,0,0
15375,0,0,0,0,0,0
15377,0,0,0,0,0,0
15379,0,0,0,0,0,0
15381,0,0,0,0,0,0
15386,0,0,0,0,0,0
15387,0,0,0,0,0,0
15389,0,0,0,0,0,0
15391,0,0,0,0,0,0
15393,0,0,0,0,0,0
15395,0,0,0,0,0,0
15397,0,0,0,0,0,0
15399,0,0,0,0,0,0
15401,0,0,0,0,0,0
15403,0,0,0,0,0,0
15405,0,0,0,0,0,0
15407,0,0,0,0,0,0
15409,0,0,0,0,0,0
15411,0,0,0,0,0,0
15413,0,0,0,0,0,0
15415,0,0,0,0,0,0
15417,0,0,0,0,0,0
15419,0,0,0,0,0,0
15421,0,0,0,0,0,0
15423,0,0,0,0,0,0
15425,0,0,0,0,0,0
15427,0,0,0,0,0,0
15429,0,0,0,0,0,0
15431,0,0,0,0,0,0
15433,0,0,0,0,0,0
15435,0,0,0,0,0,0
15437,0,0,0,0,0,0
15440,0,0,0,0,0,0
15442,0,0,0,0,0,0
15443,0,0,0,0,0,0
15445,0,0,0,0,0,0
15447,0,0,0,0,0,0
15449,0,0,0,0,0,0
15451,0,0,0,0,0,0
15453,0,0,0,0,0,0
15455,0,0,0,0,0,0
15458,0,0,0,0,0,0
15460,0,0,0,0,0,0
15462,0,0,0,0,0,0
15464,0,0,0,0,0,0
15466,0,0,0,0,0,0
15468,0,0,0,0,0,0
15470,0,0,0,0,0,0
15474,0,0,0,0,0,0
15476,0,0,0,0,0,0
15478,0,0,0,0,0,0
15482,0,0,0,0,0,0
15484,0,0,0,0,0,0
15486,0,0,0,0,0,0
15488,0,0,0,0,0,0
15490,0,0,0,0,0,0
15492,0,0,0,0,0,0
15494,0,0,0,0,0,0
15496,0,0,0,0,0,0
15498,0,0,0,0,0,0
15500,0,0,0,0,0,0
15502,0,0,0,0,0,0
15504,0,0,0,0,0,0
15506,0,0,0,0,0,0
15508,0,0,0,0,0,0
15510,0,0,0,0,0,0
15512,0,0,0,0,0,0
15514,0,0,0,0,0,0
15516,0,0,0,0,0,0
15518,0,0,0,0,0,0
15520,0,0,0,0,0,0
15522,0,0,0,0,0,0
15524,0,0,0,0,0,0
15526,0,0,0,0,0,0
15528,0,0,0,0,0,0
15530,0,0,0,0,0,0
15532,0,0,0,0,0,0
15534,0,0,0,0,0,0
15536,0,0,0,0,0,0
15538,0,0,0,0,0,0
15540,0,0,0,0,0,0
15542,0,0,0,0,0,0
15544,0,0,0,0,0,0
15546,0,0,0,0,0,0
15548,0,0,0,0,0,0
15550,0,0,0,0,0,0
15552,0,0,0,0,0,0
15555,0,0,0,0,0,0
15557,0,0,0,0,0,0
15559,0,0,0,0,0,0
15561,0,0,0,0,0,0
15563,0,0,0,0,0,0
15565,0,0,0,0,0,0
15567,0,0,0,0,0,0
15569,0,0,0,0,0,0
15571,0,0,0,0,0,0
15573,0,0,0,0,0,0
15575,0,0,0,0,0,0
15577,0,0,0,0,0,0
15579,0,0,0,0,0,0
15583,0,0,0,0,0,0
15585,0,0,0,0,0,0
15587,0,0,0,0,0,0
15591,0,0,0,0,0,0
15593,0,0,0,0,0,0
15595,0,0,0,0,0,0
15597,0,0,0,0,0,0
15601,0,0,0,0,0,0
15603,0,0,0,0,0,0
15605,0,0,0,0,0,0
15607,0,0,0,0,0,0
15609,0,0,0,0,0,0
15610,0,0,0,0,0,0
15612,0,0,0,0,0,0
15615,0,0,0,0,0,0
15617,0,0,0,0,0,0
15619,0,0,0,0,0,0
15621,0,0,0,0,0,0
15623,0,0,0,0,0,0
15625,0,0,0,0,0,0
15627,0,0,0,0,0,0
15629,0,0,0,0,0,0
15631,0,0,0,0,0,0
15633,0,0,0,0,0,0
15635,0,0,0,0,0,0
15637,0,0,0,0,0,0
15638,0,0,0,0,0,0
15641,0,0,0,0,0,0
15643,0,0,0,0,0,0
15645,0,0,0,0,0,0
15646,0,0,0,0,0,0
15648,0,0,0,0,0,0
15650,0,0,0,0,0,0
15652,0,0,0,0,0,0
15654,0,0,0,0,0,0
15656,0,0,0,0,0,0
15658,0,0,0,0,0,0
15660,0,0,0,0,0,0
15662,0,0,0,0,0,0
15664,0,0,0,0,0,0
15666,0,0,0,0,0,0
15669,0,0,0,0,0,0
15671,0,0,0,0,0,0
15673,0,0,0,0,0,0
15675,0,0,0,0,0,0
15677,0,0,0,0,0,0
15679,0,0,0,0,0,0
15681,0,0,0,0,0,0
15683,0,0,0,0,0,0
15685,0,0,0,0,0,0
15687,0,0,0,0,0,0
15689,0,0,0,0,0,0
15691,0,0,0,0,0,0
15693,0,0,0,0,0,0
15695,0,0,0,0,0,0
15697,0,0,0,0,0,0
15699,0,0,0,0,0,0
15701,0,0,0,0,0,0
15703,0,0,0,0,0,0
15705,0,0,0,0,0,0
15707,0,0,0,0,0,0
15709,0,0,0,0,0,0
15711,0,0,0,0,0,0
15713,0,0,0,0,0,0
15717,0,0,0,0,0,0
15719,0,0,0,0,0,0
15725,0,0,0,0,0,0
15727,0,0,0,0,0,0
15729,0,0,0,0,0,0
15731,0,0,0,0,0,0
15735,0,0,0,0,0,0
15737,0,0,0,0,0,0
15739,0,0,0,0,0,0
15743,0,0,0,0,0,0
15745,0,0,0,0,0,0
15747,0,0,0,0,0,0
15749,0,0,0,0,0,0
15751,0,0,0,0,0,0
15753,0,0,0,0,0,0
15755,0,0,0,0,0,0
15757,0,0,0,0,0,0
15762,0,0,0,0,0,0
15764,0,0,0,0,0,0
15765,0,0,0,0,0,0
15767,0,0,0,0,0,0
15769,0,0,0,0,0,0
15771,0,0,0,0,0,0
15773,0,0,0,0,0,0
15775,0,0,0,0,0,0
15777,0,0,0,0,0,0
15779,0,0,0,0,0,0
15781,0,0,0,0,0,0
15783,0,0,0,0,0,0
15785,0,0,0,0,0,0
15787,0,0,0,0,0,0
15789,0,0,0,0,0,0
15791,0,0,0,0,0,0
15793,0,0,0,0,0,0
15795,0,0,0,0,0,0
15797,0,0,0,0,0,0
15799,0,0,0,0,0,0
15801,0,0,0,0,0,0
15803,0,0,0,0,0,0
15805,0,0,0,0,0,0
15807,0,0,0,0,0,0
15809,0,0,0,0,0,0
15811,0,0,0,0,0,0
15813,0,0,0,0,0,0
15815,0,0,0,0,0,0
15817,0,0,0,0,0,0
15819,0,0,0,0,0,0
15821,0,0,0,0,0,0
15826,0,0,0,0,0,0
15828,0,0,0,0,0,0
15830,0,0,0,0,0,0
15831,0,0,0,0,0,0
15834,0,0,0,0,0,0
15835,0,0,0,0,0,0
15837,0,0,0,0,0,0
15839,0,0,0,0,0,0
15841,0,0,0,0,0,0
15843,0,0,0,0,0,0
15845,0,0,0,0,0,0
15847,0,0,0,0,0,0
15849,0,0,0,0,0,0
15851,0,0,0,0,0,0
15853,0,0,0,0,0,0
15855,0,0,0,0,0,0
15857,0,0,0,0,0,0
15859,0,0,0,0,0,0
15861,0,0,0,0,0,0
15863,0,0,0,0,0,0
15865,0,0,0,0,0,0
15867,0,0,0,0,0,0
15870,0,0,0,0,0,0
15871,0,0,0,0,0,0
15874,0,0,0,0,0,0
15876,0,0,0,0,0,0
15878,0,0,0,0,0,0
15880,0,0,0,0,0,0
15882,0,0,0,0,0,0
15884,0,0,0,0,0,0
15886,0,0,0,0,0,0
15888,0,0,0,0,0,0
15889,0,0,0,0,0,0
15892,0,0,0,0,0,0
15894,0,0,0,0,0,0
15896,0,0,0,0,0,0
15898,0,0,0,0,0,0
15900,0,0,0,0,0,0
15902,0,0,0,0,0,0
15904,0,0,0,0,0,0
15906,0,0,0,0,0,0
15908,0,0,0,0,0,0
15910,0,0,0,0,0,0
15912,0,0,0,0,0,0
15914,0,0,0,0,0,0
15916,0,0,0,0,0,0
15918,0,0,0,0,0,0
15920,0,0,0,0,0,0
15922,0,0,0,0,0,0
15924,0,0,0,0,0,0
15926,0,0,0,0,0,0
15928,0,0,0,0,0,0
15930,0,0,0,0,0,0
15932,0,0,0,0,0,0
15934,0,0,0,0,0,0
15936,0,0,0,0,0,0
15938,0,0,0,0,0,0
15940,0,0,0,0,0,0
15942,0,0,0,0,0,0
15944,0,0,0,0,0,0
15946,0,0,0,0,0,0
15948,0,0,0,0,0,0
15950,0,0,0,0,0,0
15952,0,0,0,0,0,0
15954,0,0,0,0,0,0
15956,0,0,0,0,0,0
15960,0,0,0,0,0,0
15962,0,0,0,0,0,0
15970,0,0,0,0,0,0
15978,0,0,0,0,0,0
15980,0,0,0,0,0,0
15986,0,0,0,0,0,0
15988,0,0,0,0,0,0
15994,0,0,0,0,0,0
15996,0,0,0,0,0,0
15998,0,0,0,0,0,0
16004,0,0,0,0,0,0
16006,0,0,0,0,0,0
16008,0,0,0,0,0,0
16010,0,0,0,0,0,0
16012,0,0,0,0,0,0
16013,0,0,0,0,0,0
16015,0,0,0,0,0,0
16017,0,0,0,0,0,0
16019,0,0,0,0,0,0
16021,0,0,0,0,0,0
16023,0,0,0,0,0,0
16025,0,0,0,0,0,0
16027,0,0,0,0,0,0
16031,0,0,0,0,0,0
16033,0,0,0,0,0,0
16035,0,0,0,0,0,0
16037,0,0,0,0,0,0
16041,0,0,0,0,0,0
16042,0,0,0,0,0,0
16044,0,0,0,0,0,0
16046,0,0,0,0,0,0
16050,0,0,0,0,0,0
16052,0,0,0,0,0,0
16055,0,0,0,0,0,0
16056,0,0,0,0,0,0
16059,0,0,0,0,0,0
16061,0,0,0,0,0,0
16063,0,0,0,0,0,0
16065,0,0,0,0,0,0
16067,0,0,0,0,0,0
16070,0,0,0,0,0,0
16072,0,0,0,0,0,0
16074,0,0,0,0,0,0
16076,0,0,0,0,0,0
16079,0,0,0,0,0,0
16081,0,0,0,0,0,0
16083,0,0,0,0,0,0
16085,0,0,0,0,0,0
16088,0,0,0,0,0,0
16090,0,0,0,0,0,0
16092,0,0,0,0,0,0
16094,0,0,0,0,0,0
16096,0,0,0,0,0,0
16098,0,0,0,0,0,0
16100,0,0,0,0,0,0
16104,0,0,0,0,0,0
16105,0,0,0,0,0,0
16107,0,0,0,0,0,0
16109,0,0,0,0,0,0
16113,0,0,0,0,0,0
16114,0,0,0,0,0,0
16116,0,0,0,0,0,0
16118,0,0,0,0,0,0
16120,0,0,0,0,0,0
16122,0,0,0,0,0,0
16124,0,0,0,0,0,0
16126,0,0,0,0,0,0
16128,0,0,0,0,0,0
16130,0,0,0,0,0,0
16132,0,0,0,0,0,0
16134,0,0,0,0,0,0
16136,0,0,0,0,0,0
16138,0,0,0,0,0,0
16140,0,0,0,0,0,0
16142,0,0,0,0,0,0
16144,0,0,0,0,0,0
16146,0,0,0,0,0,0
16148,0,0,0,0,0,0
16150,0,0,0,0,0,0
16152,0,0,0,0,0,0
16154,0,0,0,0,0,0
16156,0,0,0,0,0,0
16158,0,0,0,0,0,0
16160,0,0,0,0,0,0
16162,0,0,0,0,0,0
16164,0,0,0,0,0,0
16166,0,0,0,0,0,0
16168,0,0,0,0,0,0
16170,0,0,0,0,0,0
16172,0,0,0,0,0,0
16174,0,0,0,0,0,0
16176,0,0,0,0,0,0
16178,0,0,0,0,0,0
16180,0,0,0,0,0,0
16182,0,0,0,0,0,0
16184,0,0,0,0,0,0
16186,0,0,0,0,0,0
16188,0,0,0,0,0,0
16190,0,0,0,0,0,0
16192,0,0,0,0,0,0
16194,0,0,0,0,0,0
16196,0,0,0,0,0,0
16198,0,0,0,0,0,0
16200,0,0,0,0,0,0
16202,0,0,0,0,0,0
16204,0,0,0,0,0,0
16206,0,0,0,0,0,0
16208,0,0,0,0,0,0
16210,0,0,0,0,0,0
16212,0,0,0,0,0,0
16214,0,0,0,0,0,0
16216,0,0,0,0,0,0
16218,0,0,0,0,0,0
16220,0,0,0,0,0,0
16222,0,0,0,0,0,0
16224,0,0,0,0,0,0
16226,0,0,0,0,0,0
16229,0,0,0,0,0,0
16236,0,0,0,0,0,0
16247,0,0,0,0,0,0
16258,0,0,0,0,0,0
16268,0,0,0,0,0,0
16276,0,0,0,0,0,0
16287,0,0,0,0,0,0
16298,0,0,0,0,0,0
16308,0,0,0,0,0,0
16319,0,0,0,0,0,0
16332,0,0,0,0,0,0
16342,0,0,0,0,0,0
16352,0,0,0,0,0,0
16362,0,0,0,0,0,0
16372,0,0,0,0,0,0
16382,0,0,0,0,0,0
16395,0,0,0,0,0,0
16406,0,0,0,0,0,0
16416,0,0,0,0,0,0
16426,0,0,0,0,0,0
16437,0,0,0,0,0,0
16444,0,0,0,0,0,0
16455,0,0,0,0,0,0
16464,0,0,0,0,0,0
16486,0,0,0,0,0,0
16495,0,0,0,0,0,0
16508,0,0,0,0,0,0
16518,0,0,0,0,0,0
16528,0,0,0,0,0,0
16538,0,0,0,0,0,0
16549,0,0,0,0,0,0
16560,0,0,0,0,0,0
16579,0,0,0,0,0,0
16591,0,0,0,0,0,0
16601,0,0,0,0,0,0
16623,0,0,0,0,0,0
16633,0,0,0,0,0,0
16643,0,0,0,0,0,0
16654,0,0,0,0,0,0
16664,0,0,0,0,0,0
16673,0,0,0,0,0,0
16682,0,0,0,0,0,0
16740,0,0,0,0,0,0
16758,0,0,0,0,0,0
16766,0,0,0,0,0,0
16807,0,0,0,0,0,0
16852,0,0,0,0,0,0
16871,0,0,0,0,0,0
16879,0,0,0,0,0,0
16887,0,0,0,0,0,0
16893,0,0,0,0,0,0
16907,0,0,0,0,0,0
16916,0,0,0,0,0,0
16925,0,0,0,0,0,0
16934,0,0,0,0,0,0
16951,0,0,0,0,0,0
16961,0,0,0,0,0,0
16969,0,0,0,0,0,0
16979,0,0,0,0,0,0
16990,0,0,0,0,0,0
17002,0,0,0,0,0,0
17009,0,0,0,0,0,0
17046,0,0,0,0,0,0
17075,0,0,0,0,0,0
17101,0,0,0,0,0,0
17110,0,0,0,0,0,0
17119,0,0,0,0,0,0
17129,0,0,0,0,0,0
17138,0,0,0,0,0,0
17148,0,0,0,0,0,0
17156,0,0,0,0,0,0
17173,0,0,0,0,0,0
17235,0,0,0,0,0,0
17246,0,0,0,0,0,0
17354,0,0,0,0,0,0
17371,0,0,0,0,0,0
17407,0,0,0,0,0,0
17425,0,0,0,0,0,0
17444,0,0,0,0,0,0
17452,0,0,0,0,0,0
17460,0,0,0,0,0,0
17480,0,0,0,0,0,0
17488,0,0,0,0,0,0
17505,0,0,0,0,0,0
17514,0,0,0,0,0,0
17522,0,0,0,0,0,0
17531,0,0,0,0,0,0
17539,0,0,0,0,0,0
17547,0,0,0,0,0,0
17555,0,0,0,0,0,0
17562,0,0,0,0,0,0
17570,0,0,0,0,0,0
17578,0,0,0,0,0,0
17586,0,0,0,0,0,0
17594,0,0,0,0,0,0
17602,0,0,0,0,0,0
17609,0,0,0,0,0,0
17618,0,0,0,0,0,0
17624,0,0,0,0,0,0
17634,0,0,0,0,0,0
17642,0,0,0,0,0,0
17650,0,0,0,0,0,0
17668,0,0,0,0,0,0
17675,0,0,0,0,0,0
17683,0,0,0,0,0,0
17691,0,0,0,0,0,0
17699,0,0,0,0,0,0
17707,0,0,0,0,0,0
17715,0,0,0,0,0,0
17723,0,0,0,0,0,0
17731,0,0,0,0,0,0
17747,0,0,0,0,0,0
17755,0,0,0,0,0,0
17763,0,0,0,0,0,0
17772,0,0,0,0,0,0
17779,0,0,0,0,0,0
17787,0,0,0,0,0,0
17803,0,0,0,0,0,0
17811,0,0,0,0,0,0
17820,0,0,0,0,0,0
17827,0,0,0,0,0,0
17837,0,0,0,0,0,0
17846,0,0,0,0,0,0
17855,0,0,0,0,0,0
17863,0,0,0,0,0,0
17871,0,0,0,0,0,0
17879,0,0,0,0,0,0
17887,0,0,0,0,0,0
17895,0,0,0,0,0,0
17904,0,0,0,0,0,0
22554,0,0,0,0,0,0
22564,0,0,0,0,0,0
22573,0,0,0,0,0,0
22584,0,0,0,0,0,0
22593,0,0,0,0,0,0
22603,0,0,0,0,0,0
22612,0,0,0,0,0,0
22622,0,0,0,0,0,0
22641,0,0,0,0,0,0
22653,0,0,0,0,0,0
22666,0,0,0,0,0,0
22677,0,0,0,0,0,0
22684,0,0,0,0,0,0
22695,0,0,0,0,0,0
22704,0,0,0,0,0,0
22714,0,0,0,0,0,0
22724,0,0,0,0,0,0
22734,0,0,0,0,0,0
22744,0,0,0,0,0,0
22756,0,0,0,0,0,0
22763,0,0,0,0,0,0
22775,0,0,0,0,0,0
22807,0,0,0,0,0,0
22817,0,0,0,0,0,0
22824,0,0,0,0,0,0
22831,0,0,0,0,0,0
22843,0,0,0,0,0,0
22856,0,0,0,0,0,0
22864,0,0,0,0,0,0
22875,0,0,0,0,0,0
22886,0,0,0,0,0,0
22896,0,0,0,0,0,0
22910,0,0,0,0,0,0
22921,0,0,0,0,0,0
22927,0,0,0,0,0,0
22946,0,0,0,0,0,0
22973,0,0,0,0,0,0
22998,0,0,0,0,0,0
23003,0,0,0,0,0,0
23013,0,0,0,0,0,0
23027,0,0,0,0,0,0
23045,0,0,0,0,0,0
23078,0,0,0,0,0,0
23111,0,0,0,0,0,0
23121,0,0,0,0,0,0
23134,0,0,0,0,0,0
23141,0,0,0,0,0,0
23157,0,0,0,0,0,0
23167,0,0,0,0,0,0
23179,0,0,0,0,0,0
23189,0,0,0,0,0,0
23256,0,0,0,0,0,0
23266,0,0,0,0,0,0
23296,0,0,0,0,0,0
23365,0,0,0,0,0,0
23391,0,0,0,0,0,0
23401,0,0,0,0,0,0
23472,0,0,0,0,0,0
23482,0,0,0,0,0,0
23511,0,0,0,0,0,0
23527,0,0,0,0,0,0
23538,0,0,0,0,0,0
23547,0,0,0,0,0,0
23557,0,0,0,0,0,0
23567,0,0,0,0,0,0
23625,0,0,0,0,0,0
23644,0,0,0,0,0,0
23662,0,0,0,0,0,0
23689,0,0,0,0,0,0
23706,0,0,0,0,0,0
23742,0,0,0,0,0,0
23752,0,0,0,0,0,0
23762,0,0,0,0,0,0
23832,0,0,0,0,0,0
23842,0,0,0,0,0,0
23895,0,0,0,0,0,0
23905,0,0,0,0,0,0
23958,0,0,0,0,0,0
23968,0,0,0,0,0,0
24048,0,0,0,0,0,0
24087,0,0,0,0,0,0
24097,0,0,0,0,0,0
24108,0,0,0,0,0,0
24119,0,0,0,0,0,0
24127,0,0,0,0,0,0
24138,0,0,0,0,0,0
24148,0,0,0,0,0,0
24159,0,0,0,0,0,0
24168,0,0,0,0,0,0
24178,0,0,0,0,0,0
24188,0,0,0,0,0,0
24197,0,0,0,0,0,0
24209,0,0,0,0,0,0
24219,0,0,0,0,0,0
24229,0,0,0,0,0,0
24239,0,0,0,0,0,0
24249,0,0,0,0,0,0
24258,0,0,0,0,0,0
24267,0,0,0,0,0,0
24277,0,0,0,0,0,0
24287,0,0,0,0,0,0
24297,0,0,0,0,0,0
24314,0,0,0,0,0,0
24323,0,0,0,0,1,0
24335,0,0,0,0,0,0
24348,0,0,0,0,0,0
24358,0,0,0,0,0,0
24368,0,0,0,0,0,0
24377,0,0,0,0,0,0
24384,0,0,0,0,0,0
24394,0,0,0,0,0,0
24404,0,0,0,0,0,0
24414,0,0,0,0,0,0
24424,0,0,0,0,0,0
24434,0,0,0,0,0,0
24444,0,0,0,0,0,0
24455,0,0,0,0,0,0
24465,0,0,0,0,0,0
24474,0,0,0,0,0,0
24481,0,0,0,0,0,0
24494,0,0,0,0,0,0
24505,0,0,0,0,0,0
24514,0,0,0,0,0,0
24524,0,0,0,0,0,0
24534,0,0,0,0,0,0
24563,0,0,0,0,0,0
24573,0,0,0,0,0,0
24584,0,0,0,0,0,0
24594,0,0,0,0,0,0
24605,0,0,0,0,0,0
24626,0,0,0,0,0,0
24637,0,0,0,0,0,0
24647,0,0,0,0,0,0
24657,0,0,0,0,0,0
24667,0,0,0,0,0,0
24676,0,0,0,0,0,0
24687,0,0,0,0,0,0
24697,0,0,0,0,0,0
24718,0,0,0,0,0,0
24728,0,0,0,0,0,0
24737,0,0,0,0,0,0
24759,0,0,0,0,0,0
24769,0,0,0,0,0,0
24781,0,0,0,0,0,0
24789,0,0,0,0,0,0
24799,0,0,0,0,0,0
24820,0,0,0,0,0,0
24832,0,0,0,0,0,0
24844,0,0,0,0,0,0
24854,0,0,0,0,0,0
24891,0,0,0,0,0,0
24899,0,0,0,0,0,0
24919,0,0,0,0,0,0
24930,0,0,0,0,0,0
24951,0,0,0,0,0,0
24960,0,0,0,0,0,0
24970,0,0,0,0,0,0
24980,0,0,0,0,0,0
24990,0,0,0,0,0,0
25002,0,0,0,0,0,0
25012,0,0,0,0,0,0
25022,0,0,0,0,0,0
25033,0,0,0,0,0,0
25052,0,0,0,0,0,0
25064,0,0,0,0,0,0
25080,0,0,0,0,0,0
25090,0,0,0,0,0,0
25099,0,0,0,0,0,0
25106,0,0,0,0,0,0
25119,0,0,0,0,0,0
25129,0,0,0,0,0,0
25142,0,0,0,0,0,0
25152,0,0,0,0,0,0
25163,0,0,0,0,0,0
25172,0,0,0,0,0,0
25182,0,0,0,0,0,0
25192,0,0,0,0,0,0
25202,0,0,0,0,0,0
25214,0,0,0,0,0,0
25224,0,0,0,1,0,0
25233,0,0,0,0,0,0
25243,0,0,0,0,0,0
25253,0,0,0,0,0,0
25263,0,0,0,0,0,0
25281,0,0,0,0,0,0
25294,0,0,0,0,0,0
25304,0,0,0,0,0,0
25324,0,0,0,0,0,0
25335,0,0,0,0,0,0
25347,0,0,0,0,0,0
25357,0,0,0,0,0,0
25380,0,0,0,0,0,0
25390,0,0,0,0,0,0
25400,0,0,0,0,0,0
25411,0,0,0,0,0,0
25420,0,0,0,0,0,0
25428,0,0,0,0,0,0
25436,0,0,0,0,0,0
25455,0,0,0,0,0,0
25473,0,0,0,0,0,0
25514,0,0,0,0,0,0
25537,0,0,0,0,0,0
25572,0,0,0,0,0,0
25592,0,0,0,0,0,0
25612,0,0,0,0,0,0
25624,0,0,0,0,0,0
25633,0,0,0,0,0,0
25646,0,0,0,0,0,0
25652,0,0,0,0,0,0
25664,0,0,0,0,0,0
25672,0,0,0,0,0,0
25680,0,0,0,0,0,0
25698,0,0,0,0,0,0
25708,0,0,0,0,0,0
25718,0,0,0,0,0,0
25728,0,0,0,0,0,0
25738,0,0,0,0,0,0
25748,0,0,0,0,0,0
25761,0,0,0,0,0,0
25805,0,0,0,0,0,0
25815,0,0,0,0,0,0
25825,0,0,0,0,0,0
25857,0,0,0,0,0,0
25867,0,0,0,0,0,0
25877,0,0,0,0,0,0
25893,0,0,0,0,0,0
25903,0,0,0,0,0,0
25916,0,0,0,0,0,0
25951,0,0,0,0,0,0
25969,0,0,0,0,0,0
25983,0,0,0,0,0,0
25993,0,0,0,0,0,0
26013,0,0,0,0,0,0
26023,0,0,0,0,0,0
26042,0,0,0,0,0,0
26056,0,0,0,0,0,0
26066,0,0,0,0,0,0
26092,0,0,0,0,0,0
26101,0,0,0,0,0,0
26129,0,0,0,0,0,0
26145,0,0,0,0,0,0
26156,0,0,0,0,0,0
26175,0,0,0,0,0,0
26190,0,0,0,0,0,0
26200,0,0,0,0,0,0
26210,0,0,0,0,0,0
26252,0,0,0,0,0,0
26262,0,0,0,0,0,0
26282,0,0,0,0,0,0
26298,0,0,0,0,0,0
26308,0,0,0,0,0,0
26317,0,0,0,0,0,0
26327,0,0,0,0,0,0
26337,0,0,0,0,0,0
26346,0,0,0,0,0,0
26356,0,0,0,0,0,0
26365,0,0,0,0,0,0
26377,0,0,0,0,0,0
26387,0,0,0,0,0,0
26397,0,0,0,0,0,0
26407,0,0,0,0,0,0
26417,0,0,0,0,0,0
26426,0,0,0,0,0,0
26436,0,0,0,0,0,0
26445,0,0,0,0,0,0
26455,0,0,0,0,0,0
26465,0,0,0,0,0,0
26475,0,1,1,0,0,0
26490,0,0,0,1,1,0
26499,0,0,0,2,2,0
26520,1,6,0,0,0,6
26530,0,0,0,0,0,0
26539,0,0,0,0,0,0
26545,0,0,0,0,0,0
26554,0,0,0,0,0,0
26563,0,0,0,0,0,0
26572,0,0,0,0,0,0
26582,0,0,0,0,0,0
26592,0,0,0,0,0,0
26601,0,0,1,0,0,0
26611,0,0,0,0,0,0
26621,0,0,0,0,0,0
26633,0,0,0,0,0,0
26644,0,0,0,0,0,0
26652,0,0,0,0,0,0
26662,0,0,0,0,0,0
26672,0,0,0,0,0,0
26682,0,0,0,0,0,0
26692,0,0,0,0,0,0
26702,0,0,0,0,0,0
26712,0,0,0,0,0,0
26722,0,0,0,0,0,0
26731,0,0,0,0,0,0
26745,0,2,0,1,1,2
26754,1,7,0,3,3,7
26762,0,0,0,0,0,0
26771,0,0,0,0,0,0
26781,5,4,0,0,0,6
26791,0,2,0,0,0,2
26799,8,0,0,0,0,6
26811,0,0,0,0,0,0
26821,0,0,0,0,0,0
26831,0,0,0,0,0,0
26841,0,0,0,0,0,0
26851,0,0,0,0,0,0
26861,0,0,0,0,0,0
26872,0,0,0,0,0,0
26881,0,0,0,0,0,0
26920,0,0,0,0,0,0
26930,0,0,0,0,0,0
26940,0,0,0,0,0,0
26947,0,0,0,0,0,0
26955,0,0,0,0,0,0
26962,0,0,0,0,0,0
26969,0,0,0,0,0,0
26977,0,0,0,0,0,0
26985,0,0,0,0,0,0
26993,0,0,0,0,0,0
27004,0,0,0,0,0,0
27007,0,0,0,0,0,0
27015,0,1,0,0,0,0
27023,0,0,0,0,0,0
27031,0,0,0,0,0,0
27036,0,0,0,0,0,0
27045,0,0,0,0,0,0
27058,0,0,0,0,0,0
27066,0,0,0,0,0,0
27073,0,0,0,0,0,0
27080,0,0,0,0,0,0
27091,0,0,0,0,0,0
27099,0,0,0,0,0,0
27104,0,0,0,0,0,0
27112,0,0,0,0,0,0
27120,0,0,0,0,0,0
27126,0,0,0,0,0,0
27134,0,0,0,0,0,0
27142,0,0,0,0,0,0
27150,0,0,0,0,0,0
27158,0,0,0,0,0,0
27166,0,0,0,0,0,0
27175,0,0,0,0,0,0
27183,0,0,0,0,0,0
27190,0,0,0,0,0,0
27197,0,0,0,0,0,0
27205,0,0,0,0,0,0
27214,0,0,0,0,0,0
27221,0,0,0,0,0,0
27230,0,0,0,0,0,0
27238,0,0,0,0,0,0
27243,0,0,0,0,0,0
27255,0,0,0,0,0,0
27260,0,0,0,0,0,0
27267,0,1,0,1,1,0
27276,0,2,1,0,0,0
27286,0,0,0,0,0,0
27293,0,0,0,0,0,0
27299,0,0,0,0,0,0
27307,0,0,0,0,0,0
27315,0,0,0,0,0,0
27325,0,0,0,0,0,0
27332,0,0,0,0,0,0
27340,0,0,0,0,0,0
27350,0,0,0,0,0,0
27358,0,0,2,0,0,0
27367,0,0,0,0,0,0
27378,0,0,0,0,0,0
27387,0,0,0,0,0,0
27397,0,0,0,0,0,0
27406,0,0,0,0,0,0
27418,0,0,0,0,0,0
27428,0,0,0,0,0,0
27437,0,0,0,0,0,0
27446,0,0,0,0,0,0
27455,0,0,0,0,0,0
27464,0,0,0,0,0,0
27474,0,0,0,0,0,0
27484,0,0,0,0,0,0
27495,0,0,0,0,0,0
27507,0,0,0,0,0,0
27514,0,0,0,0,0,0
27525,0,0,0,0,0,0
27533,0,0,0,0,0,0
27546,0,0,0,0,0,0
27556,0,0,0,0,0,0
27565,0,0,0,0,0,0
27577,0,0,0,0,0,0
27584,0,0,0,0,0,0
27596,0,0,0,0,0,0
27605,0,0,0,0,0,0
27618,0,2,0,0,0,0
27666,0,0,0,0,0,0
27675,0,0,0,0,0,0
27695,0,0,0,0,0,0
27732,0,0,0,0,0,0
27739,0,0,0,0,0,0
27786,0,0,0,0,0,0
27796,0,0,0,0,0,0
27805,0,0,0,0,0,0
27815,0,0,0,0,0,0
27845,0,0,0,0,0,0
27855,0,0,0,0,0,0
27865,0,0,0,0,0,0
27875,0,0,0,0,0,0
27885,0,0,0,0,0,0
27894,0,0,0,0,0,0
27905,0,0,0,0,0,0
27930,0,0,0,0,0,0
27936,0,0,0,0,0,0
27944,0,0,0,0,0,0
27974,0,0,0,0,0,0
27999,0,0,0,0,0,0
28009,0,0,0,0,0,0
28019,0,0,0,0,0,0
28057,0,0,0,0,0,0
28067,0,0,0,0,0,0
28107,0,0,0,0,0,0
28117,0,0,0,0,0,0
28129,0,0,0,0,0,0
28148,0,0,0,0,0,0
28163,0,0,0,0,0,0
28179,0,0,0,0,0,0
28187,0,0,0,0,0,0
28237,0,0,0,0,0,0
28256,0,0,0,0,0,0
28278,0,0,0,0,0,0
28288,0,0,0,0,0,0
28308,0,0,0,0,0,0
28318,0,0,0,0,0,0
28328,0,0,0,0,0,0
28368,0,0,0,0,0,0
28378,0,0,0,0,0,0
28386,0,0,0,0,0,0
28396,0,0,0,0,0,0
28404,0,0,0,0,0,0
28439,0,0,0,0,0,0
28449,0,0,0,0,0,0
28459,0,0,0,0,0,0
28479,0,0,0,0,0,0
28489,0,0,0,0,0,0
28503,0,0,0,0,0,0
28514,0,0,0,0,0,0
28526,0,0,0,0,0,0
28535,0,0,0,0,0,0
28545,0,0,0,0,0,0
28555,0,0,0,0,0,0
28565,0,0,0,0,0,0
28575,0,0,0,0,0,0
28585,0,0,0,0,0,0
28595,0,0,0,0,0,0
28604,0,0,0,0,0,0
28614,0,0,0,0,0,0
28622,0,0,0,0,0,0
28630,0,0,0,0,0,0
28639,0,0,0,0,0,0
28651,0,0,0,0,0,0
28660,0,0,0,0,0,0
28666,0,0,0,0,0,0
28678,0,0,0,0,0,0
28684,0,0,0,0,0,0
28693,0,0,0,0,0,0
28704,0,0,0,0,0,0
28713,0,0,0,0,0,0
28723,0,0,0,0,0,0
28731,0,0,0,0,0,0
28745,0,0,0,0,0,0
28754,0,0,0,0,0,0
28763,0,0,0,0,0,0
28770,0,0,0,0,0,0
28777,0,0,0,0,0,0
28785,0,0,0,0,0,0
28792,0,0,0,0,0,0
28802,0,0,0,0,0,0
28813,0,0,0,0,0,0
28821,0,0,0,0,0,0
28829,0,0,0,0,0,0
28839,0,0,0,0,0,0
28847,0,0,0,0,0,0
28861,0,0,0,0,0,0
28867,0,0,0,0,0,0
28874,0,0,0,0,0,0
28886,0,0,0,0,0,0
28896,0,0,0,0,0,0
28905,0,0,0,0,0,0
28914,0,0,0,0,0,0
28922,0,0,0,1,1,0
28933,0,0,0,1,1,0
28943,0,0,0,1,1,0
28952,0,0,0,0,0,0
28960,0,0,0,0,0,0
28970,0,0,0,0,0,0
28976,0,0,0,0,0,0
28984,0,0,0,0,0,0
28997,0,0,0,0,0,0
29005,0,0,0,0,0,0
29012,0,0,0,0,0,0
29020,0,0,0,0,0,0
29028,0,0,0,0,0,0
29034,0,0,0,0,0,0
29047,0,0,0,0,0,0
29056,0,0,0,0,0,0
29064,0,0,0,0,0,0
29073,0,0,0,0,0,0
29084,0,0,0,0,0,0
29100,0,0,0,0,0,0
29111,0,0,0,0,0,0
29133,0,0,0,0,0,0
29141,0,0,0,0,0,0
29151,0,0,0,0,0,0
29168,0,0,0,0,0,0
29185,0,0,0,0,0,0
29200,0,0,0,0,0,0
29210,0,0,0,0,0,0
29218,0,0,0,0,0,0
29228,0,0,0,0,0,0
29241,0,0,0,0,0,0
29252,0,0,0,0,0,0
29263,0,0,0,0,0,0
29272,0,0,0,0,0,0
29283,0,0,0,0,0,0
29295,0,0,0,0,0,0
29305,0,0,0,0,0,0
29316,0,0,0,0,0,0
29326,0,0,0,0,0,0
29335,0,0,0,0,0,0
29345,0,0,0,0,0,0
29354,0,0,0,0,0,0
29365,0,0,0,0,0,0
29375,0,0,0,0,0,0
29386,0,0,0,0,0,0
29392,0,0,0,0,0,0
29410,0,0,0,0,0,0
29433,0,0,0,0,0,0
29441,0,0,0,0,0,0
29454,0,0,0,0,0,0
29463,0,0,0,0,0,0
29472,0,0,0,0,0,0
29480,0,0,0,0,0,0
29501,0,0,0,0,0,0
29509,0,0,0,0,0,0
29518,0,0,0,0,0,0
29528,0,0,0,0,0,0
29538,0,0,0,0,0,0
29548,0,0,0,0,0,0
29558,0,0,0,0,0,0
29577,0,0,0,0,0,0
29588,0,0,0,0,0,0
29597,0,0,0,0,0,0
29614,0,0,0,0,0,0
29638,0,0,0,0,0,0
29664,0,0,0,0,0,0
29675,0,0,0,0,0,0
29687,0,0,0,0,0,0
29696,0,0,0,0,0,0
29705,0,0,0,0,0,0
29716,0,0,0,0,0,0
29723,0,0,0,0,0,0
29780,0,0,0,0,0,0
29790,0,0,0,0,0,0
29800,0,0,0,0,0,0
29830,0,0,0,0,0,0
29857,0,0,0,0,0,0
29872,0,0,0,0,0,0
29876,0,0,0,0,0,0
29899,0,0,0,0,0,0
29912,0,0,0,0,0,0
29944,0,0,0,0,0,0
29954,0,0,0,0,0,0
29964,0,0,0,0,0,0
29973,0,0,0,0,0,0
30042,0,0,0,0,0,0
30052,0,0,0,0,0,0
30064,0,0,0,0,0,0
30074,0,0,0,0,0,0
30105,0,0,0,0,0,0
30114,0,0,0,0,0,0
30132,0,0,0,0,0,0
30162,0,0,0,0,0,0
30195,0,0,0,0,0,0
30205,0,0,0,0,0,0
30224,0,0,0,0,0,0
30240,0,0,0,0,0,0
30250,0,0,0,0,0,0
30260,0,0,0,0,0,0
30269,0,0,0,0,0,0
30278,0,0,0,0,0,0
30289,0,0,0,0,0,0
30321,0,0,0,0,0,0
30331,0,0,0,0,0,0
30341,0,0,0,0,0,0
30350,0,0,0,0,0,0
30360,0,0,0,0,0,0
30370,0,0,0,0,0,0
30395,0,0,0,0,0,0
30429,0,0,0,0,0,0
30439,0,0,0,0,0,0
30449,0,0,0,0,0,0
30474,0,0,0,0,0,0
30484,0,0,0,0,0,0
30494,0,0,0,0,0,0
30504,0,0,0,0,0,0
30555,0,0,0,0,0,0
30565,0,0,0,0,0,0
30575,0,0,0,0,0,0
30625,0,0,0,0,0,0
30634,0,0,0,0,0,0
30657,0,0,0,0,0,0
30667,0,0,0,0,0,0
30677,0,0,0,0,0,0
30687,0,0,0,0,0,0
30697,0,0,0,0,0,0
30706,0,0,0,0,0,0
30716,0,0,0,0,0,0
30726,0,0,0,0,0,0
30738,0,0,0,0,0,0
30747,0,0,0,0,0,0
30756,0,0,0,0,0,0
30766,0,0,0,0,0,0
30775,0,0,0,0,0,0
30786,0,0,0,0,0,0
30796,0,0,0,0,0,0
30806,0,0,0,0,0,0
30816,0,0,0,0,0,0
30826,0,0,0,0,0,0
30836,0,0,0,0,0,0
30846,0,0,0,0,0,0
30857,0,0,0,0,0,0
30867,0,0,0,0,0,0
30876,0,0,0,0,0,0
30887,0,0,0,1,0,0
30904,0,0,0,0,0,0
30923,0,0,0,0,0,0
30946,0,0,0,0,0,0
30956,0,0,0,0,0,0
30966,0,0,0,0,0,0
30976,0,0,0,0,0,0
30986,0,0,0,0,0,0
30996,0,0,0,0,0,0
31006,0,0,0,0,0,0
31015,0,0,0,0,0,0
31025,0,0,0,0,0,0
31035,0,0,0,0,0,0
31043,0,0,0,0,0,0
31053,0,0,0,0,0,0
31063,0,0,0,0,0,0
31073,0,0,0,0,0,0
31080,0,0,0,0,0,0
31090,0,0,0,0,0,0
31100,0,0,0,0,0,0
31109,0,0,0,0,0,0
31123,0,0,0,1,2,0
31161,0,0,0,0,0,0
31171,0,0,0,0,0,0
31183,0,0,0,0,0,0
31192,0,0,0,0,0,0
31202,0,0,0,0,0,0
31212,0,0,0,0,0,0
31225,0,0,0,0,0,0
31235,0,0,0,0,0,0
31244,0,0,0,0,0,0
31254,0,0,0,0,0,0
31265,0,0,0,0,0,0
31292,0,0,0,0,0,0
31301,0,0,0,0,0,0
31321,0,0,0,0,0,0
31331,0,0,0,0,0,0
31341,0,0,0,0,0,0
31351,0,0,0,0,0,0
31363,0,0,0,0,0,0
31373,0,0,0,0,0,0
31389,0,0,0,0,0,0
31399,0,0,0,0,0,0
31410,0,0,0,0,0,0
31422,0,0,0,0,0,0
31432,0,0,0,0,0,0
31444,0,0,0,0,0,0
31453,0,0,0,0,0,0
31460,0,0,0,0,0,0
31469,0,0,0,0,0,0
31480,0,0,0,0,0,0
31490,0,0,0,0,0,0
31499,0,0,0,0,0,0
31509,0,0,0,0,0,0
31519,0,0,0,0,0,0
31529,0,0,0,0,0,0
31540,0,0,0,0,0,0
31549,0,0,0,0,0,0
31559,0,0,0,0,0,0
31569,0,0,0,0,0,0
31578,0,0,0,0,0,0
31589,0,0,0,0,0,0
31599,0,0,0,0,0,0
31611,0,0,0,0,0,0
31621,0,0,0,0,0,0
31631,0,0,0,0,0,0
31641,0,0,0,0,0,0
31651,0,0,0,0,0,0
31660,0,0,0,0,0,0
31668,0,0,0,0,0,0
31683,0,0,0,0,0,0
31697,0,0,0,0,0,0
31703,0,0,0,0,0,0
31713,0,0,0,0,0,0
31721,0,0,0,0,0,0
31733,0,0,0,0,0,0
31743,0,0,0,0,0,0
31753,0,0,0,0,0,0
31764,0,0,0,0,0,0
31772,0,0,0,0,0,0
31783,0,0,0,0,0,0
31790,0,0,0,0,0,0
31804,0,0,0,0,0,0
31812,0,0,0,0,0,0
31818,0,0,0,0,0,0
31825,0,0,0,0,0,0
31839,0,0,0,0,0,0
31847,0,0,0,0,0,0
31859,0,0,0,0,0,0
31866,0,0,0,0,0,0
31874,0,0,0,0,0,0
31886,0,0,0,0,0,0
31893,0,0,0,0,0,0
31900,0,0,0,0,0,0
31911,0,0,0,0,0,0
31917,0,0,0,0,0,0
31926,0,0,0,0,0,0
31933,0,0,0,0,0,0
31958,0,0,0,0,0,0
31967,0,0,0,0,0,0
31974,0,0,0,0,0,0
31981,0,0,0,0,0,0
31988,0,0,0,0,0,0
32005,0,0,0,0,0,0
32018,0,0,0,0,0,0
32025,0,0,0,0,0,0
32032,0,0,0,0,0,0
32044,0,0,0,0,0,0
32051,0,0,0,0,0,0
32062,0,0,0,0,0,0
32068,0,0,0,0,0,0
32082,0,0,0,0,0,0
32120,0,0,0,0,0,0
32126,0,0,0,0,0,0
32145,0,0,0,0,0,0
32151,0,0,0,0,0,0
32164,0,0,0,0,0,0
32172,0,0,0,0,0,0
32181,0,0,0,0,0,0
32189,0,0,0,0,0,0
32193,0,0,0,0,0,0
32210,0,0,0,0,0,0
32218,0,0,0,0,0,0
32223,0,0,0,0,0,0
32230,0,0,0,0,0,0
32245,0,0,0,0,0,0
32255,0,0,0,0,0,0
32262,0,0,0,0,0,0
32272,0,0,0,0,0,0
32282,0,0,0,0,0,0
32290,0,0,0,0,0,0
32299,0,0,0,0,0,0
32308,0,0,0,0,0,0
32313,0,0,0,0,0,0
32340,0,0,0,0,0,0
32358,0,0,0,0,0,0
32375,0,0,0,0,0,0
32396,0,0,0,0,0,0
32425,0,0,0,0,0,0
32441,0,0,0,0,0,0
32448,0,0,0,0,0,0
32454,0,0,0,0,0,0
32464,0,0,0,0,0,0
32479,0,0,0,0,0,0
32517,0,0,0,0,0,0
32561,0,0,0,0,0,0
32593,0,0,0,0,0,0
32604,0,0,0,0,0,0
32610,0,0,0,0,0,0
32621,0,0,0,0,0,0
32631,0,0,0,0,0,0
32636,0,0,0,0,0,0
32666,0,0,0,0,0,0
32674,0,0,0,0,0,0
32680,0,0,0,0,0,0
32701,0,0,0,0,0,0
32709,0,0,0,0,0,0
32715,0,0,0,0,0,0
32744,0,0,0,0,0,0
32760,0,0,0,0,0,0
32772,0,0,0,0,0,0
32782,0,0,0,0,0,0
32788,0,0,0,0,0,0
32796,0,0,0,0,0,0
32812,0,0,0,1,1,0
32819,0,0,0,0,0,0
32828,0,0,0,0,0,0
32836,0,0,0,0,0,0
32843,0,0,0,0,0,0
32858,0,0,0,0,0,0
32866,0,0,0,0,0,0
32874,7,0,0,0,0,6
32878,0,0,0,0,0,0
32888,0,0,0,0,0,0
32898,0,0,0,0,0,0
32905,0,0,0,0,0,0
32915,0,0,0,0,0,0
32924,0,0,0,0,0,0
32934,0,0,0,0,0,0
32940,0,0,0,0,0,0
32948,0,0,0,0,0,0
32956,0,0,0,0,0,0
32964,1,4,0,0,0,5
32972,0,0,0,0,0,0
32979,0,0,0,0,0,0
32993,0,0,0,0,0,0
33001,0,0,0,0,0,0
33009,0,0,0,0,0,0
33017,0,0,0,0,0,0
33025,0,0,0,0,0,0
33033,0,0,0,0,0,0
33041,0,0,0,0,0,0
33049,0,0,0,0,0,0
33057,0,0,0,1,1,0
33065,0,0,0,1,1,0
33073,0,0,0,3,3,0
33081,4,6,0,0,0,8
33089,0,0,0,0,0,0
33096,0,0,0,0,0,0
33105,3,0,0,0,0,2
33111,0,0,0,0,0,0
33121,0,0,0,0,0,0
33128,0,0,0,0,0,0
33136,0,0,0,0,0,0
33144,0,0,0,0,0,0
33152,0,0,0,0,0,0
33160,0,0,0,0,0,0
33168,0,0,0,0,0,0
33174,0,0,0,0,0,0
33182,0,0,0,0,0,0
33190,0,0,0,0,0,0
33198,0,3,0,0,0,3
33206,0,0,0,0,0,0
33214,0,0,0,0,0,0
33222,0,0,0,0,0,0
33236,0,0,0,0,0,0
33244,0,0,0,0,0,0
33252,0,0,0,0,0,0
33260,0,0,0,0,0,0
33268,0,0,0,0,0,0
33276,0,0,0,0,0,0
33284,0,0,0,0,0,0
33295,0,0,0,2,1,0
33303,0,0,0,2,2,0
33310,0,0,0,0,2,0
33317,0,0,0,2,1,0
33325,0,0,0,0,0,0
33333,4,4,0,0,0,5
33341,0,0,0,0,0,0
33349,0,0,0,0,0,0
33356,0,0,0,0,0,0
33363,3,0,0,0,0,3
33372,0,0,0,0,0,0
33380,0,0,0,0,0,0
33388,0,0,0,0,0,0
33396,0,0,0,0,1,0
33404,0,0,0,0,0,0
33412,0,0,0,0,0,0
33420,0,0,0,0,0,0
33427,0,0,0,0,0,0
33435,0,0,0,0,0,0
33443,0,0,0,0,0,0
33451,0,0,0,0,0,0
33459,0,0,0,0,0,0
33467,0,0,0,0,0,0
33475,0,0,0,0,0,0
33500,0,0,0,0,0,0
43799,0,0,0,0,0,0
43820,0,0,0,0,0,0
43833,0,0,0,0,0,0
43846,0,0,0,0,0,0
43856,0,0,0,0,0,0
43866,0,0,0,0,0,0
43876,0,0,0,0,0,0
43887,0,0,0,0,0,0
43897,0,0,0,0,0,0
43917,0,0,0,0,0,0
43926,0,0,0,0,0,0
43937,0,0,0,0,0,0
43946,0,0,0,0,0,0
43953,0,0,0,0,0,0
43963,0,0,0,0,0,0
43973,0,0,0,0,0,0
43989,0,0,0,1,1,0
44000,0,0,0,1,1,0
44015,0,0,0,0,0,0
44026,0,0,0,0,0,0
44036,0,0,0,0,0,0
44063,0,0,0,0,0,0
44075,0,0,0,0,0,0
44085,0,0,0,0,0,0
44096,0,0,0,0,0,0
44106,0,0,0,0,0,0
44116,0,0,0,0,0,0
44126,0,0,0,0,0,0
44136,0,0,0,0,0,0
44168,0,0,0,0,0,0
44179,0,0,0,0,0,0
44186,0,0,0,0,0,0
44198,0,0,0,0,0,0
44207,0,0,0,0,0,0
44216,0,0,0,0,0,0
44225,0,0,0,0,0,0
44238,0,0,0,1,2,0
44251,0,0,0,1,1,0
44261,0,0,0,0,1,0
44268,0,0,0,1,1,0
44292,0,0,0,0,0,0
44303,0,0,0,0,0,0
44316,0,0,0,0,0,0
44326,0,0,0,0,0,0
44334,0,0,0,0,0,0
44344,0,0,0,0,0,0
44352,0,0,0,0,0,0
44361,0,0,0,0,0,0
44371,0,0,0,0,0,0
44379,0,0,0,0,0,0
44418,0,0,0,0,0,0
44425,0,0,0,0,0,0
44436,0,0,0,0,0,0
44442,0,0,0,0,0,0
44454,0,0,0,0,0,0
44460,0,0,0,0,0,0
44469,0,0,0,0,0,0
44481,0,0,0,0,0,0
44493,0,0,0,0,0,0
44501,0,0,0,0,0,0
44512,0,0,0,0,0,0
44521,0,0,0,0,0,0
44531,0,0,0,0,0,0
44539,0,0,0,0,0,0
44547,0,0,0,0,0,0
44554,0,0,0,0,0,0
44562,0,0,0,0,0,0
44572,0,0,0,0,0,0
44582,0,0,0,0,0,0
44589,0,0,0,0,0,0
44604,0,0,0,0,0,0
44613,0,0,0,0,0,0
44621,0,0,0,0,0,0
44629,0,0,0,0,0,0
44637,0,0,0,0,0,0
44653,0,0,0,0,0,0
44660,0,0,0,0,0,0
44670,0,0,0,0,0,0
44675,0,0,0,0,0,0
44683,0,0,0,0,0,0
44691,0,0,0,0,0,0
44699,0,0,0,0,0,0
44707,0,0,0,0,0,0
44719,0,0,0,0,0,0
44726,0,0,0,0,0,0
44735,0,0,0,0,0,0
44747,0,0,0,0,0,0
44755,0,0,0,0,0,0
44761,0,0,0,0,0,0
44769,0,0,0,0,0,0
44793,0,0,0,0,0,0
44802,0,0,0,0,0,0
44811,0,0,0,0,0,0
44819,0,0,0,0,0,0
44828,0,0,0,0,0,0
44836,0,0,0,0,0,0
44843,0,0,0,0,0,0
44852,0,0,0,0,0,0
44860,0,0,0,0,0,0
44868,0,0,0,0,0,0
44875,0,0,0,0,0,0
44884,0,0,0,0,0,0
44892,0,0,0,0,0,0
44902,0,0,0,0,0,0
44912,0,0,0,0,0,0
44922,0,0,0,0,0,0
44928,0,0,0,0,0,0
44936,0,0,0,0,0,0
44944,0,0,0,0,0,0
44952,0,0,0,0,0,0
44960,0,0,0,1,0,0
44968,0,0,0,0,0,0
44976,0,0,0,0,0,0
45009,0,0,0,0,0,0
45036,0,0,0,0,0,0
45045,0,0,0,0,0,0
45053,0,0,0,0,0,0
45062,0,0,0,0,0,0
45070,0,0,0,0,0,0
45078,0,0,0,0,0,0
45085,0,0,0,0,0,0
45094,0,0,0,0,0,0
45100,0,0,0,0,0,0
45108,0,0,0,0,0,0
45118,0,0,0,0,0,0
45129,0,0,0,0,0,0
45142,0,0,0,0,0,0
45150,0,0,0,0,0,0
45158,0,0,0,0,0,0
45167,0,0,0,0,0,0
45174,0,0,0,0,0,0
45182,0,0,0,0,0,0
45192,0,0,0,0,0,0
45197,0,0,0,0,0,0
45213,0,0,0,0,0,0
45231,0,0,0,0,0,0
45255,0,0,0,0,0,0
45269,0,0,0,0,0,0
45274,0,0,0,0,0,0
45299,0,0,0,0,0,0
45310,0,0,0,0,0,0
45316,0,0,0,0,0,0
45327,0,0,0,0,0,0
45346,0,0,0,0,0,0
45352,0,0,0,0,0,0
45363,0,0,0,0,0,0
45376,0,0,0,0,0,0
45384,0,0,0,0,0,0
45392,0,0,0,0,0,0
45400,0,0,0,0,0,0
45408,0,0,0,0,0,0
45435,0,0,0,0,0,0
45440,0,0,0,0,0,0
45456,0,0,0,0,0,0
45464,0,0,0,0,0,0
45476,0,0,0,0,0,0
45481,0,0,0,0,0,0
45491,0,0,0,0,0,0
45507,0,0,0,0,0,0
45518,0,0,0,0,0,0
45537,0,0,0,0,0,0
45544,0,0,0,0,0,0
45550,0,0,0,0,0,0
45561,0,0,0,0,0,0
45567,0,0,0,0,0,0
45580,0,0,0,0,0,0
45592,0,0,0,0,0,0
45598,0,0,0,0,0,0
45603,0,0,0,0,0,0
45614,0,0,0,0,0,0
45644,0,0,0,0,0,0
45652,0,0,0,0,0,0
45660,0,0,0,0,0,0
45667,0,0,0,0,0,0
45676,0,0,0,0,0,0
45690,0,0,0,0,0,0
45699,0,0,0,0,0,0
45707,0,0,0,0,0,0
45716,0,0,0,0,0,0
45725,0,0,0,0,0,0
45732,0,0,0,0,0,0
45752,0,0,0,0,0,0
45760,0,0,0,0,0,0
45788,0,0,0,0,0,0
45793,0,0,0,0,0,0
45804,0,0,0,0,0,0
45833,0,0,0,0,0,0
45839,0,0,0,0,0,0
45878,0,0,0,0,0,0
45887,0,0,0,0,0,0
45894,0,0,0,0,0,0
45931,0,0,0,2,1,0
45944,0,0,0,1,1,0
45952,0,0,0,3,3,0
45959,0,0,0,0,0,0
45968,0,0,0,0,0,0
45976,0,0,0,0,0,0
45984,0,0,0,0,0,0
45995,0,0,0,0,0,0
45998,0,0,0,0,0,0
46006,0,0,0,0,0,0
46014,0,0,0,0,0,0
46022,0,0,0,0,0,0
46030,0,0,0,0,0,0
46037,0,0,0,0,0,0
46046,0,0,0,0,0,0
46055,0,0,0,0,0,0
46064,0,0,0,0,0,0
46074,0,0,0,0,0,0
46080,0,0,0,0,0,0
46088,0,0,0,0,0,0
46096,0,0,0,0,0,0
46104,0,0,0,0,0,0
46111,0,0,0,0,0,0
46118,0,0,0,0,0,0
46132,0,0,0,0,0,0
46139,0,0,0,0,0,0
46147,0,0,0,0,0,0
46153,0,0,0,0,0,0
46160,0,0,0,0,0,0
46168,0,0,0,0,0,0
46175,0,0,0,4,2,0
46182,0,0,0,2,2,0
46189,0,0,0,0,1,0
46196,0,0,0,4,3,0
46203,4,6,0,0,0,8
46214,0,0,0,0,0,0
46221,6,2,0,0,0,6
46229,0,0,0,0,0,0
46240,0,0,0,0,0,0
46247,0,0,0,0,0,0
46252,0,0,0,0,0,0
46261,0,0,0,0,0,0
46268,0,0,0,0,0,0
46275,0,0,0,1,0,0
46282,0,0,0,0,0,0
46289,0,0,0,0,0,0
46298,0,0,0,0,0,0
46306,0,0,0,0,0,0
46313,0,0,0,0,0,0
46320,0,5,0,0,0,5
46328,0,0,0,0,0,0
46366,0,0,0,0,0,0
46373,0,0,0,0,0,0
46380,0,0,0,0,0,0
46387,0,0,0,0,0,0
46394,0,0,0,0,0,0
46401,0,1,0,0,0,0
46410,0,1,0,0,0,0
46418,0,0,0,3,2,0
46425,0,0,0,2,2,0
46432,0,0,0,0,2,0
46439,0,0,0,4,4,0
46446,5,7,0,1,0,8
46453,0,0,0,1,0,0
46460,0,0,0,3,3,0
46467,3,0,0,0,0,3
46475,0,0,0,0,0,0
46482,12,0,0,0,0,6
46488,2,0,0,0,0,0
46496,0,0,0,0,0,0
46504,0,0,0,0,0,0
46511,0,0,0,0,0,0
46518,0,0,0,1,1,0
46525,0,0,0,0,0,0
46532,0,0,0,0,0,0
46539,0,0,0,0,0,0
46547,0,0,0,0,0,0
46553,0,0,0,0,0,0
46560,0,0,0,0,0,0
46566,0,0,0,0,0,0
46574,0,0,0,0,0,0
46581,0,0,0,0,0,0
46588,0,0,0,0,0,0
46600,0,0,0,1,0,0
46606,0,0,0,0,0,0
46618,0,0,0,0,0,0
46624,0,0,0,0,0,0
46630,0,0,0,0,0,0
46636,0,0,0,0,0,0
46642,0,0,0,0,0,0
46654,0,0,0,0,0,0
46660,0,0,0,1,1,0
46666,0,0,0,0,0,0
46673,0,0,0,0,0,0
46679,0,0,0,0,0,0
46685,0,0,0,0,0,0
46693,0,0,0,0,0,0
46707,0,0,0,0,0,0
46713,0,0,0,0,0,0
46717,0,0,0,0,0,0
46722,0,0,0,0,0,0
46726,0,0,0,0,0,0
46731,0,0,0,0,0,0
46735,0,0,0,0,0,0
46740,0,0,0,0,0,0
46747,0,0,0,0,0,0
46753,0,0,0,0,0,0
46759,0,0,0,0,0,0
46764,0,0,0,0,0,0
46771,0,0,0,0,0,0
46777,0,0,0,0,0,0
46783,0,0,0,0,0,0
46790,0,0,0,0,0,0
46796,0,0,0,0,0,0
46802,0,0,0,0,0,0
46808,0,0,0,0,0,0
46814,0,0,0,0,0,0
46818,0,0,0,0,0,0
46824,0,0,0,0,0,0
46830,0,0,0,0,0,0
46838,0,0,0,0,0,0
46842,0,0,0,0,0,0
46848,0,0,0,0,0,0
46856,0,0,0,0,0,0
46860,0,0,0,0,0,0
46866,0,0,0,0,0,0
46873,0,0,0,0,0,0
46878,0,0,1,0,0,0
46885,0,0,0,0,0,0
46890,0,0,0,0,0,0
46898,0,0,0,0,0,0
46904,0,0,0,1,1,0
46910,0,0,0,0,2,0
46916,0,0,0,0,0,0
46922,0,0,0,2,3,0
46928,0,0,0,0,0,0
46935,0,0,0,0,0,0
46941,0,0,0,1,2,0
46947,0,0,0,0,0,0
46951,0,0,0,0,0,0
46957,0,0,0,0,0,0
46962,0,0,0,0,0,0
46969,0,0,0,1,1,0
46975,0,0,0,0,0,0
46981,0,0,0,0,0,0
46987,0,0,0,0,0,0
46993,0,0,0,0,0,0
46999,0,0,0,0,0,0
47005,0,0,0,0,0,0
47011,0,0,0,0,0,0
47016,0,0,0,0,0,0
47022,0,0,1,0,0,0
47028,0,0,0,0,0,0
47034,0,0,0,0,0,0
47040,0,1,1,0,0,0
47046,0,0,0,0,0,0
47052,0,0,0,0,0,0
47057,0,0,0,0,0,0
47063,0,0,0,0,0,0
47069,0,0,0,0,0,0
47074,0,0,0,0,0,0
47081,0,0,0,0,0,0
47086,0,0,0,0,0,0
47092,0,0,0,0,0,0
47098,0,0,0,0,0,0
47104,0,0,0,0,0,0
47110,0,0,0,0,0,0
47116,0,0,0,0,0,0
47120,0,0,0,0,0,0
47126,0,0,0,0,0,0
47131,0,0,0,0,0,0
47137,0,0,0,0,0,0
47143,0,0,0,0,2,0
47149,0,0,0,0,0,0
47156,0,0,0,2,2,0
47162,0,0,0,0,2,0
47168,0,0,0,0,1,0
47174,0,0,0,0,0,0
47180,0,0,0,0,0,0
47187,0,0,0,0,0,0
47193,0,1,0,2,2,0
47200,0,0,0,0,0,0
47204,0,0,0,0,0,0
47209,0,0,0,0,0,0
47215,0,0,0,0,0,0
47221,0,0,0,2,2,0
47227,0,0,0,0,0,0
47233,0,0,0,0,0,0
47240,0,0,0,0,0,0
47246,0,0,0,0,0,0
47252,0,0,0,0,0,0
47258,0,0,0,0,0,0
47264,0,0,0,0,0,0
47270,0,0,0,0,0,0
47275,0,0,0,0,0,0
47282,0,0,0,0,0,0
47288,0,0,0,0,0,0
47294,0,0,0,0,0,0
47300,0,0,0,0,0,0
47306,0,0,0,0,0,0
47312,0,0,0,0,0,0
47318,0,0,0,0,0,0
47324,0,0,0,0,0,0
47330,0,0,0,0,0,0
47336,0,0,0,0,0,0
47342,0,0,0,0,0,0
47348,0,0,0,0,0,0
47353,0,0,0,0,0,0
47361,0,0,0,0,0,0
47367,0,0,0,0,0,0
47373,0,1,1,0,0,0
47379,0,0,0,0,0,0
47385,0,0,0,0,0,0
47391,0,0,0,0,0,0
47404,0,0,0,0,0,0
47410,0,0,0,0,0,0
47423,0,0,0,0,0,0
47427,0,0,0,0,0,0
47435,0,0,0,0,0,0
47441,0,0,0,0,0,0
47446,0,0,0,0,0,0
47459,0,0,0,0,0,0
47477,0,0,0,0,0,0
47489,0,0,0,0,0,0
47495,0,0,0,0,0,0
47506,0,0,0,0,0,0
47511,0,0,0,0,0,0
47517,0,0,0,0,0,0
47523,0,0,0,0,0,0
47529,0,0,0,0,0,0
47536,0,0,0,0,0,0
47541,0,0,0,0,0,0
47548,0,0,0,0,0,0
47553,0,0,0,0,0,0
47559,0,0,0,0,0,0
47565,0,0,0,0,0,0
47571,0,0,0,0,0,0
47577,0,0,0,0,0,0
47584,0,0,0,0,0,0
47589,0,0,0,0,0,0
47595,0,0,0,0,0,0
47601,0,0,0,0,0,0
47604,0,0,0,0,0,0
47610,0,0,0,0,0,0
47616,0,0,0,0,0,0
47622,0,0,0,0,0,0
47637,0,0,0,0,0,0
47642,0,0,0,0,0,0
47648,0,0,0,0,0,0
47655,0,0,0,0,0,0
47658,0,0,0,0,0,0
47664,0,0,0,0,0,0
47670,0,0,0,0,0,0
47677,0,0,0,0,0,0
47683,0,0,0,0,0,0
47689,0,0,0,0,0,0
47695,0,0,0,0,0,0
47701,0,0,0,0,0,0
47706,0,0,0,0,0,0
47714,0,0,0,0,0,0
47720,0,0,0,0,0,0
47726,0,0,0,0,0,0
47732,0,0,0,0,0,0
47738,0,0,0,0,0,0
47744,0,0,0,0,0,0
47750,0,0,0,0,0,0
47756,0,0,0,0,0,0
47762,0,0,0,0,0,0
47768,0,0,0,0,0,0
47774,0,0,0,0,0,0
47781,0,0,0,0,0,0
47787,0,0,0,0,0,0
47794,0,0,0,0,0,0
47800,0,0,0,0,0,0
47806,0,0,0,0,0,0
47812,0,0,0,0,0,0
47817,0,0,0,0,0,0
47823,0,0,0,0,0,0
47829,0,0,0,0,0,0
47836,0,0,0,0,0,0
47842,0,0,0,0,0,0
47848,0,0,0,0,0,0
47853,0,0,0,0,0,0
47859,0,0,1,0,0,0
47865,0,0,0,0,0,0
47871,0,0,0,0,0,0
47884,0,0,0,0,0,0
47891,0,0,0,0,0,0
47897,0,0,0,0,0,0
47903,0,0,0,0,0,0
47908,0,0,0,0,0,0
47916,0,0,0,0,0,0
47920,0,0,0,0,0,0
47926,0,0,0,0,0,0
47933,0,0,0,0,0,0
47938,0,0,0,0,0,0
47945,0,0,0,0,0,0
47952,0,0,0,0,0,0
47965,0,0,0,0,0,0
47971,0,0,0,0,0,0
47978,0,0,0,0,0,0
47984,0,0,0,0,0,0
47990,0,0,0,0,0,0
48002,0,0,0,0,0,0
48008,0,0,0,0,0,0
48014,0,0,0,0,0,0
48018,0,0,0,0,0,0
48024,0,0,0,0,0,0
48030,0,0,1,0,0,0
48037,0,0,0,0,0,0
48042,0,0,0,0,0,0
48054,0,0,0,0,0,0
48060,0,0,0,0,0,0
48065,0,0,0,0,0,0
48071,0,0,0,0,0,0
48084,0,0,0,0,0,0
48091,0,0,0,0,0,0
48096,0,0,0,0,0,0
48100,0,0,0,0,0,0
48107,0,0,0,0,0,0
48113,0,0,0,0,0,0
48119,0,0,0,1,1,0
48131,0,0,0,0,0,0
48137,0,0,0,2,2,0
48158,0,0,0,0,0,0
48164,0,0,0,0,0,0
48176,0,0,0,0,0,0
48182,0,0,0,0,0,0
48194,0,0,0,0,0,0
48199,0,0,0,0,0,0
48205,0,0,0,0,0,0
48212,0,0,0,0,0,0
48218,0,0,0,0,0,0
48224,0,0,0,0,0,0
48231,0,0,0,0,0,0
48237,0,0,0,0,0,0
48243,0,0,0,0,0,0
48249,0,0,0,0,0,0
48254,0,0,0,0,0,0
48261,0,0,0,0,0,0
48266,0,0,0,0,0,0
48272,0,0,0,0,0,0
48291,0,0,0,0,0,0
48297,0,0,0,0,0,0
48302,0,0,0,0,0,0
48308,0,0,0,0,0,0
48314,0,0,0,0,0,0
48320,0,0,0,0,0,0
48326,0,0,0,0,0,0
48332,0,0,0,0,0,0
48338,0,0,0,0,0,0
48345,0,0,0,0,0,0
48351,0,0,0,0,0,0
48356,0,0,0,0,0,0
48362,0,0,0,1,2,0
48373,0,0,0,2,2,0
48380,0,0,0,1,2,0
48387,0,0,0,0,0,0
48399,0,0,0,2,1,0
48405,0,0,0,0,0,0
48411,0,0,0,0,0,0
48419,0,0,0,0,0,0
48425,0,0,0,0,0,0
48430,0,0,0,0,0,0
48435,0,0,0,0,0,0
48441,0,0,0,0,0,0
48447,0,0,0,0,0,0
48453,0,0,0,0,0,0
48459,0,0,0,0,0,0
48465,0,0,0,0,0,0
48471,0,0,0,0,0,0
48477,0,0,0,0,0,0
48483,0,0,0,0,0,0
48489,0,0,0,0,0,0
48495,0,0,0,0,0,0
48500,0,0,0,0,0,0
48506,0,0,0,0,0,0
48512,0,0,0,0,0,0
48526,0,0,0,0,0,0
48531,0,0,0,0,0,0
48543,0,0,0,0,0,0
48549,0,0,0,0,0,0
48561,0,0,0,0,0,0
48567,0,0,0,0,0,0
48573,0,0,0,0,0,0
48579,0,0,0,0,0,0
48585,0,0,0,0,0,0
48590,0,0,0,0,0,0
48596,0,0,0,0,0,0
48603,0,0,0,1,1,0
48616,0,0,0,2,2,0
48622,0,0,0,2,2,0
48627,1,0,0,0,0,1
48635,0,0,0,0,0,0
48641,0,0,0,0,0,0
48646,0,0,0,0,0,0
48653,0,0,0,1,1,0
48659,0,0,0,0,0,0
48663,1,0,0,0,0,1
48671,0,0,0,0,0,0
48677,0,0,0,0,0,0
48681,0,0,0,0,0,0
48688,0,0,0,0,0,0
48693,0,0,0,0,0,0
48699,0,0,0,0,0,0
48707,0,0,0,0,0,0
48712,0,0,0,0,0,0
48718,0,0,0,0,0,0
48724,0,0,0,0,0,0
48730,0,0,0,0,0,0
48736,0,0,0,0,0,0
48742,0,0,0,0,0,0
48747,0,0,0,0,0,0
48754,0,0,0,0,0,0
48760,0,0,0,0,0,0
48766,0,0,0,0,0,0
48776,0,0,0,0,0,0
48804,0,0,0,0,0,0
48810,0,0,0,0,0,0
48813,0,0,0,0,0,0
48819,0,0,0,0,0,0
48833,0,0,0,0,0,0
48839,0,0,0,0,0,0
48850,0,0,0,2,1,0
48856,0,0,0,0,0,0
48868,0,0,0,0,0,0
48873,0,0,0,0,0,0
48879,0,0,0,0,0,0
48886,0,0,0,0,0,0
48892,0,0,0,0,0,0
48903,0,0,0,0,0,0
48913,0,0,0,0,0,0
48918,0,0,0,0,0,0
48930,0,0,0,0,0,0
48936,0,0,0,0,0,0
48942,0,0,0,0,0,0
48949,0,0,0,0,0,0
48955,0,0,0,0,0,0
48960,0,0,0,0,0,0
48966,0,0,0,0,0,0
48972,0,0,0,0,0,0
48978,0,0,0,0,0,0
48984,0,0,0,0,0,0
48990,0,0,0,0,0,0
48996,0,0,0,0,0,0
49001,0,0,0,0,0,0
49008,0,0,0,0,0,0
49012,0,0,0,0,0,0
49018,0,0,0,0,0,0
49025,0,0,0,0,0,0
49029,0,0,0,0,0,0
49036,0,0,0,0,0,0
49041,0,0,0,0,0,0
49047,0,0,0,0,0,0
49054,0,0,0,0,0,0
49060,0,0,0,0,0,0
49065,0,0,0,0,0,0
49072,0,0,0,0,0,0
49078,0,0,0,0,0,0
49084,0,0,0,0,0,0
49091,0,0,0,1,0,0
49099,0,0,0,0,0,0
49110,0,0,0,2,2,0
49121,0,0,0,0,0,0
49127,0,0,0,0,0,0
49135,0,0,0,0,0,0
49147,0,0,0,0,0,0
49152,0,0,0,0,0,0
49157,0,0,0,0,0,0
49163,0,0,0,0,0,0
49170,0,0,0,0,0,0
49175,0,0,0,0,0,0
49181,0,0,0,0,0,0
49187,0,0,0,0,0,0
49193,0,0,0,0,0,0
49199,0,0,0,0,0,0
49205,0,0,0,0,0,0
49212,0,0,0,0,0,0
49218,0,0,0,0,0,0
49224,0,0,0,0,0,0
49228,0,0,0,0,0,0
49234,0,0,0,0,0,0
49240,0,0,0,0,0,0
49246,0,0,0,0,0,0
49252,0,0,0,0,0,0
49258,0,0,0,0,0,0
49271,0,0,0,0,0,0
49277,0,0,0,0,0,0
49285,0,0,0,0,0,0
49291,0,0,0,0,0,0
49297,0,0,0,0,0,0
49304,0,0,0,0,0,0
49308,0,0,0,0,0,0
49314,0,0,0,0,0,0
49319,0,0,0,0,0,0
49324,0,0,0,0,0,0
49335,0,0,0,3,3,0
49341,0,0,0,1,1,0
49347,0,0,0,1,2,0
49354,0,0,0,1,3,0
49360,0,0,0,1,1,0
49372,0,0,0,2,2,0
49378,0,0,0,1,1,0
49390,0,0,0,0,0,0
49396,0,0,0,0,0,0
49401,0,0,0,0,0,0
49407,0,0,0,0,0,0
49413,0,0,0,0,0,0
49417,0,0,0,0,0,0
49423,0,0,0,0,0,0
49429,0,0,0,0,0,0
49436,0,0,0,0,0,0
49442,0,0,0,0,0,0
49448,0,0,0,0,0,0
49455,0,0,0,0,0,0
49461,0,0,0,0,0,0
49467,0,0,0,0,0,0
49472,0,0,0,0,0,0
49478,0,0,0,0,0,0
49484,0,0,0,0,0,0
49491,0,0,0,0,0,0
49503,0,0,0,0,0,0
49514,0,0,0,0,0,0
49520,0,0,0,0,0,0
49532,0,0,0,0,0,0
49538,0,0,0,0,0,0
49544,0,0,0,0,0,0
49550,0,0,0,0,0,0
49556,0,0,0,0,0,0
49562,0,0,0,0,0,0
49568,0,0,0,0,0,0
49594,0,0,0,0,0,0
49602,0,0,0,0,0,0
49610,0,0,0,0,0,0
49628,0,0,0,0,0,0
49638,0,0,0,0,0,0
49646,0,0,0,0,0,0
49662,0,0,0,0,0,0
49672,0,0,0,0,0,0
49685,0,0,0,0,0,0
49692,0,0,0,0,0,0
49702,0,0,0,0,0,0
49711,0,0,0,0,0,0
49719,0,0,0,0,0,0
49727,0,0,0,0,0,0
49761,0,0,0,0,0,0
49771,0,0,0,0,0,0
49781,0,0,0,0,0,0
49791,0,0,0,0,0,0
49802,0,0,0,0,0,0
49814,0,0,0,0,0,0
49843,0,0,0,0,0,0
49853,0,0,0,0,0,0
49871,0,0,0,0,0,0
49879,0,0,0,0,0,0
49896,0,0,0,0,0,0
49906,0,0,0,0,0,0
49917,0,0,0,0,0,0
49926,0,0,0,0,0,0
49968,0,0,0,0,0,0
49978,0,0,0,0,0,0
49998,0,0,0,0,0,0
50017,0,0,0,0,0,0
50041,0,0,0,0,0,0
50049,0,0,0,0,0,0
50061,0,0,0,0,0,0
50069,0,0,0,0,0,0
50085,0,0,0,0,0,0
50095,0,0,0,0,0,0
50107,0,0,0,0,0,0
50117,0,0,0,0,0,0
50161,0,0,0,0,0,0
50175,0,0,0,0,0,0
50187,0,0,0,0,0,0
50195,0,0,0,0,0,0
50207,0,0,0,0,0,0
50234,0,0,0,0,0,0
50270,0,0,0,0,0,0
50284,0,0,0,0,0,0
50293,0,0,0,0,0,0
50308,0,0,0,0,0,0
50324,0,0,0,1,1,0
50345,0,0,0,0,0,0
50370,0,0,0,0,0,0
50380,0,0,0,0,0,0
50391,0,0,0,0,0,0
50401,0,0,0,0,0,0
50410,0,0,0,0,0,0
50428,0,0,0,0,0,0
50455,0,0,0,0,0,0
50475,0,0,0,0,0,0
50485,0,0,0,0,0,0
50495,0,0,0,0,0,0
50505,0,0,0,0,0,0
50516,0,0,0,0,0,0
50524,0,0,0,0,0,0
50535,0,0,0,0,0,0
50556,0,0,0,1,2,0
50566,0,0,0,2,2,0
50578,0,0,0,0,0,0
50597,0,0,0,0,0,0
50606,0,0,0,0,0,0
50614,0,0,0,0,0,0
50624,0,0,0,0,0,0
50634,0,0,0,0,0,0
50646,0,0,0,0,0,0
50656,0,0,0,0,0,0
50665,0,0,0,0,0,0
50671,0,0,0,0,0,0
50682,0,0,0,0,0,0
50691,0,0,0,0,0,0
50703,0,0,0,0,0,0
50713,0,0,0,0,0,0
50723,0,0,0,0,0,0
50743,0,0,0,0,0,0
50753,0,0,0,0,0,0
50763,0,0,0,0,0,0
50773,0,0,0,0,0,0
50784,0,0,0,0,0,0
50794,0,0,0,0,1,0
50812,0,0,0,2,2,0
50821,0,0,0,0,1,0
50844,0,0,0,0,0,0
50854,0,0,0,0,0,0
50875,0,0,0,0,0,0
50885,0,0,0,0,0,0
50896,0,0,0,0,0,0
50905,0,0,0,0,0,0
50917,0,0,0,0,0,0
50929,0,0,0,0,0,0
50939,0,0,0,0,0,0
50948,0,0,0,0,0,0
50957,0,0,0,0,0,0
50986,0,0,0,0,0,0
50996,0,0,0,0,0,0
51005,0,0,0,0,0,0
51015,0,0,0,0,0,0
51023,0,0,0,0,0,0
51035,0,0,0,0,0,0
51045,0,0,0,0,0,0
51051,0,0,0,0,0,0
51062,0,0,0,0,0,0
51073,0,0,0,0,0,0
51081,0,0,0,0,0,0
51092,0,0,0,0,0,0
51100,0,0,0,0,0,0
51107,0,0,0,0,0,0
51118,0,0,0,0,0,0
51130,0,0,0,0,0,0
51139,0,0,0,0,0,0
51165,0,0,0,0,0,0
51174,0,0,0,0,0,0
51184,0,0,0,0,0,0
51194,0,0,0,0,0,0
51203,0,0,0,0,0,0
51212,0,0,0,0,0,0
51223,0,0,0,0,0,0
51232,0,0,0,0,0,0
51240,0,0,0,0,0,0
51249,0,0,0,0,0,0
51258,0,0,0,0,0,0
51266,0,0,0,0,0,0
51279,0,0,0,0,0,0
51286,0,0,0,0,0,0
51298,0,0,0,0,0,0
51307,0,0,0,0,0,0
51315,0,0,0,0,0,0
51325,0,0,0,0,0,0
51342,0,0,0,0,0,0
51348,0,0,0,0,0,0
51357,0,0,0,0,0,0
51366,0,0,0,0,0,0
51377,0,0,0,0,0,0
51389,0,0,0,0,0,0
51397,0,0,0,0,0,0
51403,0,0,0,0,0,0
51416,0,0,0,0,0,0
51424,0,0,0,0,0,0
51431,0,0,0,0,0,0
51443,0,0,0,0,0,0
51452,0,0,0,0,0,0
51461,0,0,0,0,0,0
51470,0,0,0,0,0,0
51479,0,0,0,0,0,0
51482,0,0,0,0,0,0
51495,0,0,0,0,0,0
51502,0,0,0,0,0,0
51508,0,0,0,0,0,0
51522,0,0,0,1,1,0
51560,0,0,0,0,0,0
51650,0,0,0,0,0,0
51657,0,0,0,0,0,0
51663,0,0,0,0,0,0
51687,0,0,0,0,0,0
51696,0,0,0,0,0,0
51705,0,0,0,0,0,0
51719,0,0,0,0,0,0
51728,0,0,0,0,0,0
51740,0,0,0,0,0,0
51747,0,0,0,0,0,0
51758,0,0,0,0,0,0
51766,0,0,0,0,0,0
51775,0,0,0,0,0,0
51811,0,0,0,0,0,0
51818,0,0,0,0,0,0
51837,0,0,0,0,0,0
51855,0,0,0,0,0,0
51864,0,0,0,0,0,0
51883,0,0,0,0,0,0
51892,0,0,0,0,0,0
51898,0,0,0,0,0,0
51908,0,0,0,0,0,0
51921,0,0,0,0,0,0
51931,0,0,0,0,0,0
51940,0,0,0,0,0,0
51949,0,0,0,0,0,0
51972,0,0,0,0,0,0
51981,0,0,0,0,0,0
51986,0,0,0,0,0,0
51997,0,0,0,0,0,0
52015,0,0,0,0,0,0
52028,0,0,0,0,0,0
52036,0,0,0,0,0,0
52045,0,0,0,0,0,0
52053,0,0,0,0,0,0
52059,0,0,0,0,0,0
52098,0,0,0,0,0,0
52107,0,0,0,0,0,0
52114,0,0,0,0,0,0
52124,0,0,0,0,0,0
52134,0,0,0,0,0,0
52140,0,0,0,0,0,0
52150,0,0,0,0,0,0
52159,0,0,0,0,0,0
52184,0,0,0,0,0,0
52198,0,0,0,0,0,0
52208,0,0,0,0,0,0
52215,0,0,0,0,0,0
52222,0,0,0,0,0,0
52230,0,0,0,0,0,0
52237,0,0,0,0,0,0
52276,0,0,0,0,0,0
52286,0,0,0,0,0,0
52305,0,0,0,0,0,0
52312,0,0,0,0,0,0
52327,0,0,0,0,0,0
52336,0,0,0,0,0,0
52345,0,0,0,0,0,0
52368,0,0,0,0,0,0
52375,0,0,0,0,0,0
52388,0,0,0,0,0,0
52393,0,0,0,0,0,0
52401,0,0,0,0,0,0
52408,0,0,0,0,0,0
52428,0,0,0,0,0,0
52437,0,0,0,0,0,0
52447,0,0,0,0,0,0
52456,0,0,0,0,0,0
52466,0,0,0,0,0,0
52483,0,0,0,0,0,0
52490,0,0,0,0,0,0
52505,0,0,0,3,3,0
52512,0,0,0,4,3,0
52520,0,0,0,0,0,0
52532,0,0,0,0,0,0
52533,3,0,0,0,0,3
52547,0,0,0,0,0,0
52554,0,0,0,0,0,0
52568,0,0,0,0,0,0
52574,0,0,0,0,0,0
52581,0,0,0,0,0,0
52590,0,0,0,0,0,0
52600,0,0,0,0,0,0
52607,0,0,0,0,0,0
52622,0,0,0,0,0,0
52630,0,0,0,0,0,0
52638,0,2,0,0,0,2
52648,0,0,0,0,0,0
52657,0,0,0,0,0,0
52665,0,0,0,0,0,0
52672,0,0,0,0,0,0
52680,0,0,0,0,0,0
52690,0,0,0,0,0,0
52712,0,0,0,0,0,0
52721,0,0,0,0,0,0
52730,0,0,0,0,0,0
52739,0,0,0,5,4,0
52748,0,0,0,4,3,0
52755,0,4,0,4,4,2
52765,0,0,0,0,1,0
52771,0,0,0,1,0,0
52780,0,0,0,1,0,0
52791,11,0,0,0,0,6
52798,0,0,0,0,0,0
52810,0,0,0,0,0,0
52817,0,0,0,0,0,0
52825,0,0,0,0,0,0
52834,0,0,0,0,0,0
52842,0,0,0,0,0,0
52852,0,0,0,0,0,0
52859,0,0,0,0,0,0
52871,0,0,0,0,0,0
52878,0,0,0,0,0,0
52887,0,0,0,0,0,0
52907,0,0,0,0,0,0
52915,0,0,0,0,0,0
52933,0,0,0,0,0,0
52941,0,0,0,0,0,0
52949,0,0,0,0,0,0
52962,0,0,0,0,0,0
52972,0,0,0,0,0,0
52984,0,0,0,0,2,0
52993,0,0,0,0,1,0
53004,3,0,0,2,2,2
53014,0,0,0,1,1,0
53020,0,0,0,0,0,0
53034,13,0,0,0,0,7
53042,0,0,0,0,0,0
53046,3,0,0,0,0,3
53072,0,0,0,0,0,0
53081,0,0,0,0,0,0
53089,0,0,0,0,0,0
53097,0,0,0,0,0,0
53105,0,0,0,0,0,0
53114,0,0,0,0,0,0
53122,0,0,0,0,0,0
53130,0,0,0,0,0,0
53158,0,0,0,0,0,0
53166,0,0,0,0,0,0
55826,0,0,0,0,0,0
55837,0,0,0,0,0,0
55846,0,0,0,0,0,0
55857,0,0,0,0,0,0
55867,0,0,0,0,0,0
55877,0,0,0,0,0,0
55887,0,0,0,0,0,0
55897,0,0,0,4,3,0
55913,0,0,0,1,2,0
55932,0,0,0,2,3,0
55944,0,0,0,0,0,0
55956,0,0,0,0,0,0
55974,0,0,0,0,0,0
55998,0,0,0,0,0,0
56008,0,0,0,0,0,0
56019,0,0,0,0,0,0
56028,0,0,0,0,0,0
56038,0,0,0,0,0,0
56048,0,0,0,0,0,0
56060,0,0,0,0,0,0
56070,0,0,0,0,0,0
56080,0,0,0,0,0,0
56090,0,0,0,0,0,0
56101,0,0,0,0,0,0
56110,0,0,0,0,0,0
56119,0,0,0,0,0,0
56128,0,0,0,0,0,0
56154,0,0,0,0,0,0
56163,0,0,0,0,0,0
56173,0,0,0,0,0,0
56185,0,0,0,0,0,0
56194,0,0,0,0,0,0
56204,0,0,0,0,0,0
56214,0,0,0,0,0,0
56224,0,0,0,0,0,0
56246,0,0,0,0,0,0
56268,0,0,0,0,0,0
56291,0,0,0,0,0,0
56298,0,0,0,0,0,0
56309,0,0,0,0,0,0
56320,0,0,0,0,0,0
56331,0,0,0,0,0,0
56341,0,0,0,0,0,0
56351,0,0,0,0,0,0
56360,0,0,0,0,0,0
56370,0,0,0,0,0,0
56390,0,0,0,0,0,0
56400,0,0,0,0,1,0
56409,0,0,0,0,0,0
56429,0,0,0,0,0,0
56443,0,0,0,0,0,0
56457,0,0,0,0,0,0
56468,0,0,0,0,0,0
56478,0,0,0,0,0,0
56487,0,0,0,0,0,0
56496,0,0,0,0,0,0
56507,0,0,0,0,0,0
56520,0,0,0,0,0,0
56530,0,0,0,0,0,0
56555,0,0,0,0,0,0
56564,0,0,0,0,0,0
56574,0,0,0,0,0,0
56584,0,0,0,0,0,0
56593,0,0,0,0,0,0
56601,0,0,0,0,0,0
56612,0,0,0,0,0,0
56618,0,0,0,0,0,0
56629,0,0,0,0,0,0
56640,0,0,0,1,0,0
56649,0,0,0,0,0,0
56658,0,0,0,0,0,0
56666,0,0,0,0,0,0
56683,0,0,0,0,0,0
56695,0,0,0,0,0,0
56705,0,0,0,0,0,0
56718,0,0,0,0,0,0
56728,0,0,0,0,0,0
56738,0,0,0,0,0,0
56750,0,0,0,0,0,0
56761,0,0,0,0,0,0
56771,0,0,0,0,0,0
56779,0,0,0,0,0,0
56799,0,0,0,0,0,0
56809,0,0,0,0,0,0
56819,0,0,0,0,0,0
56829,0,0,0,0,0,0
56839,0,0,0,0,0,0
56849,0,0,0,0,0,0
56901,0,0,0,0,0,0
56911,0,0,0,0,0,0
56923,0,0,0,0,0,0
56940,0,0,0,0,0,0
56953,0,0,0,0,0,0
56962,0,0,0,0,0,0
56971,0,0,0,0,0,0
56983,0,0,0,0,0,0
56992,0,0,0,0,0,0
57003,0,0,0,0,0,0
57012,0,0,0,0,0,0
57019,0,0,0,0,0,0
57031,0,0,0,0,0,0
57074,0,0,0,0,0,0
57085,0,0,0,0,0,0
57094,0,0,0,0,0,0
57104,0,0,0,0,0,0
57112,0,0,0,1,1,0
57127,0,0,0,2,2,0
57140,0,0,0,0,1,0
57157,0,0,0,2,1,0
57167,0,0,0,0,0,0
57176,0,0,0,0,0,0
57191,0,0,0,0,0,0
57202,0,0,0,0,0,0
57213,0,0,0,0,0,0
57232,0,0,0,0,0,0
57243,0,0,0,0,0,0
57253,0,0,0,0,0,0
57263,0,0,0,0,0,0
57272,0,0,0,0,0,0
57283,0,0,0,0,0,0
57290,0,0,0,0,0,0
57301,0,0,0,0,0,0
57309,0,0,0,0,0,0
57320,0,0,0,0,0,0
57340,0,0,0,0,0,0
57355,0,0,0,0,1,0
57382,0,0,0,0,1,0
57397,0,0,0,0,1,0
57410,0,0,0,0,0,0
57433,0,0,0,0,0,0
57446,0,0,0,0,0,0
57455,0,0,0,0,0,0
57463,0,0,0,0,0,0
57475,0,0,0,0,0,0
57480,0,0,0,0,0,0
57490,0,0,0,0,0,0
57496,0,0,0,0,0,0
57505,0,0,0,0,0,0
57516,0,0,0,0,0,0
57525,0,0,0,0,0,0
57533,0,0,0,0,0,0
57543,0,0,0,0,0,0
57551,0,0,0,0,0,0
57559,0,0,0,0,0,0
57567,0,0,0,0,0,0
57572,0,0,0,0,0,0
57581,0,0,0,0,0,0
57589,0,0,0,0,0,0
57599,0,0,0,0,0,0
57608,0,0,0,0,0,0
57616,0,0,0,0,0,0
57621,0,0,0,0,0,0
57653,0,0,0,0,0,0
57662,0,0,0,0,0,0
57668,0,0,0,0,0,0
57699,0,0,0,0,0,0
57707,0,0,0,0,0,0
57715,0,0,0,0,0,0
57723,0,0,0,0,0,0
57730,0,0,0,0,0,0
57740,0,0,0,0,0,0
57749,0,0,0,0,0,0
57764,0,0,0,0,0,0
57774,0,0,0,0,0,0
57781,0,0,0,0,0,0
57791,0,0,0,0,0,0
57801,0,0,0,0,0,0
57808,0,0,0,0,0,0
57816,0,0,0,0,0,0
57824,0,0,0,0,0,0
57832,0,0,0,0,0,0
57840,0,0,0,0,0,0
57847,0,0,0,0,1,0
57857,0,0,0,0,0,0
57864,0,0,0,0,0,0
57878,0,0,0,0,0,0
57887,0,0,0,0,0,0
57895,0,0,0,0,0,0
57900,0,0,0,0,0,0
57911,0,0,0,0,0,0
57921,0,0,0,0,0,0
57929,0,0,0,0,0,0
57939,0,0,0,0,0,0
57960,0,0,0,0,0,0
57968,0,0,0,0,0,0
57977,0,0,0,0,0,0
57985,0,0,0,0,0,0
57994,0,0,0,0,0,0
58000,0,0,0,0,0,0
58009,0,0,0,0,0,0
58015,0,0,0,0,0,0
58027,0,0,0,0,0,0
58032,0,0,0,0,0,0
58040,0,0,0,0,0,0
58048,0,0,0,0,0,0
58056,0,0,0,0,0,0
58064,0,0,0,0,0,0
58072,0,0,0,0,0,0
58080,0,0,0,0,0,0
58112,0,0,0,0,0,0
58120,0,0,0,0,0,0
58128,0,0,0,0,1,0
58135,0,0,0,0,0,0
58149,0,0,0,0,0,0
58166,0,0,0,0,0,0
58174,0,0,0,0,0,0
58182,0,0,0,0,0,0
58190,0,0,0,0,0,0
58199,0,0,0,0,0,0
58208,0,0,0,0,0,0
58218,0,0,0,0,0,0
58224,0,0,0,0,0,0
58230,0,0,0,0,0,0
58262,0,0,0,0,0,0
58269,0,0,0,0,0,0
58275,0,0,0,0,0,0
58283,0,0,0,0,0,0
58291,0,0,0,0,0,0
58299,0,0,0,0,0,0
58307,0,0,0,0,0,0
58315,0,0,0,0,0,0
58336,0,0,0,0,0,0
58344,0,0,0,0,0,0
58353,0,0,0,0,0,0
58361,0,0,0,0,0,0
58380,0,0,0,0,0,0
58398,0,0,0,0,0,0
58413,0,0,0,0,0,0
58424,0,0,0,0,0,0
58432,0,0,0,0,0,0
58443,0,0,0,0,0,0
58460,0,0,0,0,0,0
58480,0,0,0,0,0,0
58497,0,0,0,0,0,0
58504,0,0,0,0,0,0
58511,0,0,0,0,0,0
58521,0,0,0,0,0,0
58528,0,0,0,0,0,0
58537,0,0,0,0,0,0
58546,0,0,0,0,0,0
58557,0,0,0,0,0,0
58562,0,0,0,0,0,0
58577,0,0,0,0,0,0
58588,0,0,0,0,0,0
58604,0,0,0,0,0,0
58632,0,0,0,0,0,0
58688,0,0,0,0,0,0
58693,0,0,0,0,0,0
58704,0,0,0,0,0,0
58713,0,0,0,0,0,0
58741,0,0,0,0,0,0
58749,0,0,0,0,0,0
58757,0,0,0,0,0,0
58764,0,0,0,0,0,0
58771,0,0,0,0,0,0
58779,0,0,0,0,0,0
58788,0,0,0,0,0,0
58798,0,0,0,0,0,0
58812,0,0,0,1,1,0
58821,0,0,0,1,0,0
58831,0,0,0,0,0,0
58838,0,0,0,0,0,0
58848,0,0,0,0,0,0
58854,0,0,0,0,0,0
58866,0,0,0,0,0,0
58890,0,0,0,0,0,0
58902,0,0,0,0,0,0
58920,0,0,0,0,0,0
58928,0,0,0,0,0,0
58938,0,0,0,0,0,0
58943,0,0,0,0,0,0
58955,0,0,0,0,0,0
58961,0,0,0,0,0,0
58983,0,0,0,0,0,0
58988,0,0,0,0,0,0
58999,0,0,0,0,0,0
59007,0,0,0,0,0,0
59014,0,0,0,0,0,0
59021,0,0,0,0,0,0
59029,0,0,0,0,0,0
59037,0,0,0,0,0,0
59045,0,0,0,0,0,0
