0,0,0,0,0,0,0
1,0,0,0,0,0,0
3,0,0,0,0,0,0
6,0,0,0,0,0,0
9,0,0,0,0,0,0
12,0,0,0,0,0,0
17,0,0,0,0,0,0
23,0,0,0,0,0,0
29,0,0,0,0,0,0
39,0,0,0,0,0,0
43,0,0,0,0,0,0
51,1,5,0,0,0,6
60,1,5,0,0,0,6
67,0,0,0,0,0,0
73,0,0,0,0,0,0
82,0,0,0,0,0,0
90,0,0,0,0,0,0
98,0,0,0,0,0,0
106,0,0,0,0,0,0
114,0,0,1,0,0,0
123,0,0,1,0,0,0
132,0,1,0,0,0,0
143,0,0,0,0,0,0
150,0,2,0,0,0,0
159,0,2,0,0,0,0
168,0,0,0,0,0,0
178,0,0,0,0,0,0
188,0,0,0,0,0,0
198,0,0,0,0,0,0
208,0,0,0,0,0,0
218,0,0,0,0,0,0
228,0,0,0,0,0,0
238,0,0,0,0,0,0
248,0,0,0,0,0,0
258,0,0,0,0,0,0
268,0,0,0,0,0,0
278,0,0,0,0,0,0
287,0,0,0,0,0,0
295,0,0,0,0,0,0
304,0,1,0,0,0,0
315,0,0,0,0,0,0
325,0,0,0,0,0,0
335,0,0,0,0,0,0
345,0,0,0,0,0,0
354,0,0,0,0,0,0
364,0,0,0,0,0,0
374,0,0,0,0,0,0
384,0,1,1,0,0,0
395,0,0,0,0,0,0
410,0,0,0,0,0,0
419,0,0,0,0,0,0
427,0,0,0,0,0,0
436,0,0,0,0,0,0
454,0,0,0,0,0,0
467,0,0,0,0,0,0
479,0,0,0,0,0,0
485,0,0,0,0,0,0
495,0,0,0,0,0,0
505,0,0,0,0,0,0
515,0,0,0,0,0,0
529,0,0,0,0,0,0
539,0,0,0,0,0,0
547,0,0,0,0,0,0
557,0,0,0,0,0,0
566,0,0,0,0,0,0
585,0,0,0,0,0,0
594,0,0,0,0,0,0
602,0,0,0,0,0,0
613,0,0,0,0,0,0
623,0,0,0,0,0,0
632,0,0,0,0,0,0
642,0,0,0,0,0,0
659,0,0,0,0,0,0
671,0,0,0,0,0,0
688,0,0,0,0,0,0
714,0,0,0,0,0,0
725,0,0,0,0,0,0
734,0,0,0,0,0,0
754,0,0,0,0,0,0
763,0,0,0,0,0,0
772,0,0,0,0,0,0
782,0,0,0,0,0,0
792,0,0,0,0,0,0
802,0,0,0,0,0,0
812,0,0,0,0,0,0
822,0,0,0,0,0,0
835,0,0,0,0,0,0
849,0,0,0,0,0,0
857,0,0,0,0,0,0
866,0,0,0,0,0,0
876,0,0,0,0,0,0
883,0,0,0,0,0,0
895,0,0,0,0,0,0
904,0,0,0,0,0,0
913,0,0,0,0,0,0
932,0,0,0,0,0,0
946,0,0,0,0,0,0
969,0,0,2,0,0,0
999,0,0,0,0,0,0
1008,0,0,0,0,0,0
1018,0,0,0,0,0,0
1028,0,0,0,0,0,0
1038,0,0,0,0,0,0
1046,0,0,0,0,0,0
1072,0,0,0,0,0,0
1082,0,0,0,0,0,0
1089,0,0,0,0,0,0
1108,0,0,0,0,0,0
1116,0,0,0,0,0,0
1126,0,0,0,0,0,0
1198,0,0,0,0,0,0
1217,0,0,0,0,0,0
1226,0,0,0,0,0,0
1235,0,0,0,0,0,0
1244,0,0,0,0,0,0
1251,0,0,0,0,0,0
1267,0,0,0,0,0,0
1279,0,0,0,0,0,0
1290,0,0,0,0,0,0
1294,0,0,0,0,0,0
1341,0,0,0,0,0,0
1350,0,0,0,0,0,0
1368,0,0,0,0,0,0
1376,0,0,0,0,0,0
1426,0,0,0,0,0,0
1435,0,0,0,0,0,0
1443,0,0,0,0,0,0
1451,0,0,0,0,0,0
1615,0,0,0,0,0,0
1677,0,0,0,0,0,0
1695,0,0,0,0,0,0
1800,0,0,0,0,0,0
1809,0,0,0,0,0,0
1828,0,0,0,0,0,0
1891,0,0,0,0,0,0
1899,0,0,0,0,0,0
1940,0,0,0,0,0,0
1989,0,0,0,0,0,0
2009,0,0,0,0,0,0
2088,0,0,0,0,0,0
2115,0,0,0,0,0,0
2151,0,0,0,0,0,0
2171,0,0,0,0,0,0
2191,0,0,0,0,0,0
2197,0,0,0,0,0,0
2205,0,0,0,0,0,0
2213,0,0,0,0,0,0
2220,0,0,0,0,0,0
2226,0,0,0,0,0,0
2240,0,0,0,0,0,0
2247,0,0,0,0,0,0
2253,0,0,0,0,0,0
2270,0,0,0,0,0,0
2278,0,0,0,0,0,0
2285,0,0,0,0,0,0
2292,0,0,0,0,0,0
2299,0,0,0,0,0,0
2305,0,0,0,0,0,0
2313,0,0,0,0,0,0
2320,0,0,0,0,0,0
2327,0,0,0,0,0,0
2333,0,0,0,0,0,0
2341,0,0,0,0,0,0
2374,0,0,0,0,0,0
2381,0,0,0,0,0,0
2388,0,0,0,0,0,0
2393,0,0,0,0,0,0
2400,0,0,0,0,0,0
2408,0,0,0,0,0,0
2415,0,0,0,0,0,0
2422,0,0,0,0,0,0
2429,0,0,0,0,0,0
2436,0,0,0,0,0,0
2443,0,0,0,0,0,0
2449,0,0,0,0,0,0
2455,0,0,0,0,0,0
2461,0,0,0,0,0,0
2468,0,0,0,0,0,0
2476,0,0,0,0,0,0
2482,0,0,0,0,0,0
2489,0,0,0,0,0,0
2496,0,0,0,0,0,0
2506,0,0,0,0,0,0
2511,0,0,0,0,0,0
2525,0,0,0,0,0,0
2533,0,0,0,0,0,0
2539,0,0,0,0,0,0
2552,0,0,0,0,0,0
2558,0,0,0,0,0,0
2567,0,0,0,0,0,0
2576,0,0,0,0,0,0
2583,0,0,0,0,0,0
2590,0,0,0,0,0,0
2611,0,0,0,0,0,0
2624,0,0,0,0,0,0
2632,0,0,0,0,0,0
2639,0,0,0,0,0,0
2646,0,0,0,0,0,0
2659,0,0,0,0,0,0
2666,0,0,0,0,0,0
2673,0,0,0,0,0,0
2681,0,0,0,0,0,0
2687,0,0,0,0,0,0
2695,0,0,0,0,0,0
2701,0,0,0,0,0,0
2707,0,0,0,0,0,0
2714,0,0,0,0,0,0
2721,0,0,0,0,0,0
2729,0,0,0,0,0,0
2738,0,0,0,0,0,0
2745,0,0,0,0,0,0
2752,0,0,0,0,0,0
2767,0,0,0,0,0,0
2774,0,0,0,0,0,0
2783,0,0,0,0,0,0
2790,0,0,0,0,0,0
2804,0,0,0,0,0,0
2811,0,0,0,0,0,0
2816,0,0,0,0,0,0
2830,0,0,0,0,0,0
2855,0,0,0,0,0,0
2873,0,0,0,0,0,0
2885,0,0,0,0,0,0
2890,0,0,0,0,0,0
2901,0,0,0,0,0,0
2907,0,0,0,0,0,0
2918,0,0,0,0,0,0
2931,0,0,0,0,0,0
2936,0,0,0,0,0,0
2944,0,0,0,0,0,0
2951,0,0,0,0,0,0
2956,0,0,0,0,0,0
2968,0,0,0,0,0,0
2974,0,0,0,0,0,0
2977,0,0,0,0,0,0
2983,0,0,0,0,0,0
2986,0,0,0,0,0,0
2992,0,0,0,0,0,0
2997,0,0,0,0,0,0
3010,0,0,0,0,0,0
3015,0,0,0,0,0,0
3037,0,0,0,0,0,0
3044,0,0,0,0,0,0
3050,0,0,0,0,0,0
3056,0,0,0,0,0,0
3062,0,0,0,0,0,0
3068,0,0,0,0,0,0
3073,0,0,0,0,0,0
3079,0,0,0,0,0,0
3091,0,0,0,0,0,0
3097,0,0,0,0,0,0
3109,0,0,0,0,0,0
3115,0,0,0,0,0,0
3119,0,0,0,0,0,0
3126,0,0,0,0,0,0
3132,0,0,0,0,0,0
3137,0,0,0,0,0,0
3142,0,0,0,0,0,0
3155,0,0,0,0,0,0
3161,0,0,0,0,0,0
3171,0,0,0,0,0,0
3177,0,0,0,0,0,0
3189,0,0,0,0,0,0
3195,0,0,0,0,0,0
3208,0,0,0,0,0,0
3214,0,0,0,0,0,0
3226,0,0,0,0,0,0
3232,0,0,0,0,0,0
3238,0,0,0,0,0,0
3249,0,0,0,0,0,0
3261,0,0,0,0,0,0
3267,0,0,0,0,0,0
3272,0,0,0,0,0,0
3277,0,0,0,0,0,0
3281,0,0,0,0,0,0
3285,0,0,0,0,0,0
3289,0,0,0,0,0,0
3296,0,0,0,0,0,0
3304,0,0,0,0,0,0
3308,0,0,0,0,0,0
3312,0,0,0,0,0,0
3316,0,0,0,0,0,0
3320,0,0,0,0,0,0
3330,0,0,0,0,0,0
3339,0,0,0,0,0,0
3348,0,0,0,0,0,0
3360,0,0,0,0,0,0
3368,0,0,0,0,0,0
3371,0,0,0,0,0,0
3377,0,0,0,0,0,0
3380,0,0,0,0,0,0
3386,0,0,0,0,0,0
3389,0,0,0,0,0,0
3395,0,0,0,0,0,0
3398,0,0,0,0,0,0
3404,0,0,0,0,0,0
3413,0,0,0,0,0,0
3416,0,0,0,0,0,0
3422,0,0,0,0,0,0
3425,0,0,0,0,0,0
3431,0,0,0,0,0,0
3433,0,0,0,0,0,0
3439,0,0,0,0,0,0
3442,0,0,0,0,0,0
3448,0,0,0,0,0,0
3451,0,0,0,0,0,0
3457,0,0,0,0,0,0
3460,0,0,0,0,0,0
3466,0,0,0,0,0,0
3469,0,0,0,0,0,0
3475,0,0,0,0,0,0
3478,0,0,0,0,0,0
3481,0,0,0,0,0,0
3484,0,0,0,0,0,0
3492,0,0,0,0,0,0
3494,0,0,0,0,0,0
3502,0,0,0,0,0,0
3504,0,0,0,0,0,0
3510,0,0,0,0,0,0
3512,0,0,0,0,0,0
3520,0,0,0,0,0,0
3528,0,0,0,0,0,0
3530,0,0,0,0,0,0
3532,0,0,0,0,0,0
3537,0,0,0,0,0,0
3538,0,0,0,0,0,0
3540,0,0,0,0,0,0
3542,0,0,0,0,0,0
3546,0,0,0,0,0,0
3548,0,0,0,0,0,0
3550,0,0,0,0,0,0
3556,0,0,0,0,0,0
3558,0,0,0,0,0,0
3560,0,0,0,0,0,0
3564,0,0,0,0,0,0
3566,0,0,0,0,0,0
3574,0,0,0,0,0,0
3582,0,0,0,0,0,0
3584,0,0,0,0,0,0
3592,0,0,0,0,0,0
3601,0,0,0,0,0,0
3609,0,0,0,0,0,0
3611,0,0,0,0,0,0
3619,0,0,0,0,0,0
3627,0,0,0,0,0,0
3629,0,0,0,0,0,0
3637,0,0,0,0,0,0
3645,0,0,0,0,0,0
3663,0,0,0,0,0,0
3681,0,0,0,0,0,0
3699,0,0,0,0,0,0
3709,0,0,0,0,0,0
3717,0,0,0,0,0,0
3719,0,0,0,0,0,0
3727,0,0,0,0,0,0
3735,0,0,0,0,0,0
3737,0,0,0,0,0,0
3745,0,0,0,0,0,0
3753,0,0,0,0,0,0
3755,0,0,0,0,0,0
3763,0,0,0,0,0,0
3771,0,0,0,0,0,0
3773,0,0,0,0,0,0
3781,0,0,0,0,0,0
3790,0,0,0,0,0,0
3798,0,0,0,0,0,0
3800,0,0,0,0,0,0
4478,0,0,0,0,0,0
4487,0,0,0,0,0,0
4496,0,0,0,0,0,0
4505,0,0,0,0,0,0
4514,0,0,0,0,0,0
4525,0,0,0,0,0,0
4535,0,0,0,0,0,0
4543,0,0,0,0,0,0
4551,0,0,0,0,0,0
4560,0,0,0,0,0,0
4571,0,0,0,0,0,0
4580,0,0,0,0,0,0
4590,0,0,0,0,0,0
4601,0,0,0,0,0,0
4611,0,0,0,0,0,0
4620,0,0,0,0,0,0
4630,0,0,0,0,0,0
4639,0,0,0,0,0,0
4649,0,0,0,0,0,0
4658,0,0,0,0,0,0
4669,0,0,0,0,0,0
4675,0,0,0,0,0,0
4684,0,0,0,0,0,0
4698,0,0,0,0,0,0
4707,0,0,0,0,0,0
4716,0,0,0,0,0,0
4726,0,0,0,0,0,0
4736,0,0,0,0,0,0
4747,0,0,0,0,0,0
4756,0,0,0,0,0,0
4765,0,0,0,0,0,0
4775,0,0,0,0,0,0
4806,0,0,0,0,0,0
4816,0,0,0,0,0,0
4826,0,0,0,0,0,0
4836,0,0,0,0,0,0
4846,0,0,0,0,0,0
4857,0,0,0,0,0,0
4867,0,0,0,0,0,0
4877,0,0,0,0,0,0
4884,0,0,0,0,0,0
4895,0,0,0,0,0,0
4905,0,0,0,0,0,0
4915,0,0,0,0,0,0
4925,0,0,0,0,0,0
4935,0,0,0,0,0,0
4945,0,0,0,0,0,0
4955,0,0,0,0,0,0
4964,0,0,0,0,0,0
4975,0,0,0,0,0,0
4984,0,0,0,0,0,0
4993,0,0,0,0,0,0
5001,0,0,0,0,0,0
5011,0,0,0,0,0,0
5021,0,0,0,0,0,0
5041,0,0,0,0,0,0
5060,0,0,0,0,0,0
5080,0,0,0,0,0,0
5086,0,0,0,0,0,0
5097,0,0,0,0,0,0
5104,0,0,0,0,0,0
5120,0,0,0,0,0,0
5127,0,0,0,0,0,0
5134,0,0,0,0,0,0
5143,0,0,0,0,0,0
5152,0,0,0,0,0,0
5160,0,0,0,0,0,0
5169,0,0,0,0,0,0
5186,0,0,0,0,0,0
5198,0,0,0,0,0,0
5204,0,0,0,0,0,0
5215,0,0,0,0,0,0
5221,0,0,0,0,0,0
5231,0,0,0,0,0,0
5240,0,0,0,0,0,0
5252,0,0,0,0,0,0
5258,0,0,0,0,0,0
5268,0,0,0,0,0,0
5277,0,0,0,0,0,0
5283,0,0,0,0,0,0
5291,0,0,0,0,0,0
5299,0,0,0,0,0,0
5307,0,0,0,0,0,0
5315,0,0,0,0,0,0
5323,0,0,0,0,0,0
5329,0,0,0,0,0,0
5339,0,0,0,0,0,0
5354,0,0,0,0,0,0
5363,0,0,0,0,0,0
5370,0,0,0,0,0,0
5377,0,0,0,0,0,0
5385,0,0,0,0,0,0
5399,0,0,0,0,0,0
5407,0,0,0,0,0,0
5414,0,0,0,0,0,0
5425,0,0,0,0,0,0
5429,0,0,0,0,0,0
5440,0,0,0,0,0,0
5446,0,0,0,0,0,0
5457,0,0,0,0,0,0
5462,0,0,0,0,0,0
5470,0,0,0,0,0,0
5478,0,0,0,0,0,0
5486,0,0,0,0,0,0
5493,0,0,0,0,0,0
5498,0,0,0,0,0,0
5506,0,0,0,0,0,0
5521,0,0,0,0,0,0
5529,0,0,0,0,0,0
5536,0,0,0,0,0,0
5544,0,0,0,0,0,0
5553,0,0,0,0,0,0
5562,0,0,0,0,0,0
5569,0,0,0,0,0,0
5577,0,0,0,0,0,0
5585,0,0,0,0,0,0
5593,0,0,0,0,0,0
5615,0,0,0,0,0,0
5623,0,0,0,0,0,0
5631,0,0,0,0,0,0
5638,0,0,0,0,0,0
5646,0,0,0,0,0,0
5652,0,0,0,0,0,0
5662,0,0,0,0,0,0
5682,0,0,0,0,0,0
5688,0,0,0,0,0,0
5721,0,0,0,0,0,0
5729,0,0,0,0,0,0
5735,0,0,0,0,0,0
5745,0,0,0,0,0,0
5751,0,0,0,0,0,0
5792,0,0,0,0,0,0
5799,0,0,0,0,0,0
5828,0,0,0,0,0,0
5871,0,0,0,0,0,0
5892,0,0,0,0,0,0
5912,0,0,0,0,0,0
5936,0,0,0,0,0,0
5940,0,0,0,0,0,0
5951,0,0,0,0,0,0
5961,0,0,0,0,0,0
5975,0,0,0,0,0,0
5983,0,0,0,0,0,0
5997,0,0,0,0,0,0
6007,0,0,0,0,0,0
6013,0,0,0,0,0,0
6023,0,0,0,0,0,0
6030,0,0,0,0,0,0
6039,0,0,0,0,0,0
6057,0,0,0,0,0,0
6067,0,0,0,0,0,0
6097,0,0,0,0,0,0
6105,0,0,0,0,0,0
6131,0,0,0,0,0,0
6143,0,0,0,0,0,0
6149,0,0,0,0,0,0
6166,0,0,0,0,0,0
6178,0,0,0,0,0,0
6186,0,0,0,0,0,0
6224,0,0,0,0,0,0
6232,0,0,0,0,0,0
6237,0,0,0,0,0,0
6257,0,0,0,0,0,0
6267,0,0,0,0,0,0
6277,0,0,0,0,0,0
6330,0,0,0,0,0,0
6355,0,0,0,0,0,0
6374,0,0,0,0,0,0
6383,0,0,0,0,0,0
6392,0,0,0,0,0,0
6435,0,0,0,0,0,0
6447,0,0,0,0,0,0
6500,0,0,0,0,0,0
6518,0,0,0,0,0,0
6526,0,0,0,0,0,0
6534,0,0,0,0,0,0
6566,0,0,0,0,0,0
6572,0,0,0,0,0,0
6583,0,0,0,0,0,0
6589,0,0,0,0,0,0
6601,0,0,0,0,0,0
6608,0,0,0,0,0,0
6618,0,0,0,0,0,0
6623,0,0,0,0,0,0
6631,0,0,0,0,0,0
6639,5,3,0,0,0,6
6646,0,0,0,0,0,0
6654,0,0,0,0,0,0
6662,0,0,0,0,0,0
6672,0,0,0,0,0,0
6680,0,0,0,0,0,0
6688,0,0,0,0,0,0
6696,0,0,0,0,0,0
6704,0,0,0,0,0,0
6712,0,0,0,0,0,0
6720,0,1,0,0,0,0
6728,0,0,0,0,0,0
6736,0,0,0,0,0,0
6745,0,0,0,0,0,0
6754,0,0,0,0,0,0
6761,0,0,0,0,0,0
6768,0,0,0,0,0,0
6776,0,0,0,0,0,0
6785,0,0,0,0,0,0
6794,0,0,0,0,0,0
6803,0,0,0,0,0,0
6811,0,0,0,0,0,0
6819,0,0,0,0,0,0
6825,0,0,0,0,0,0
6830,0,0,0,0,0,0
6838,0,0,0,0,0,0
6846,0,3,0,0,0,3
6855,1,7,0,0,0,7
6863,0,0,0,0,0,0
6869,0,0,0,0,0,0
6880,0,0,0,0,0,0
6887,0,0,0,0,0,0
6895,0,0,0,0,0,0
6903,0,0,0,0,0,0
6911,0,0,0,0,0,0
6920,0,0,0,0,0,0
6930,0,0,0,0,0,0
6935,0,0,0,0,0,0
6942,0,0,0,0,0,0
6951,0,0,0,0,0,0
6959,0,0,0,0,0,0
6970,0,0,0,0,0,0
6976,0,0,0,0,0,0
6985,0,0,0,0,0,0
6993,0,0,0,0,0,0
7000,0,0,0,0,0,0
7008,0,0,0,0,0,0
7016,0,0,0,0,0,0
7023,0,0,0,0,0,0
7031,0,0,0,0,0,0
7039,0,0,0,0,0,0
7047,0,0,0,0,0,0
7055,0,0,0,0,0,0
7063,0,0,0,0,0,0
7071,0,2,0,1,1,2
7079,0,0,0,0,0,0
7085,0,0,0,0,0,0
7095,0,0,0,0,0,0
7101,0,0,0,0,0,0
7111,0,0,0,0,0,0
7118,0,0,0,0,0,0
7126,0,0,0,0,0,0
7142,0,0,0,0,0,0
7150,0,0,0,0,0,0
7158,0,0,0,0,0,0
7166,0,0,0,0,0,0
7174,0,0,0,0,0,0
7182,0,0,0,0,0,0
7190,0,0,0,0,0,0
7198,0,0,0,0,0,0
7206,0,1,0,0,0,0
7214,0,0,0,0,0,0
7230,0,0,0,0,0,0
7238,0,0,0,0,0,0
7247,0,0,0,0,0,0
7253,0,0,0,0,0,0
7261,0,0,0,0,0,0
7277,0,0,0,0,0,0
7284,0,0,0,0,0,0
7292,0,0,0,0,0,0
7300,0,0,0,0,0,0
7308,0,0,0,0,0,0
7316,0,0,0,0,0,0
7326,0,0,0,0,0,0
7336,0,0,0,0,0,0
7345,0,0,0,0,0,0
7354,0,0,0,0,0,0
7363,0,0,0,0,0,0
7374,0,0,0,0,0,0
7381,0,0,0,0,0,0
7390,0,0,0,0,0,0
7399,0,0,0,0,0,0
7404,0,0,0,0,0,0
7414,0,0,0,0,0,0
7424,0,0,0,0,0,0
7431,0,0,2,0,0,0
7441,0,0,0,0,0,0
7448,0,0,0,0,0,0
7456,0,0,0,0,0,0
7464,0,0,0,0,0,0
7472,0,0,0,0,0,0
7481,0,0,0,0,0,0
7489,0,0,0,0,0,0
7497,0,0,0,0,0,0
7504,0,0,0,0,0,0
7512,0,0,2,0,0,0
7522,0,0,0,0,0,0
7531,0,0,0,0,0,0
7552,0,0,0,0,0,0
7559,0,0,0,0,0,0
7568,0,0,0,0,0,0
7574,0,0,0,0,0,0
7582,0,0,0,0,0,0
7590,0,0,0,0,0,0
7595,0,0,0,0,0,0
7601,0,0,0,0,0,0
7609,0,0,0,0,0,0
7617,0,0,0,0,0,0
7625,0,0,0,0,0,0
7633,0,0,0,0,0,0
7639,0,0,0,0,0,0
7648,0,0,0,0,0,0
7659,0,0,0,0,0,0
7664,0,0,0,0,0,0
7672,0,0,0,0,0,0
7680,0,0,0,0,0,0
7688,0,0,0,0,0,0
7696,0,0,0,0,0,0
7704,0,0,0,0,0,0
7736,0,0,0,0,0,0
7744,0,0,0,0,0,0
7766,0,0,0,0,0,0
7775,0,0,0,0,0,0
7786,0,0,0,0,0,0
7789,0,0,0,0,0,0
7797,0,0,0,0,0,0
7805,0,0,0,0,0,0
7816,0,0,0,0,0,0
7822,0,0,0,0,0,0
7833,0,0,0,0,0,0
7838,0,0,0,0,0,0
7844,0,0,0,0,0,0
7852,0,0,0,0,0,0
7860,0,0,0,0,0,0
7868,0,0,0,0,0,0
7876,0,0,0,0,0,0
7884,0,0,0,0,0,0
7912,0,0,0,0,0,0
7929,0,0,0,0,0,0
7937,0,0,0,0,0,0
7960,0,0,0,0,0,0
7968,0,0,0,0,0,0
7978,0,0,0,0,0,0
7986,0,0,0,0,0,0
7994,0,0,0,0,0,0
8002,0,0,0,0,0,0
8066,0,0,0,0,0,0
8074,0,0,0,0,0,0
8083,0,0,0,0,0,0
8137,0,0,0,0,0,0
8145,0,0,0,0,0,0
8202,0,0,0,0,0,0
8211,0,0,0,0,0,0
8220,0,0,0,0,0,0
8229,0,0,0,0,0,0
8239,0,0,0,0,0,0
8247,0,0,0,0,0,0
8255,0,0,0,0,0,0
8397,0,0,0,0,0,0
8406,0,0,0,0,0,0
8470,0,0,0,0,0,0
8500,0,0,0,0,0,0
8569,0,0,0,0,0,0
8722,0,0,0,0,0,0
8752,0,0,0,0,0,0
8758,0,0,0,0,0,0
8764,0,0,0,0,0,0
8771,0,0,0,0,0,0
8778,0,0,0,0,0,0
8793,0,0,0,0,0,0
8803,0,0,0,0,0,0
8809,0,0,0,0,0,0
8816,0,0,0,0,0,0
8822,0,0,0,0,0,0
8832,0,0,0,0,0,0
8837,0,0,0,0,0,0
8843,0,0,0,0,0,0
8851,0,0,0,0,0,0
8857,0,0,0,0,0,0
8864,0,0,0,0,0,0
8871,0,0,0,0,0,0
8878,0,0,0,0,0,0
8885,0,0,0,0,0,0
8894,0,0,0,0,0,0
8903,0,0,0,0,0,0
8912,0,0,0,0,0,0
8920,0,0,0,0,0,0
8926,0,0,0,0,0,0
8933,0,0,0,0,0,0
8940,0,0,0,0,0,0
8946,0,0,0,0,0,0
8953,0,0,0,0,0,0
8960,0,0,0,0,0,0
8967,0,0,0,0,0,0
8975,0,0,0,0,0,0
8982,0,0,0,0,0,0
8989,0,0,0,0,0,0
8996,0,0,0,0,0,0
9004,0,0,0,0,0,0
9010,0,0,0,0,0,0
9016,0,0,0,0,0,0
9022,0,0,0,0,0,0
9029,0,0,0,0,0,0
9036,0,0,0,0,0,0
9048,0,0,0,0,0,0
9055,0,0,0,0,0,0
9061,0,0,0,0,0,0
9068,0,0,0,0,0,0
9072,0,0,0,0,0,0
9080,0,0,0,0,0,0
9086,0,0,0,0,0,0
9094,0,0,0,0,0,0
9101,0,0,0,0,0,0
9111,0,0,0,0,0,0
9116,0,0,0,0,0,0
9123,0,0,0,0,0,0
9130,0,0,0,0,0,0
9136,0,0,0,0,0,0
9143,0,0,0,0,0,0
9151,0,0,0,0,0,0
9158,0,0,0,0,0,0
9166,0,0,0,0,0,0
9173,0,0,0,0,0,0
9192,0,0,0,0,0,0
9200,0,0,0,0,0,0
9206,0,0,0,0,0,0
9214,0,0,0,0,0,0
9220,0,0,0,0,0,0
9228,0,0,0,0,0,0
9235,0,0,0,0,0,0
9241,0,0,0,0,0,0
9248,0,0,0,0,0,0
9256,0,0,0,0,0,0
9263,0,0,0,0,0,0
9269,0,0,0,0,0,0
9277,0,0,0,0,0,0
9283,0,0,0,0,0,0
9291,0,0,0,0,0,0
9298,0,0,0,0,0,0
9305,0,0,0,0,0,0
9312,0,0,0,0,0,0
9319,0,0,0,0,0,0
9324,0,0,0,0,0,0
9338,0,0,0,0,0,0
9345,0,0,0,0,0,0
9352,0,0,0,0,0,0
9358,0,0,0,0,0,0
9365,0,0,0,0,0,0
9373,0,0,0,0,0,0
9380,0,0,0,0,0,0
9388,0,0,0,0,0,0
9395,0,0,0,0,0,0
9416,0,0,0,0,0,0
9423,0,0,0,0,0,0
9433,0,0,0,0,0,0
9445,0,0,0,0,0,0
9462,0,0,0,0,0,0
9473,0,0,0,0,0,0
9484,0,0,0,0,0,0
9511,0,0,0,0,0,0
9533,0,0,0,0,0,0
9548,0,0,0,0,0,0
9555,0,0,0,0,0,0
9563,0,0,0,0,0,0
9574,0,0,0,0,0,0
9583,0,0,0,0,0,0
9593,0,0,0,0,0,0
9603,0,0,0,0,0,0
9613,0,0,0,0,0,0
9624,0,0,0,0,0,0
9632,0,0,0,0,0,0
9666,0,0,0,0,0,0
9676,0,0,0,0,0,0
9685,0,0,0,0,0,0
9696,0,0,0,0,0,0
9701,0,0,0,0,0,0
9715,0,0,0,0,0,0
9724,0,0,0,0,0,0
9734,0,0,0,0,0,0
9744,0,0,0,0,0,0
9751,0,0,0,0,0,0
9760,0,0,0,0,0,0
9769,0,0,0,0,0,0
9778,0,0,0,0,0,0
9786,0,0,0,0,0,0
9795,0,0,0,0,0,0
9804,0,0,0,0,0,0
9822,0,0,0,0,0,0
9833,0,0,0,0,0,0
9842,0,0,0,0,0,0
9866,0,0,0,0,0,0
9878,0,0,0,0,0,0
9905,0,0,0,0,0,0
9918,0,0,0,0,0,0
9927,0,0,0,0,0,0
9939,0,0,0,0,0,0
9949,0,0,0,0,0,0
9990,0,0,0,0,0,0
10000,0,0,0,0,0,0
10013,0,0,0,0,0,0
10021,0,0,0,0,0,0
10029,0,0,0,0,0,0
10038,0,0,0,0,0,0
10046,0,0,0,0,0,0
10058,0,0,0,0,0,0
10071,0,0,0,0,0,0
10076,0,0,0,0,0,0
10089,0,0,0,0,0,0
10099,0,0,0,0,0,0
10109,0,0,0,0,0,0
10121,0,0,0,0,0,0
10152,0,0,0,0,0,0
10179,0,0,0,0,0,0
10188,0,0,0,0,0,0
10323,0,0,0,0,0,0
10333,0,0,0,0,0,0
10346,0,0,0,0,0,0
10364,0,0,0,0,0,0
10382,0,0,0,0,0,0
10395,0,0,0,0,0,0
10409,0,0,0,0,0,0
10424,0,0,0,0,0,0
10434,0,0,0,0,0,0
10444,0,0,0,0,0,0
10521,0,0,0,0,0,0
11134,0,0,0,0,0,0
11149,0,0,0,0,0,0
11159,0,0,0,0,0,0
11169,0,0,0,0,0,0
11179,0,0,0,0,0,0
11188,0,0,0,0,0,0
11198,0,0,0,0,0,0
11206,0,0,0,0,0,0
11217,0,0,0,0,0,0
11244,0,0,0,0,0,0
11254,0,0,0,0,0,0
11274,0,0,0,0,0,0
11284,0,0,0,0,0,0
11293,0,0,0,0,0,0
11303,0,0,0,0,0,0
11312,0,0,0,0,0,0
11323,0,0,0,0,0,0
11331,0,0,0,0,0,0
11342,0,0,0,0,0,0
11353,0,0,0,0,0,0
11361,0,0,0,0,0,0
11371,0,0,0,0,0,0
11381,0,0,0,0,0,0
11392,0,0,0,0,0,0
11398,0,0,0,0,0,0
11408,0,0,0,0,0,0
11451,0,0,0,0,0,0
11461,0,0,0,0,0,0
11470,0,0,0,0,0,0
11483,0,0,0,0,0,0
11492,0,0,0,0,0,0
11503,0,0,0,0,0,0
11512,0,0,0,0,0,0
11523,0,0,0,0,0,0
11531,0,0,0,0,0,0
11543,0,0,0,0,0,0
11554,0,0,0,0,0,0
11563,0,0,0,0,0,0
11572,0,0,0,0,0,0
11580,0,0,0,0,0,0
11606,0,0,0,0,0,0
11620,0,0,0,0,0,0
11629,0,0,0,0,0,0
11638,0,0,0,0,0,0
11651,0,0,0,0,0,0
11655,0,0,0,0,0,0
11668,0,0,0,0,0,0
11681,0,0,0,0,0,0
11685,0,0,0,0,0,0
11695,0,0,0,0,0,0
11705,0,0,0,0,0,0
11715,0,0,0,0,0,0
11722,0,0,0,0,0,0
11736,0,0,0,0,0,0
11746,0,0,0,0,0,0
11755,0,0,0,0,0,0
11771,0,0,0,0,0,0
11775,0,0,0,0,0,0
11784,0,0,0,0,0,0
11790,0,0,0,0,0,0
11800,0,0,0,0,0,0
11813,0,0,0,0,0,0
11821,0,0,0,0,0,0
11832,0,0,0,0,0,0
11841,0,0,0,0,0,0
11844,0,0,0,0,0,0
11855,0,0,0,0,0,0
11869,0,0,0,0,0,0
11875,0,0,0,0,0,0
11882,0,0,0,0,0,0
11896,0,0,0,0,0,0
11905,0,0,0,0,0,0
11911,0,0,0,0,0,0
11920,0,0,0,0,0,0
11932,0,0,0,0,0,0
11940,0,0,0,0,0,0
11949,0,0,0,0,0,0
11956,0,0,0,0,0,0
11968,0,0,0,0,0,0
11974,0,0,0,0,0,0
11986,0,0,0,0,0,0
11994,0,0,0,0,0,0
12001,0,0,0,0,0,0
12008,0,0,0,0,0,0
12023,0,0,0,0,0,0
12032,0,0,0,0,0,0
12039,0,0,0,0,0,0
12045,0,0,0,0,0,0
12051,0,0,0,0,0,0
12062,0,0,0,0,0,0
12094,0,0,0,0,0,0
12102,0,0,0,0,0,0
12109,0,0,0,0,0,0
12114,0,0,0,0,0,0
12127,0,0,0,0,0,0
12133,0,0,0,0,0,0
12144,0,0,0,0,0,0
12159,0,0,0,0,0,0
12169,0,0,0,0,0,0
12214,0,0,0,0,0,0
12230,0,0,0,0,0,0
12244,0,0,0,0,0,0
12251,0,0,0,0,0,0
12275,0,0,0,0,0,0
12284,0,0,0,0,0,0
12293,0,0,0,0,0,0
12301,0,0,0,0,0,0
12311,0,0,0,0,0,0
12324,0,0,0,0,0,0
12331,0,0,0,0,0,0
12349,0,0,0,0,0,0
12361,0,0,0,0,0,0
12367,0,0,0,0,0,0
12390,0,0,0,0,0,0
12405,0,0,0,0,0,0
12433,0,0,0,0,0,0
12462,0,0,0,0,0,0
12473,0,0,0,0,0,0
12480,0,0,0,0,0,0
12487,0,0,0,0,0,0
12497,0,0,0,0,0,0
12504,0,0,0,0,0,0
12509,0,0,0,0,0,0
12515,0,0,0,0,0,0
12522,0,0,0,0,0,0
12526,0,0,0,0,0,0
12533,0,0,0,0,0,0
12540,0,0,0,0,0,0
12544,0,0,0,0,0,0
12551,0,0,0,0,0,0
12556,0,0,0,0,0,0
12566,0,0,0,0,0,0
12574,0,0,0,0,0,0
12581,0,0,0,0,0,0
12589,0,0,0,0,0,0
12596,0,0,0,0,0,0
12603,0,0,0,0,0,0
12610,0,0,0,0,0,0
12617,0,0,0,0,0,0
12631,0,0,0,0,0,0
12637,0,0,0,0,0,0
12667,0,0,0,0,0,0
12687,0,0,0,0,0,0
12704,0,0,0,0,0,0
12711,0,0,0,0,0,0
12717,0,0,0,0,0,0
12739,0,0,0,0,0,0
12746,0,0,0,0,0,0
12755,0,0,0,0,0,0
12763,0,0,0,0,0,0
12772,0,0,0,0,0,0
12781,0,0,0,0,0,0
12790,0,0,0,0,0,0
12810,0,0,0,0,0,0
12816,0,0,0,0,0,0
12830,0,0,0,0,0,0
12838,0,0,0,0,0,0
12846,0,0,0,0,0,0
12853,0,0,0,0,0,0
12874,0,0,0,0,0,0
12901,0,0,0,0,0,0
12919,0,0,0,0,0,0
12943,0,0,0,0,0,0
12954,0,0,0,0,0,0
12980,0,0,0,0,0,0
13000,0,0,0,0,0,0
13006,0,0,0,0,0,0
13026,0,0,0,0,0,0
13032,0,0,0,0,0,0
13041,0,0,0,0,0,0
13069,0,0,0,0,0,0
13087,0,0,0,0,0,0
13108,0,0,0,0,0,0
13115,0,0,0,0,0,0
13122,0,0,0,0,0,0
13129,0,0,0,0,0,0
13136,0,0,0,0,0,0
13143,0,0,0,0,0,0
13150,0,0,0,0,0,0
13156,0,0,0,0,0,0
13163,0,0,0,0,0,0
13170,0,0,0,0,0,0
13177,0,0,0,0,0,0
13183,0,0,0,0,0,0
13190,0,0,0,0,0,0
13197,0,0,0,0,0,0
13203,0,0,0,0,0,0
13210,0,0,0,0,0,0
13217,0,0,0,0,0,0
13224,0,0,0,0,0,0
13230,0,0,0,0,0,0
13236,0,0,0,0,0,0
13244,0,0,0,0,0,0
13251,0,0,0,0,0,0
13256,0,0,0,0,0,0
13264,0,0,0,0,0,0
13271,0,0,0,0,0,0
13278,0,0,0,0,0,0
13283,0,0,0,0,0,0
13290,0,0,0,0,0,0
13297,0,0,0,0,0,0
13304,0,0,0,0,0,0
13310,0,0,0,0,0,0
13317,0,0,0,0,0,0
13324,0,0,0,0,0,0
13331,0,0,0,0,0,0
13338,0,0,0,0,0,0
13344,0,0,0,0,0,0
13349,0,0,0,0,0,0
13356,0,0,0,0,0,0
13363,0,0,0,0,0,0
13370,0,0,0,0,0,0
13377,0,0,0,0,0,0
13382,0,0,0,0,0,0
13389,0,4,0,1,1,3
13395,0,0,0,0,0,0
13401,0,0,0,0,0,0
13410,0,0,0,0,0,0
13418,0,0,0,0,0,0
13425,4,6,0,0,0,8
13432,0,0,0,0,0,0
13439,0,0,0,0,0,0
13446,0,0,0,0,0,0
13453,0,0,0,0,0,0
13460,0,0,0,0,0,0
13467,0,0,0,0,0,0
13474,0,0,0,0,0,0
13481,0,0,0,0,0,0
13488,0,0,0,0,0,0
13495,0,0,0,0,0,0
13503,0,0,0,0,0,0
13509,0,0,0,0,0,0
13513,0,0,0,0,0,0
13520,0,0,0,0,0,0
13537,0,0,0,0,0,0
13552,0,0,0,0,0,0
13559,0,0,0,0,0,0
13566,0,0,0,0,0,0
13572,0,0,0,0,0,0
13579,0,0,0,0,0,0
13585,0,0,0,0,0,0
13591,0,0,0,0,0,0
13598,0,0,0,0,0,0
13607,0,0,0,0,0,0
13614,0,0,0,1,1,0
13621,0,0,0,0,0,0
13627,0,0,0,0,0,0
13633,0,0,0,0,0,0
13640,0,0,0,0,0,0
13647,0,0,0,0,0,0
13652,0,0,0,0,0,0
13659,3,3,0,0,0,5
13666,0,0,0,0,0,0
13673,0,0,0,0,0,0
13681,0,0,0,0,0,0
13687,0,0,0,0,0,0
13694,0,0,0,0,0,0
13702,0,0,0,0,0,0
13708,0,0,0,0,0,0
13715,0,0,0,0,0,0
13722,0,0,0,0,0,0
13729,0,0,0,0,0,0
13736,0,0,0,0,0,0
13745,0,0,0,0,0,0
13751,0,0,0,0,0,0
13759,0,0,0,0,0,0
13765,0,0,0,0,0,0
16228,0,0,0,0,0,0
16238,0,0,0,0,0,0
16246,0,0,0,0,0,0
16257,0,0,0,0,0,0
16267,0,0,0,0,0,0
16277,0,0,0,0,0,0
16286,0,0,0,0,0,0
16294,0,0,0,0,0,0
16304,0,0,0,0,0,0
16315,0,0,0,0,0,0
16326,0,0,0,0,0,0
16338,0,0,0,0,0,0
16344,0,0,0,0,0,0
16379,0,0,0,0,0,0
16389,0,0,0,0,0,0
16399,0,0,0,0,0,0
16409,0,0,0,0,0,0
16419,0,0,0,0,0,0
16427,0,0,0,0,0,0
16440,0,0,0,0,0,0
16470,0,0,0,0,0,0
16479,0,0,0,0,0,0
16491,0,0,0,0,0,0
16500,0,0,0,0,0,0
16510,0,0,0,0,0,0
16520,0,0,0,0,0,0
16530,0,0,0,0,0,0
16540,0,0,0,0,0,0
16550,0,0,0,0,0,0
16559,0,0,0,0,0,0
16569,0,0,0,0,0,0
16580,0,0,0,0,0,0
16592,0,0,0,0,0,0
16604,0,0,0,0,0,0
16618,0,0,0,0,0,0
16632,0,0,0,0,0,0
16649,0,0,0,0,0,0
16658,0,0,0,0,0,0
16668,0,0,0,0,0,0
16680,0,0,0,0,0,0
16687,0,0,0,0,0,0
16697,0,0,0,0,0,0
16708,0,0,0,0,0,0
16717,0,0,0,0,0,0
16736,0,0,0,0,0,0
16749,0,0,0,0,0,0
16823,0,0,0,0,0,0
16841,0,0,0,0,0,0
16853,0,0,0,0,0,0
16867,0,0,0,0,0,0
16910,0,0,0,0,0,0
16919,0,0,0,0,0,0
16928,0,0,0,0,0,0
16943,0,0,0,0,0,0
16981,0,0,0,0,0,0
16994,0,0,0,0,0,0
17000,0,0,0,0,0,0
17037,0,0,0,0,0,0
17078,0,0,0,0,0,0
17168,0,0,0,0,0,0
17182,0,0,0,0,0,0
17212,0,0,0,0,0,0
17222,0,0,0,0,0,0
17236,0,0,0,0,0,0
17408,0,0,0,0,0,0
17489,0,0,0,0,0,0
17497,0,0,0,0,0,0
17506,0,0,0,0,0,0
17516,0,0,0,0,0,0
17530,0,0,0,0,0,0
17538,0,0,0,0,0,0
17546,0,0,0,0,0,0
17550,0,0,0,0,0,0
17573,0,0,0,0,0,0
17581,0,0,0,0,0,0
17589,0,0,0,0,0,0
17596,0,0,0,0,0,0
17604,0,0,0,0,0,0
17612,0,0,0,0,0,0
17621,0,0,0,0,0,0
17629,0,0,0,0,0,0
17637,0,0,0,0,0,0
17644,0,0,0,0,0,0
17652,0,0,0,0,0,0
17661,0,0,0,0,0,0
17677,0,0,0,0,0,0
17687,0,0,0,0,0,0
17694,0,0,0,0,0,0
17703,0,5,1,0,0,0
17711,0,0,0,0,0,0
17719,0,0,0,0,0,0
17727,0,0,0,0,0,0
17735,0,0,0,0,0,0
17743,0,0,0,0,0,0
17749,0,0,0,0,0,0
17765,0,0,0,0,0,0
17773,0,0,0,0,0,0
17780,0,0,0,0,0,0
17789,0,0,0,0,0,0
17796,0,0,0,0,0,0
17819,0,0,0,0,0,0
17829,0,0,0,0,0,0
17835,0,0,0,0,0,0
17843,0,0,0,0,0,0
17853,0,0,0,0,0,0
17860,0,0,0,0,0,0
17868,0,0,0,0,0,0
17877,0,0,0,0,0,0
17886,0,0,0,0,0,0
17894,0,0,0,0,0,0
17913,0,0,0,0,0,0
17927,0,0,0,0,0,0
17934,0,0,0,0,0,0
17941,0,0,0,0,0,0
17948,0,0,0,0,0,0
17954,0,0,0,0,0,0
17961,0,0,0,0,0,0
17966,0,0,0,0,0,0
17974,0,0,0,0,0,0
17981,0,0,0,0,0,0
17987,0,0,0,0,0,0
17994,0,0,0,0,0,0
18007,0,0,0,0,0,0
18014,0,0,0,0,0,0
18020,0,0,0,0,0,0
18036,0,0,0,0,0,0
18050,0,0,0,0,0,0
18059,0,0,0,0,0,0
18064,0,0,0,0,0,0
18071,0,0,0,0,0,0
18079,0,0,0,0,0,0
18086,0,0,0,0,0,0
18093,0,0,0,0,0,0
18100,0,0,0,0,0,0
18106,0,0,0,0,0,0
18113,0,0,0,0,0,0
18128,0,0,0,0,0,0
18135,0,0,0,0,0,0
18143,0,0,0,0,0,0
18156,0,0,0,0,0,0
18170,0,0,0,0,0,0
18177,0,0,0,0,0,0
18184,0,0,0,0,0,0
18191,0,0,0,0,0,0
18205,0,0,0,0,0,0
18212,0,0,0,0,0,0
18220,0,0,0,0,0,0
18231,0,0,0,0,0,0
18237,0,0,0,0,0,0
18244,0,0,0,0,0,0
18261,0,0,0,0,0,0
18269,0,0,0,0,0,0
18276,0,0,0,0,0,0
18283,0,0,0,0,0,0
18291,0,0,0,0,0,0
18304,0,0,0,0,0,0
18318,0,0,0,0,0,0
18324,0,0,0,0,0,0
18331,0,0,0,0,0,0
18338,0,0,0,0,0,0
18345,0,0,0,0,0,0
18352,0,0,0,0,0,0
18359,0,0,0,0,0,0
18366,0,0,0,0,0,0
18373,0,0,0,0,0,0
18387,0,0,0,0,0,0
18394,0,0,0,0,0,0
18409,0,0,0,0,0,0
18416,0,0,0,0,0,0
18424,0,0,0,0,0,0
18431,0,0,0,0,0,0
18438,0,0,0,0,0,0
18444,0,0,0,0,0,0
18450,0,0,0,0,0,0
18458,0,0,0,0,0,0
18465,0,0,0,0,0,0
18471,0,0,0,0,0,0
18486,0,0,0,0,0,0
18493,0,0,0,0,0,0
18500,0,0,0,0,0,0
18509,0,0,0,0,0,0
18517,0,0,0,0,0,0
18528,0,0,0,0,0,0
18534,0,0,0,0,0,0
18539,0,0,0,0,0,0
18546,0,0,0,0,0,0
18552,0,0,0,0,0,0
18558,0,0,0,0,0,0
18564,0,0,0,0,0,0
18574,0,0,0,0,0,0
18581,0,0,0,0,0,0
18594,0,0,0,0,0,0
18600,0,0,0,0,0,0
18606,0,0,0,0,0,0
18610,0,0,0,0,0,0
18616,0,0,0,0,0,0
18621,0,0,0,0,0,0
18627,0,0,0,0,0,0
18633,0,0,0,0,0,0
18638,0,0,0,0,0,0
18651,0,0,0,0,0,0
18656,0,0,0,0,0,0
18662,0,0,0,0,0,0
18668,0,0,0,0,0,0
18676,0,0,0,0,0,0
18683,0,0,0,0,0,0
18689,0,0,0,0,0,0
18695,0,0,0,0,0,0
18701,0,0,0,0,0,0
18707,0,0,0,0,0,0
18717,0,0,0,0,0,0
18727,0,0,0,0,0,0
18733,0,0,0,0,0,0
18745,0,0,0,0,0,0
18750,0,0,0,0,0,0
18756,0,0,0,0,0,0
18762,0,0,0,0,0,0
18768,0,0,0,0,0,0
18773,0,0,0,0,0,0
18779,0,0,0,0,0,0
18786,0,0,0,0,0,0
18792,0,0,0,0,0,0
18798,0,0,0,0,0,0
18804,0,0,0,0,0,0
18809,0,0,0,0,0,0
18815,0,0,0,0,0,0
18821,0,0,0,0,0,0
18828,0,0,0,0,0,0
18834,0,0,0,0,0,0
18840,0,0,0,0,0,0
18845,0,0,0,0,0,0
18851,0,0,0,0,0,0
18857,0,0,0,0,0,0
18865,0,0,0,0,0,0
18871,0,0,0,0,0,0
18877,0,0,0,0,0,0
18884,0,0,0,0,0,0
22545,0,0,0,0,0,0
22555,0,0,0,0,0,0
22565,0,0,0,0,0,0
22575,0,0,0,0,0,0
22585,0,0,0,0,0,0
22595,0,0,0,0,0,0
22605,0,0,0,0,0,0
22615,0,0,0,0,0,0
22638,0,0,0,0,0,0
22648,0,0,0,0,0,0
22658,0,0,0,0,0,0
22665,0,0,0,0,0,0
22683,0,0,0,0,0,0
22693,0,0,0,0,0,0
22703,0,0,0,0,0,0
22713,0,0,0,0,0,0
22723,0,0,0,0,0,0
22733,0,0,0,0,0,0
22741,0,0,0,0,0,0
22751,0,0,0,0,0,0
22761,0,0,0,0,0,0
22771,0,0,0,0,0,0
22781,0,0,0,0,0,0
22792,0,0,0,0,0,0
22802,0,0,0,0,0,0
22811,0,0,0,0,0,0
22822,0,0,0,0,0,0
22834,0,0,0,0,0,0
22850,0,0,0,0,0,0
22869,0,0,0,0,0,0
22880,0,0,0,0,0,0
22893,0,0,0,0,0,0
22903,0,0,0,0,0,0
22913,0,0,0,0,0,0
22920,0,0,0,0,0,0
22925,0,0,0,0,0,0
22937,0,0,0,0,0,0
22963,0,0,0,0,0,0
22976,0,0,0,0,0,0
22985,0,0,0,0,0,0
22994,0,0,0,0,0,0
23007,0,0,0,0,0,0
23015,0,0,0,0,0,0
23035,0,0,0,0,0,0
23052,0,0,0,0,0,0
23081,0,0,0,0,0,0
23112,0,0,0,0,0,0
23124,0,0,0,0,0,0
23131,0,0,0,0,0,0
23144,0,0,0,0,0,0
23152,0,0,0,0,0,0
23160,0,0,0,0,0,0
23168,0,0,0,0,0,0
23177,0,0,0,0,0,0
23193,0,0,0,0,0,0
23203,0,0,0,0,0,0
23213,0,0,0,0,0,0
23224,0,0,0,0,0,0
23233,0,0,0,0,0,0
23243,0,0,0,0,0,0
23258,0,0,0,0,0,0
23274,0,0,0,0,0,0
23284,0,0,0,0,0,0
23294,0,0,0,0,0,0
23315,0,0,0,0,0,0
23384,0,0,0,0,0,0
23418,0,0,0,0,0,0
23428,0,0,0,0,0,0
23438,0,0,0,0,0,0
23449,0,0,0,0,0,0
23459,0,0,0,0,0,0
23476,0,0,0,0,0,0
23508,0,0,0,0,0,0
23518,0,0,0,0,0,0
23529,0,0,0,0,0,0
23539,0,0,0,0,0,0
23549,0,0,0,0,0,0
23589,0,0,0,0,0,0
23599,0,0,0,0,0,0
23671,0,0,0,0,0,0
23681,0,0,0,0,0,0
23698,0,0,0,0,0,0
23751,0,0,0,0,0,0
23761,0,0,0,0,0,0
23771,0,0,0,0,0,0
23796,0,0,0,0,0,0
23806,0,0,0,0,0,0
23859,0,0,0,0,0,0
23869,0,0,0,0,0,0
23879,0,0,0,0,0,0
23940,0,0,0,0,0,0
23950,0,0,0,0,0,0
24078,0,0,0,0,1,0
24088,0,0,0,0,0,0
24098,0,0,0,0,0,0
24107,0,0,0,0,0,0
24117,0,0,0,0,0,0
24128,0,0,0,0,0,0
24137,0,0,0,0,0,0
24146,0,0,0,0,0,0
24156,0,0,0,0,0,0
24166,0,0,0,0,0,0
24176,0,0,0,0,0,0
24186,0,0,0,0,0,0
24194,0,0,0,0,0,0
24204,0,0,0,0,0,0
24214,0,0,0,0,0,0
24234,0,0,0,0,0,0
24244,0,0,0,0,0,0
24254,0,0,0,0,0,0
24264,0,0,0,0,0,0
24274,0,0,0,0,0,0
24284,0,0,0,0,0,0
24294,0,0,0,0,0,0
24303,0,0,0,0,0,0
24313,0,0,0,0,0,0
24328,0,0,0,0,0,0
24352,0,0,0,0,0,0
24365,0,0,0,0,0,0
24374,0,0,0,0,0,0
24385,0,0,0,0,0,0
24395,0,0,0,0,0,0
24405,0,0,0,0,0,0
24415,0,0,0,0,0,0
24425,0,0,0,0,0,0
24435,0,0,0,0,0,0
24445,0,0,0,0,0,0
24454,0,0,0,0,0,0
24463,0,0,0,0,0,0
24472,0,0,0,0,0,0
24482,0,0,0,0,0,0
24493,0,0,0,0,0,0
24502,0,0,0,0,0,0
24511,0,0,0,0,0,0
24521,0,0,0,0,0,0
24531,0,0,0,0,0,0
24541,0,0,0,0,0,0
24551,0,0,0,0,0,0
24560,0,0,0,0,0,0
24576,0,0,0,0,0,0
24586,0,0,0,0,0,0
24604,0,0,0,0,0,0
24614,0,0,0,0,0,0
24625,0,0,0,0,0,0
24635,0,0,0,0,0,0
24644,0,0,0,0,0,0
24652,0,0,0,0,0,0
24660,0,0,0,0,0,0
24670,0,0,0,0,0,0
24679,0,0,0,0,0,0
24699,0,0,0,0,0,0
24733,0,0,0,0,0,0
24743,0,0,0,0,0,0
24755,0,0,0,0,0,0
24764,0,0,0,0,0,0
24774,0,0,0,0,0,0
24783,0,0,0,0,0,0
24793,0,0,0,0,0,0
24810,0,0,0,0,0,0
24834,0,0,0,0,0,0
24843,0,0,0,0,0,0
24853,0,0,0,0,0,0
24866,0,0,0,0,0,0
24882,0,0,0,0,0,0
24890,0,0,0,0,0,0
24903,0,0,0,0,0,0
24923,0,0,0,0,0,0
24936,0,0,0,0,0,0
24944,0,0,0,0,0,0
24954,0,0,0,0,0,0
24963,0,0,0,0,0,0
24972,0,0,0,0,0,0
24981,0,0,0,0,0,0
24991,0,0,0,0,0,0
25000,0,0,0,0,0,0
25010,0,0,0,0,0,0
25020,0,0,0,0,0,0
25035,0,0,0,0,0,0
25045,0,0,0,0,0,0
25062,0,0,0,0,0,0
25074,0,0,0,0,0,0
25086,0,0,0,0,0,0
25107,0,0,0,0,0,0
25114,0,0,0,0,0,0
25125,0,0,0,0,0,0
25133,0,0,0,0,0,0
25141,0,0,0,0,0,0
25150,0,0,0,0,0,0
25161,0,0,0,0,0,0
25169,0,0,0,0,0,0
25179,0,0,0,0,0,0
25189,0,0,0,0,0,0
25209,0,0,0,0,0,0
25219,0,0,0,0,0,0
25228,0,0,0,0,0,0
25238,0,0,0,0,0,0
25248,0,0,0,0,0,0
25257,0,0,0,0,0,0
25266,0,0,0,0,0,0
25275,0,0,0,0,0,0
25287,0,0,0,0,0,0
25296,0,0,0,0,0,0
25306,0,0,0,0,0,0
25317,0,0,0,0,0,0
25329,0,0,0,0,0,0
25339,0,0,0,0,0,0
25349,0,0,0,0,0,0
25362,0,0,0,0,0,0
25372,0,0,0,0,0,0
25382,0,0,0,0,0,0
25397,0,0,0,0,0,0
25407,0,0,0,0,0,0
25417,0,0,0,0,0,0
25426,0,0,0,0,0,0
25438,0,0,0,0,0,0
25456,0,0,0,0,0,0
25466,0,0,0,0,0,0
25479,0,0,0,0,0,0
25489,0,0,0,0,0,0
25499,0,0,0,0,0,0
25509,0,0,0,0,0,0
25539,0,0,0,0,0,0
25557,0,0,0,0,0,0
25568,0,0,0,0,0,0
25606,0,0,0,0,0,0
25617,0,0,0,0,0,0
25625,0,0,0,0,0,0
25638,0,0,0,0,0,0
25648,0,0,0,0,0,0
25658,0,0,0,0,0,0
25667,0,0,0,0,0,0
25677,0,0,0,0,0,0
25687,0,0,0,0,0,0
25697,0,0,0,0,0,0
25707,0,0,0,0,0,0
25717,0,0,0,0,0,0
25727,0,0,0,0,0,0
25737,0,0,0,0,0,0
25747,0,0,0,0,0,0
25757,0,0,0,0,0,0
25787,0,0,0,0,0,0
25816,0,0,0,0,0,0
25851,0,0,0,0,0,0
25869,0,0,0,0,0,0
25878,0,0,0,0,0,0
25887,0,0,0,0,0,0
25895,0,0,0,0,0,0
25915,0,0,0,0,0,0
25956,0,0,0,0,0,0
25966,0,0,0,0,0,0
25976,0,0,0,0,0,0
25986,0,0,0,0,0,0
25996,0,0,0,0,0,0
26033,0,0,0,0,0,0
26058,0,0,0,0,0,0
26068,0,0,0,0,0,0
26082,0,0,0,0,0,0
26103,0,0,0,0,0,0
26121,0,0,0,0,0,0
26139,0,0,0,0,0,0
26155,0,0,0,0,0,0
26172,0,0,0,0,0,0
26182,0,0,0,0,0,0
26193,0,0,0,0,0,0
26208,0,0,0,0,0,0
26218,0,0,0,0,0,0
26228,0,0,0,0,0,0
26238,0,0,0,0,0,0
26248,0,0,0,0,0,0
26255,0,0,0,0,0,0
26269,0,0,0,1,1,0
26277,0,3,0,0,0,3
26286,1,7,0,0,0,7
26293,0,0,0,0,0,0
26304,4,5,0,0,0,8
26315,0,0,0,0,0,0
26324,0,0,0,0,0,0
26333,0,0,0,0,0,0
26342,0,0,0,0,0,0
26351,0,0,0,0,0,0
26361,0,0,0,0,0,0
26371,0,0,0,0,0,0
26381,0,0,0,0,0,0
26392,0,0,0,0,0,0
26401,0,0,0,0,0,0
26410,0,0,0,0,0,0
26419,0,0,0,0,0,0
26429,0,0,0,0,0,0
26439,0,0,0,0,0,0
26449,0,0,0,0,0,0
26459,0,0,0,0,0,0
26468,0,0,0,0,0,0
26481,0,0,0,0,0,0
26491,0,0,0,1,0,0
26497,0,0,0,0,0,0
26508,0,0,0,2,2,0
26515,0,0,0,0,0,0
26526,0,0,0,0,0,0
26535,0,0,0,0,0,0
26550,0,0,0,0,0,0
26560,0,0,0,0,0,0
26569,0,0,0,0,0,0
26579,0,0,0,0,0,0
26589,0,0,0,0,0,0
26598,0,0,0,0,0,0
26608,0,0,0,0,0,0
26617,0,0,0,0,0,0
26627,0,0,0,0,0,0
26637,0,1,0,0,0,0
26647,0,0,0,0,0,0
26657,0,0,0,0,0,0
26677,0,0,0,0,0,0
26687,0,0,0,0,0,0
26697,0,0,0,0,0,0
26707,0,0,0,0,0,0
26717,0,0,0,0,0,0
26727,0,1,0,0,0,0
26737,0,0,0,2,2,0
26747,0,0,0,2,2,0
26757,3,0,0,0,0,3
26767,0,0,0,0,0,0
26776,0,0,0,0,0,0
26785,0,0,0,0,0,0
26794,0,0,0,0,0,0
26803,0,0,0,0,0,0
26812,0,0,0,0,0,0
26822,0,0,0,0,0,0
26832,0,0,0,0,0,0
26842,0,0,0,0,0,0
26852,0,0,0,0,0,0
26862,0,0,0,0,0,0
26871,0,2,0,0,0,0
26882,0,0,0,0,0,0
26891,0,0,0,0,0,0
27373,0,0,0,0,0,0
27382,0,0,0,0,0,0
27393,0,0,0,0,0,0
27402,0,0,0,0,0,0
27412,0,0,0,0,0,0
27422,0,0,0,0,0,0
27432,0,0,0,0,0,0
27439,0,0,0,0,0,0
27450,0,0,0,0,0,0
27456,0,0,1,0,0,0
27467,0,0,0,0,0,0
27477,0,0,0,0,0,0
27489,0,0,0,0,0,0
27496,0,0,0,0,0,0
27510,0,1,0,1,1,0
27520,0,0,0,0,0,0
27530,0,0,0,0,0,0
27538,0,0,0,0,1,0
27549,0,0,0,0,0,0
27557,0,0,0,0,0,0
27566,0,0,0,0,0,0
27579,0,0,0,0,0,0
27589,0,0,0,0,0,0
27599,0,0,0,0,0,0
27609,0,1,1,0,0,0
27619,0,0,0,0,0,0
27639,0,0,0,0,0,0
27649,0,0,0,0,0,0
27659,0,0,0,0,0,0
27669,0,0,0,0,0,0
27678,0,0,0,0,0,0
27689,0,0,0,0,0,0
27698,0,0,0,0,0,0
27738,0,0,0,0,0,0
27758,0,0,0,0,0,0
27768,0,0,0,0,0,0
27778,0,0,0,0,0,0
27797,0,0,0,0,0,0
27810,0,0,0,0,0,0
27840,0,0,0,0,0,0
27849,0,0,0,0,0,0
27856,0,0,0,0,0,0
27870,0,0,0,0,0,0
27879,0,0,0,0,0,0
27890,0,0,0,0,0,0
27900,0,0,0,0,0,0
27908,0,0,0,0,0,0
27921,0,0,0,0,0,0
27927,0,0,0,0,0,0
27935,0,0,0,0,0,0
28025,0,0,0,0,0,0
28044,0,0,0,0,0,0
28053,0,0,0,0,0,0
28093,0,0,0,0,0,0
28103,0,0,0,0,0,0
28118,0,0,0,0,0,0
28138,0,0,0,0,0,0
28152,0,0,0,0,0,0
28164,0,0,0,0,0,0
28171,0,0,0,0,0,0
28227,0,0,0,0,0,0
28252,0,0,0,0,0,0
28262,0,0,0,0,0,0
28305,0,0,0,0,0,0
28316,0,0,0,0,0,0
28326,0,0,0,0,0,0
28336,0,0,0,0,0,0
28346,0,0,0,0,0,0
28377,0,0,0,0,0,0
28388,0,0,0,0,0,0
28414,0,0,0,0,0,0
28422,0,0,0,0,0,0
28441,0,0,0,0,0,0
28462,0,0,0,0,0,0
28472,0,0,0,0,0,0
28485,0,0,0,0,0,0
28497,0,0,0,0,0,0
28508,0,0,0,0,0,0
28516,0,0,0,0,0,0
28524,0,0,0,0,0,0
28533,0,0,0,0,0,0
28542,0,0,0,0,0,0
28551,0,0,0,0,0,0
28562,0,0,0,0,0,0
28574,0,0,0,0,0,0
28583,0,0,0,0,0,0
28590,0,0,0,0,0,0
28600,0,0,0,0,0,0
28609,0,0,0,0,0,0
28619,0,0,0,0,0,0
28628,0,0,0,0,0,0
28636,0,0,0,0,0,0
28646,0,0,0,0,0,0
28655,0,0,0,0,0,0
28664,0,0,0,0,0,0
28672,0,0,0,0,0,0
28681,0,0,0,0,0,0
28690,0,0,0,0,0,0
28698,0,0,0,1,1,0
28703,0,0,0,0,0,0
28716,0,0,0,0,0,0
28724,0,0,0,0,0,0
28729,0,0,0,0,0,0
28741,0,0,0,0,0,0
28749,0,0,0,0,0,0
28762,0,0,0,0,0,0
28769,0,0,0,0,0,0
28776,0,0,0,0,0,0
28783,0,0,0,0,0,0
28796,0,0,0,0,0,0
28803,0,0,0,0,0,0
28811,0,0,0,0,0,0
28825,0,0,0,0,0,0
28832,0,0,0,0,0,0
28848,0,0,0,0,0,0
28871,0,0,0,0,0,0
28880,0,0,0,0,0,0
28888,0,0,0,0,0,0
28898,0,0,0,0,0,0
28907,0,0,0,0,0,0
28916,0,0,0,0,0,0
28925,0,0,0,0,0,0
28934,0,0,0,0,0,0
28942,0,0,0,2,1,0
28949,0,0,0,0,0,0
28959,0,0,0,0,0,0
28969,0,0,0,0,1,0
28979,0,0,0,0,0,0
28987,0,0,0,0,0,0
28994,0,0,0,0,0,0
29000,0,0,0,0,0,0
29013,0,0,0,0,0,0
29022,0,0,0,0,0,0
29031,0,0,0,0,0,0
29039,0,0,0,0,0,0
29048,0,0,0,0,0,0
29058,0,0,0,0,0,0
29070,0,0,0,0,0,0
29091,0,0,0,0,0,0
29101,0,0,0,0,0,0
29120,0,0,0,0,0,0
29132,0,0,0,0,0,0
29143,0,0,0,0,0,0
29153,0,0,0,0,0,0
29165,0,0,0,0,0,0
29175,0,0,0,0,0,0
29184,0,0,0,0,0,0
29195,0,0,0,0,0,0
29209,0,0,0,0,0,0
29220,0,0,0,0,0,0
29227,0,0,0,0,0,0
29239,0,0,0,0,0,0
29246,0,0,0,0,0,0
29259,0,0,0,0,0,0
29269,0,0,0,0,0,0
29279,0,0,0,0,0,0
29291,0,0,0,0,0,0
29302,0,0,0,0,0,0
29313,0,0,0,0,0,0
29323,0,0,0,0,0,0
29333,0,0,0,0,0,0
29343,0,0,0,0,0,0
29356,0,0,0,0,0,0
29366,0,0,0,0,0,0
29376,0,0,0,0,0,0
29382,0,0,0,0,0,0
29396,0,0,0,0,0,0
29406,0,0,0,0,0,0
29415,0,0,0,0,0,0
29425,0,0,0,0,0,0
29435,0,0,0,0,0,0
29445,0,0,0,0,0,0
29455,0,0,0,0,0,0
29466,0,0,0,0,0,0
29479,0,0,0,0,0,0
29510,0,0,0,0,0,0
29520,0,0,0,0,0,0
29530,0,0,0,0,0,0
29540,0,0,0,0,0,0
29551,0,0,0,0,0,0
29560,0,0,0,0,0,0
29569,0,0,0,0,0,0
29578,0,0,0,0,0,0
29592,0,0,0,0,0,0
29602,0,0,0,0,0,0
29611,0,0,0,0,0,0
29621,0,0,0,0,0,0
29629,0,0,0,0,0,0
29635,0,0,0,0,0,0
29649,0,0,0,1,1,0
29658,0,0,0,0,0,0
29667,0,0,0,0,0,0
29676,0,0,0,0,0,0
29685,0,0,0,0,0,0
29694,0,0,0,0,0,0
29702,0,0,0,0,0,0
29718,0,0,0,0,0,0
29728,0,0,0,0,0,0
29738,0,0,0,0,0,0
29754,0,0,0,0,0,0
29764,0,0,0,0,0,0
29774,0,0,0,0,0,0
29784,0,0,0,0,0,0
29792,0,0,0,0,0,0
29805,0,0,0,0,0,0
29831,0,0,0,0,0,0
29845,0,0,0,0,0,0
29855,0,0,0,0,0,0
29865,0,0,0,0,0,0
29875,0,0,0,0,0,0
29885,0,0,0,0,0,0
29930,0,0,0,0,0,0
29947,0,0,0,0,0,0
29975,0,0,0,0,0,0
30034,0,0,0,0,0,0
30044,0,0,0,0,0,0
30062,0,0,0,0,0,0
30079,0,0,0,0,0,0
30087,0,0,0,0,0,0
30098,0,0,0,0,0,0
30108,0,0,0,0,0,0
30119,0,0,0,0,0,0
30159,0,0,0,0,0,0
30169,0,0,0,0,0,0
30190,0,0,0,0,0,0
30208,0,0,0,0,0,0
30222,0,0,0,0,0,0
30232,0,0,0,0,0,0
30242,0,0,0,0,0,0
30262,0,0,0,0,0,0
30330,0,0,0,0,0,0
30340,0,0,0,0,0,0
30351,0,0,0,0,0,0
30361,0,0,0,0,0,0
30371,0,0,0,0,0,0
30438,0,0,0,0,0,0
30448,0,0,0,0,0,0
30510,0,0,0,0,0,0
30520,0,0,0,0,0,0
30530,0,0,0,0,0,0
30601,0,0,0,0,0,0
30610,0,0,0,0,0,0
30620,0,0,0,0,0,0
30630,0,0,0,0,0,0
30675,0,0,0,0,0,0
30685,0,0,0,0,0,0
30696,0,0,0,0,0,0
30707,0,0,0,0,0,0
30717,0,0,0,0,0,0
30729,0,0,0,0,0,0
30737,0,0,0,0,0,0
30749,0,0,0,0,0,0
30759,0,0,0,0,0,0
30768,0,0,0,0,0,0
30776,0,0,0,0,0,0
30787,0,0,0,0,0,0
30797,0,0,0,0,0,0
30807,0,0,0,0,0,0
30817,0,0,0,0,0,0
30827,0,0,0,0,0,0
30837,0,0,0,0,0,0
30849,0,0,0,0,0,0
30859,0,0,0,0,0,0
30869,0,0,0,0,0,0
30900,0,0,0,0,0,0
30910,0,0,0,0,0,0
30920,0,0,0,0,0,0
30930,0,0,0,0,0,0
30942,0,0,0,0,0,0
30952,0,0,0,0,0,0
30962,0,0,0,0,0,0
30972,0,0,0,0,0,0
30982,0,0,0,0,0,0
30990,0,0,0,0,0,0
31001,0,0,0,0,0,0
31011,0,0,0,0,0,0
31021,0,0,0,0,0,0
31031,0,0,0,0,0,0
31051,0,0,0,0,0,0
31062,0,0,0,0,0,0
31069,0,0,0,0,0,0
31081,0,0,0,0,0,0
31092,0,0,0,0,0,0
31102,0,0,0,0,0,0
31110,0,0,0,1,0,0
31120,0,0,0,0,0,0
31139,0,0,0,0,0,0
31147,0,0,0,0,0,0
31187,0,0,0,0,0,0
31195,0,0,0,0,0,0
31204,0,0,0,0,0,0
31214,0,0,0,0,0,0
31224,0,0,0,0,0,0
31234,0,0,0,0,0,0
31245,0,0,0,0,0,0
31256,0,0,0,0,0,0
31286,0,0,0,0,0,0
31298,0,0,0,0,0,0
31307,0,0,0,0,0,0
31319,0,0,0,0,0,0
31327,0,0,0,0,0,0
31337,0,0,0,0,0,0
31347,0,0,0,0,0,0
31359,0,0,0,0,0,0
31369,0,0,0,0,0,0
31380,0,0,0,0,0,0
31390,0,0,0,0,0,0
31400,0,0,0,0,0,0
31439,0,0,0,0,0,0
31452,0,0,0,0,0,0
31461,0,0,0,0,0,0
31471,0,0,0,0,0,0
31482,0,0,0,0,0,0
31503,0,0,0,0,0,0
31513,0,0,0,0,0,0
31534,0,0,0,0,0,0
31545,0,0,0,0,0,0
31555,0,0,0,0,0,0
31565,0,0,0,0,0,0
31575,0,0,0,0,0,0
31584,0,0,0,0,0,0
31593,0,0,0,0,0,0
31603,0,0,0,0,0,0
31614,0,0,0,0,0,0
31639,0,0,0,0,0,0
31649,0,0,0,0,0,0
31674,0,0,0,0,0,0
31686,0,0,0,0,0,0
31693,0,0,0,0,0,0
31706,0,0,0,0,0,0
31725,0,0,0,0,0,0
31735,0,0,0,0,0,0
31748,0,0,0,0,0,0
43798,0,0,0,0,0,0
43810,0,0,0,0,0,0
43824,0,0,0,0,0,0
43831,0,0,0,0,0,0
43843,0,0,0,0,0,0
43854,0,0,0,0,0,0
43862,0,0,0,0,0,0
43874,0,0,0,0,0,0
43884,0,0,0,0,0,0
43894,0,0,0,0,0,0
43905,0,0,0,0,0,0
43924,0,0,0,0,0,0
43934,0,0,0,0,0,0
43943,0,0,0,0,0,0
43956,0,0,0,0,0,0
43966,0,0,0,0,0,0
43995,0,0,0,1,1,0
44005,0,0,0,1,1,0
44016,0,0,0,0,0,0
44035,0,0,0,0,1,0
44058,0,0,0,0,0,0
44068,0,0,0,0,0,0
44078,0,0,0,0,0,0
44097,0,0,0,0,0,0
44107,0,0,0,0,0,0
44117,0,0,0,0,0,0
44127,0,0,0,0,0,0
44137,0,0,0,0,0,0
44157,0,0,0,0,0,0
44166,0,0,0,0,0,0
44175,0,0,0,0,0,0
44185,0,0,0,0,0,0
44191,0,0,0,0,0,0
44202,0,0,0,0,0,0
44208,0,0,0,0,0,0
44218,0,0,0,0,0,0
44229,0,0,0,0,1,0
44243,0,0,0,1,1,0
44250,0,0,0,2,1,0
44265,0,0,0,0,0,0
44276,0,0,0,0,0,0
44283,0,0,0,0,0,0
44294,0,0,0,0,0,0
44308,0,0,0,0,0,0
44320,0,0,0,0,0,0
44342,0,0,0,0,0,0
44350,0,0,0,0,0,0
44360,0,0,0,0,0,0
44369,0,0,0,0,0,0
44378,0,0,0,0,0,0
44386,0,0,0,0,0,0
44404,0,0,0,0,0,0
44413,0,0,0,0,0,0
44421,0,0,0,0,0,0
44430,0,0,0,0,0,0
44439,0,0,0,0,0,0
44448,0,0,0,0,0,0
44456,0,0,0,0,0,0
44464,0,0,0,0,0,0
44502,0,0,0,0,0,0
44510,0,0,0,0,0,0
44530,0,0,0,0,0,0
44538,0,0,0,0,0,0
44546,0,0,0,0,0,0
44557,0,0,0,0,0,0
44565,0,0,0,0,0,0
44573,0,0,0,0,0,0
44580,0,0,0,0,0,0
44600,0,0,0,0,0,0
44609,0,0,0,0,0,0
44618,0,0,0,0,0,0
44627,0,0,0,0,0,0
44635,0,0,0,0,0,0
44644,0,0,0,0,0,0
44652,0,0,0,0,0,0
44658,0,0,0,0,0,0
44666,0,0,0,0,0,0
44674,0,0,0,0,0,0
44682,0,0,0,0,0,0
44690,0,0,0,0,0,0
44698,0,0,0,0,0,0
44705,0,0,0,0,0,0
44716,0,0,0,0,0,0
44724,0,0,0,0,0,0
44739,0,0,0,0,0,0
44748,0,0,0,0,0,0
44756,0,0,0,0,0,0
44764,0,0,0,0,0,0
44772,0,0,0,0,0,0
44778,0,0,0,0,0,0
44792,0,0,0,0,0,0
44800,0,0,0,0,0,0
44808,0,0,0,0,0,0
44815,0,0,0,0,0,0
44844,0,0,0,0,0,0
44850,0,0,0,0,0,0
44855,0,0,0,0,0,0
44863,0,0,0,0,0,0
44871,0,0,0,0,0,0
44886,0,0,0,0,0,0
44893,0,0,0,0,0,0
44903,0,0,0,0,0,0
44914,0,0,0,0,0,0
44919,0,0,0,0,0,0
44927,0,0,0,0,0,0
44935,0,0,0,0,0,0
44943,0,0,0,0,0,0
44951,0,0,0,0,0,0
44959,0,0,0,1,0,0
44967,0,0,0,0,0,0
44990,0,0,0,0,0,0
44997,0,0,0,0,0,0
45003,0,0,0,0,0,0
45017,0,0,0,0,0,0
45025,0,0,0,0,0,0
45032,0,0,0,0,0,0
45042,0,0,0,0,0,0
45049,0,0,0,0,0,0
45071,0,0,0,0,0,0
45079,0,0,0,0,0,0
45087,0,0,0,0,0,0
45093,0,0,0,0,0,0
45099,0,0,0,0,0,0
45107,0,0,0,0,0,0
45115,0,0,0,0,0,0
45131,0,0,0,0,0,0
45138,0,0,0,0,0,0
45147,0,0,0,0,0,0
45160,0,0,0,0,0,0
45168,0,0,0,0,0,0
45175,0,0,0,0,0,0
45180,0,0,0,0,0,0
45191,0,0,0,0,0,0
45232,0,0,0,0,0,0
45238,0,0,0,0,0,0
45251,0,0,0,0,0,0
45257,0,0,0,0,0,0
45268,0,0,0,0,0,0
45273,0,0,0,0,0,0
45286,0,0,0,0,0,0
45294,0,0,0,0,0,0
45300,0,0,0,0,0,0
45321,0,0,0,0,0,0
45325,0,0,0,0,0,0
45343,0,0,0,0,0,0
45354,0,0,0,0,0,0
45369,0,0,0,0,0,0
45382,0,0,0,0,0,0
45386,0,0,0,0,0,0
45393,0,0,0,0,0,0
45401,0,0,0,0,0,0
45409,0,0,0,0,0,0
45417,0,0,0,0,0,0
45425,0,0,0,0,0,0
45433,0,0,0,0,0,0
45471,0,0,0,0,0,0
45485,0,0,0,0,0,0
45490,0,0,0,0,0,0
45502,0,0,0,0,0,0
45506,0,0,0,0,0,0
45521,0,0,0,0,0,0
45532,0,0,0,0,0,0
45546,0,0,0,0,0,0
45552,0,0,0,0,0,0
45559,0,0,0,0,0,0
45570,0,0,0,0,0,0
45577,0,0,0,0,0,0
45587,0,0,0,0,0,0
45613,0,0,0,0,0,0
45625,0,0,0,0,0,0
45633,0,0,0,0,0,0
45641,0,0,0,0,0,0
45651,0,0,0,0,0,0
45659,0,0,0,0,0,0
45666,0,0,0,0,0,0
45675,0,0,0,0,0,0
45683,0,0,0,0,0,0
45715,0,0,0,0,0,0
45726,0,0,0,0,0,0
45743,0,0,0,0,0,0
45751,0,0,0,0,0,0
45761,0,0,0,0,0,0
45815,0,0,0,0,0,0
45823,0,0,0,0,0,0
45828,0,0,0,0,0,0
45838,0,0,0,0,0,0
45867,0,0,0,0,0,0
45873,0,0,0,0,0,0
45905,0,0,0,0,0,0
45914,0,0,0,0,0,0
45922,0,0,0,0,0,0
45939,0,0,0,2,2,0
45946,0,0,0,0,1,0
45954,0,0,0,0,0,0
45963,0,0,0,0,0,0
45980,0,0,0,0,0,0
45988,0,0,0,0,0,0
45996,8,1,0,0,0,7
46004,0,0,0,0,0,0
46008,0,0,0,0,0,0
46016,0,0,0,0,0,0
46024,0,0,0,0,0,0
46032,0,0,0,0,0,0
46040,0,0,0,0,0,0
46048,0,0,0,0,0,0
46056,0,0,0,0,0,0
46062,0,0,0,0,0,0
46070,0,0,0,0,0,0
46078,0,0,0,0,0,0
46086,0,5,0,0,0,3
46094,0,0,0,0,0,0
46103,0,0,0,0,0,0
46110,0,0,0,0,0,0
46115,0,0,0,0,0,0
46122,0,0,0,0,0,0
46129,0,0,0,0,0,0
46135,0,0,0,0,0,0
46142,0,0,0,0,0,0
46149,0,1,1,0,0,0
46156,0,0,0,0,0,0
46163,0,0,0,0,0,0
46170,0,2,0,1,1,0
46178,0,0,0,4,2,0
46185,0,1,0,3,3,0
46192,0,0,0,0,2,0
46198,0,0,0,0,0,0
46205,0,0,0,0,0,0
46212,4,4,0,0,0,5
46218,0,0,0,1,1,0
46226,0,0,0,0,0,0
46233,0,0,0,0,0,0
46242,0,0,0,0,0,0
46249,0,0,0,0,0,0
46256,0,0,0,0,0,0
46263,0,0,0,0,0,0
46270,0,0,0,0,0,0
46278,0,0,0,0,0,0
46285,0,0,0,0,0,0
46292,0,0,0,0,0,0
46299,0,0,0,0,0,0
46304,0,0,0,0,0,0
46311,0,2,0,0,0,1
46318,0,0,0,0,0,0
46325,0,0,0,0,0,0
46335,0,0,0,0,0,0
46340,0,0,0,0,0,0
46347,0,0,0,0,0,0
46353,0,0,0,0,0,0
46369,0,0,0,0,0,0
46376,0,0,0,0,0,0
46383,0,0,0,0,0,0
46388,0,0,0,0,0,0
46395,0,0,0,0,0,0
46402,0,0,0,0,0,0
46408,0,0,0,0,0,0
46422,3,3,0,1,2,3
46431,3,1,0,1,1,3
46440,3,0,0,0,0,3
46447,0,0,0,3,2,0
46454,0,0,0,0,0,0
46461,1,0,0,2,2,0
46468,0,0,0,0,0,0
46474,0,0,0,0,0,0
46480,0,0,0,0,0,0
46487,0,0,0,0,0,0
46494,0,0,0,0,0,0
46501,0,0,0,0,0,0
46508,0,0,0,0,0,0
46516,0,0,0,0,0,0
46521,0,0,0,0,0,0
46528,0,0,0,0,0,0
46535,0,0,0,0,0,0
46542,0,0,0,0,0,0
46549,0,0,0,0,0,0
46555,0,0,0,0,0,0
46563,1,6,0,0,0,7
46572,4,6,0,0,0,8
46579,0,0,0,0,0,0
46592,0,0,0,0,0,0
46598,0,0,0,0,0,0
46610,0,0,0,0,0,0
46616,0,0,0,0,0,0
46622,0,0,0,0,0,0
46627,0,0,0,0,0,0
46633,0,0,0,0,0,0
46639,0,0,0,0,0,0
46645,0,0,0,0,0,0
46651,0,0,0,0,0,0
46658,0,0,0,0,0,0
46664,0,0,0,0,0,0
46670,0,0,0,1,1,0
46678,0,0,0,0,0,0
46684,0,0,0,0,0,0
46691,0,0,0,0,0,0
46696,0,0,0,0,0,0
46708,0,0,0,0,0,0
46714,0,0,0,0,0,0
46718,0,0,0,0,0,0
46724,0,0,0,0,0,0
46730,0,0,0,0,0,0
46737,0,0,0,0,0,0
46745,0,0,0,0,0,0
46750,0,0,0,0,0,0
46756,0,0,0,0,0,0
46762,0,0,0,0,0,0
46767,0,0,0,0,0,0
46773,0,0,0,0,0,0
46779,0,0,0,0,0,0
46786,0,0,0,0,0,0
46792,0,0,0,0,0,0
46799,0,0,0,0,0,0
46805,0,0,0,0,0,0
46811,0,0,0,0,0,0
46817,0,0,0,0,0,0
46823,0,0,0,0,0,0
46829,0,0,0,0,0,0
46835,0,0,0,0,0,0
46841,0,0,0,0,0,0
46847,0,0,0,0,0,0
46853,0,0,0,0,0,0
46859,0,0,0,0,0,0
46865,0,0,0,0,0,0
46871,0,0,0,0,0,0
46876,0,0,0,0,0,0
46881,0,0,0,0,0,0
46889,0,0,0,0,0,0
46895,0,0,0,0,0,0
46901,0,0,0,0,1,0
46906,0,0,0,0,0,0
46912,0,0,0,2,2,0
46918,0,0,0,1,2,0
46926,0,0,0,0,0,0
46933,0,0,0,0,0,0
46939,0,0,0,0,0,0
46944,0,0,0,0,0,0
46950,0,1,0,1,1,0
46956,0,0,0,0,0,0
46961,0,0,0,0,0,0
46967,0,0,0,0,0,0
46971,0,0,0,0,0,0
46977,0,2,0,0,0,2
46984,0,0,0,0,0,0
46990,0,0,0,0,0,0
46997,0,0,0,0,0,0
47003,0,0,0,0,0,0
47009,0,0,0,0,0,0
47013,0,0,2,0,0,0
47019,0,0,0,0,0,0
47025,0,0,0,0,0,0
47031,0,1,0,0,0,0
47037,0,0,0,0,0,0
47043,0,0,0,0,0,0
47049,0,2,1,0,0,0
47055,0,0,0,0,0,0
47062,0,0,0,0,0,0
47068,0,0,0,0,0,0
47075,0,0,0,0,0,0
47080,0,0,0,0,0,0
47088,0,0,0,0,0,0
47094,0,0,0,0,0,0
47100,0,0,0,0,0,0
47106,0,0,0,0,0,0
47112,0,0,0,0,0,0
47118,0,0,0,0,0,0
47124,0,0,0,0,0,0
47130,0,0,1,0,0,0
47136,0,0,0,0,0,0
47142,0,0,0,0,2,0
47148,0,0,0,0,1,0
47154,0,0,0,2,3,0
47160,0,0,0,0,3,0
47166,0,0,0,4,2,0
47172,0,0,0,0,0,0
47178,0,0,0,0,0,0
47184,0,1,0,2,2,0
47190,0,0,0,0,1,0
47196,0,0,0,0,0,0
47202,0,2,0,2,2,1
47210,0,0,0,0,0,0
47216,0,0,0,0,0,0
47224,0,0,0,0,0,0
47230,0,0,0,0,0,0
47236,0,0,0,0,0,0
47242,0,0,0,0,0,0
47249,0,0,0,0,0,0
47255,0,0,0,0,0,0
47260,0,0,0,0,0,0
47266,0,0,0,0,0,0
47272,0,0,0,0,0,0
47278,0,0,0,0,0,0
47284,0,0,0,0,0,0
47291,0,0,0,0,0,0
47297,0,0,0,0,0,0
47303,0,0,0,0,0,0
47309,0,0,0,0,0,0
47315,0,0,0,0,0,0
47321,0,0,0,0,0,0
47327,0,0,0,1,1,0
47333,0,0,0,0,0,0
47339,0,0,0,0,0,0
47345,0,0,0,0,0,0
47351,0,0,0,0,0,0
47357,0,0,0,0,0,0
47363,0,0,0,0,0,0
47369,0,0,0,0,0,0
47375,0,0,0,0,0,0
47381,0,0,0,0,0,0
47387,0,0,0,0,0,0
47393,0,0,0,0,0,0
47399,0,0,0,0,0,0
47411,0,0,0,0,0,0
47417,0,0,0,0,0,0
47430,0,0,0,0,0,0
47438,0,0,0,0,0,0
47456,0,0,0,0,0,0
47462,0,0,0,0,0,0
47468,0,0,0,0,0,0
47474,0,0,0,0,0,0
47478,0,0,0,0,0,0
47485,0,0,0,0,0,0
47490,0,0,0,0,0,0
47497,0,0,0,0,0,0
47502,0,0,0,0,0,0
47508,0,0,0,0,0,0
47514,0,0,0,0,0,0
47521,0,0,0,0,0,0
47527,0,0,0,0,0,0
47532,0,0,0,0,0,0
47538,0,0,0,0,0,0
47544,0,0,0,0,0,0
47550,0,0,0,0,0,0
47556,0,0,0,0,0,0
47562,0,0,0,0,0,0
47568,0,0,0,0,0,0
47574,0,0,0,0,0,0
47586,0,0,0,0,0,0
47592,0,0,0,0,0,0
47598,0,0,0,0,0,0
47606,0,0,0,0,0,0
47612,0,0,0,0,0,0
47617,0,0,0,0,0,0
47624,0,0,0,0,0,0
47631,0,0,0,0,0,0
47636,0,0,0,0,0,0
47641,0,0,0,0,0,0
47647,0,0,0,0,0,0
47653,0,0,0,0,0,0
47660,0,0,0,0,0,0
47675,0,0,0,0,0,0
47680,0,0,0,0,0,0
47686,0,0,0,0,0,0
47692,0,0,0,0,0,0
47699,0,0,0,0,0,0
47703,0,0,0,0,0,0
47709,0,0,0,0,0,0
47715,0,0,0,0,0,0
47721,0,0,0,0,0,0
47727,0,0,0,0,0,0
47734,0,0,0,0,0,0
47739,0,0,0,0,0,0
47745,0,0,0,0,0,0
47751,0,0,0,0,0,0
47757,0,0,0,0,0,0
47763,0,0,0,0,0,0
47769,0,0,1,0,0,0
47777,0,0,0,0,0,0
47783,0,0,0,0,0,0
47789,0,0,0,0,0,0
47793,0,0,0,0,0,0
47799,0,0,0,0,0,0
47805,0,0,0,0,0,0
47811,0,0,0,0,0,0
47818,0,0,0,0,0,0
47824,0,0,0,0,0,0
47830,0,0,0,0,0,0
47835,0,0,0,0,0,0
47841,0,0,0,0,0,0
47847,0,0,0,0,0,0
47854,0,0,0,0,0,0
47860,0,0,0,0,0,0
47866,0,0,0,0,0,0
47872,0,0,0,0,1,0
47878,0,0,0,0,0,0
47883,0,0,0,0,0,0
47889,0,0,0,0,0,0
47895,0,0,0,0,0,0
47901,0,0,0,0,0,0
47907,0,0,0,0,0,0
47913,0,0,0,0,0,0
47919,0,0,0,0,0,0
47925,0,0,0,0,0,0
47931,0,0,2,0,0,0
47937,0,0,0,0,0,0
47943,0,0,0,0,0,0
47949,0,0,2,0,0,0
47956,0,0,0,0,0,0
47962,0,0,0,0,0,0
47973,0,0,0,0,0,0
47979,0,0,0,0,0,0
47985,0,0,2,0,0,0
47991,0,0,0,0,0,0
47997,0,0,0,0,0,0
48010,0,0,0,0,0,0
48016,0,0,0,0,0,0
48022,0,0,0,0,0,0
48029,0,0,0,0,0,0
48035,0,0,0,0,0,0
48045,0,0,0,0,0,0
48051,0,0,0,0,0,0
48057,0,0,0,0,0,0
48063,0,0,0,0,0,0
48069,0,0,0,0,0,0
48081,0,0,0,0,0,0
48087,0,0,0,0,0,0
48101,0,0,0,0,0,0
48105,0,0,0,0,0,0
48111,0,0,2,0,0,0
48117,0,0,0,2,2,0
48123,0,0,0,2,2,0
48130,0,0,0,2,1,0
48136,0,0,0,2,2,0
48148,0,0,0,0,0,0
48154,0,0,0,0,0,0
48166,0,0,0,0,0,0
48172,0,0,0,0,0,0
48183,0,0,0,0,0,0
48189,0,0,0,0,0,0
48195,0,0,0,0,0,0
48201,0,0,0,0,0,0
48213,0,0,0,0,0,0
48225,0,0,0,0,0,0
48230,0,0,0,0,0,0
48236,0,0,0,0,0,0
48242,0,0,0,0,0,0
48248,0,0,0,0,0,0
48255,0,0,0,0,0,0
48260,0,0,0,0,0,0
48268,0,0,0,0,0,0
48273,0,0,0,0,0,0
48279,0,0,0,0,0,0
48284,0,0,0,0,0,0
48290,0,0,0,0,0,0
48310,0,0,0,0,0,0
48316,0,0,0,0,0,0
48323,0,0,0,0,0,0
48328,0,0,0,0,0,0
48334,0,0,0,0,0,0
48340,0,0,0,0,0,0
48346,0,0,0,0,0,0
48352,0,0,0,0,0,0
48358,0,0,0,0,1,0
48365,0,0,0,5,3,0
48371,0,0,0,1,2,0
48378,0,0,0,2,3,0
48384,0,0,0,0,0,0
48391,0,0,0,0,0,0
48397,0,0,0,0,0,0
48410,0,0,0,1,0,0
48416,0,0,0,0,0,0
48418,0,0,0,0,0,0
48424,0,0,0,0,0,0
48436,0,0,0,0,0,0
48444,0,0,0,0,0,0
48449,0,0,0,0,0,0
48464,0,0,0,0,0,0
48470,0,0,0,0,0,0
48476,0,0,0,0,0,0
48482,0,0,0,0,0,0
48488,0,0,0,0,0,0
48494,0,0,0,0,0,0
48502,0,0,0,0,0,0
48508,0,0,0,0,0,0
48514,0,0,0,0,0,0
48518,0,0,0,0,0,0
48524,0,0,0,0,0,0
48544,0,0,0,0,0,0
48550,0,0,0,0,0,0
48556,0,0,0,0,0,0
48562,0,0,0,0,0,0
48568,0,0,0,0,0,0
48574,0,0,0,0,0,0
48580,0,0,0,0,0,0
48586,0,0,0,0,0,0
48592,0,0,0,0,0,0
48598,0,0,0,0,0,0
48604,0,0,0,0,2,0
48617,0,0,0,2,2,0
48623,0,0,0,1,2,0
48633,0,0,0,2,1,0
48639,0,0,0,1,0,0
48645,0,0,0,0,0,0
48651,0,0,0,2,2,0
48657,0,0,0,0,0,0
48664,0,0,0,0,0,0
48670,0,0,0,0,0,0
48675,0,0,0,0,0,0
48682,0,0,0,0,0,0
48687,0,0,0,0,0,0
48694,0,0,0,0,0,0
48702,0,0,0,0,0,0
48708,0,0,0,0,0,0
48714,0,0,0,0,0,0
48720,0,0,0,0,0,0
48727,0,0,0,0,0,0
48732,0,0,0,0,0,0
48738,0,0,0,0,0,0
48744,0,0,0,0,0,0
48751,0,0,0,0,0,0
48756,0,0,0,0,0,0
48775,0,0,0,0,0,0
48787,0,0,0,0,0,0
48793,0,0,0,0,0,0
48805,0,0,0,0,0,0
48811,0,0,0,0,0,0
48817,0,0,0,0,0,0
48822,0,0,0,0,0,0
48828,0,0,0,0,0,0
48832,0,0,0,0,0,0
48838,0,0,0,0,0,0
48849,0,0,0,2,0,0
48855,0,0,0,0,0,0
48861,0,0,0,0,0,0
48869,0,0,0,0,0,0
48875,0,0,0,0,0,0
48882,0,0,0,0,0,0
48887,0,0,0,0,0,0
48893,0,0,0,0,0,0
48902,0,0,0,0,0,0
48910,0,0,0,0,0,0
48922,0,0,0,0,0,0
48929,0,0,0,0,0,0
48933,0,0,0,0,0,0
48939,0,0,0,0,0,0
48945,0,0,0,0,0,0
48950,0,0,0,0,0,0
48956,0,0,0,0,0,0
48962,0,0,0,0,0,0
48969,0,0,0,0,0,0
48976,0,0,0,0,0,0
48981,0,0,0,0,0,0
48986,0,0,0,0,0,0
48992,0,0,0,0,0,0
49005,0,0,0,0,0,0
49011,0,0,0,0,0,0
49017,0,0,0,0,0,0
49023,0,0,0,0,0,0
49031,0,0,0,0,0,0
49035,0,0,0,0,0,0
49042,0,0,0,0,0,0
49049,0,0,0,0,0,0
49056,0,0,0,0,0,0
49062,0,0,0,0,0,0
49068,0,0,0,0,0,0
49073,0,0,0,0,0,0
49079,0,0,0,0,0,0
49092,0,0,0,2,2,0
49101,0,0,0,2,3,0
49107,0,0,0,0,0,0
49113,0,0,0,0,0,0
49119,0,0,0,1,1,0
49125,0,0,0,0,0,0
49131,0,0,0,0,0,0
49139,0,0,0,0,0,0
49145,0,0,0,0,0,0
49153,0,0,0,0,0,0
49158,0,0,0,0,0,0
49165,0,0,0,0,0,0
49171,0,0,0,0,0,0
49177,0,0,0,0,0,0
49183,0,0,0,0,0,0
49188,0,0,0,0,0,0
49196,0,0,0,0,0,0
49202,0,0,0,0,0,0
49208,0,0,0,0,0,0
49213,0,0,0,0,0,0
49220,0,0,0,0,0,0
49225,0,0,0,0,0,0
49229,0,0,0,0,0,0
49235,0,0,0,0,0,0
49241,0,0,0,0,0,0
49247,0,0,0,0,0,0
49253,0,0,0,0,0,0
49259,0,0,0,0,0,0
49266,0,0,0,0,0,0
49272,0,0,0,0,0,0
49278,0,0,0,0,0,0
49282,0,0,0,0,0,0
49288,0,0,0,0,0,0
49295,0,0,0,0,0,0
49302,0,0,0,0,0,0
49310,0,0,0,0,0,0
49315,0,0,0,0,0,0
49322,0,0,0,0,0,0
49328,0,0,0,0,0,0
49334,0,0,0,2,3,0
49344,0,0,0,2,3,0
49350,0,0,0,0,1,0
49356,0,0,0,0,0,0
49363,0,0,0,1,1,0
49369,0,0,0,1,1,0
49382,0,0,0,2,2,0
49388,0,0,0,0,0,0
49394,0,0,0,0,0,0
49402,0,0,0,0,0,0
49411,0,0,0,0,0,0
49418,0,0,0,0,0,0
49424,0,0,0,0,0,0
49430,0,0,0,0,0,0
49435,0,0,0,1,0,0
49441,0,0,0,0,0,0
49447,0,0,0,0,0,0
49453,0,0,0,0,0,0
49459,0,0,0,0,0,0
49465,0,0,0,0,0,0
49471,0,0,0,0,0,0
49477,0,0,0,0,0,0
49483,0,0,0,0,0,0
49490,0,0,0,0,0,0
49496,0,0,0,0,0,0
49502,0,0,0,0,0,0
49511,0,0,0,0,0,0
49523,0,0,0,0,0,0
49529,0,0,0,0,0,0
49536,0,0,0,0,0,0
49543,0,0,0,0,0,0
49549,0,0,0,0,0,0
49555,0,0,0,0,0,0
49561,0,0,0,0,0,0
49567,0,0,0,0,0,0
49583,0,0,0,0,0,0
49597,0,0,0,0,0,0
49612,0,0,0,0,0,0
49621,0,0,0,0,0,0
49639,0,0,0,0,0,0
49653,0,0,0,0,0,0
49663,0,0,0,0,0,0
49674,0,0,0,0,0,0
49682,0,0,0,0,0,0
49694,0,0,0,0,0,0
49700,0,0,0,0,0,0
49715,0,0,0,0,0,0
49731,0,0,0,0,0,0
49760,0,0,0,0,0,0
49770,0,0,0,0,0,0
49780,0,0,0,0,0,0
49790,0,0,0,0,0,0
49799,0,0,0,0,0,0
49806,0,0,0,0,0,0
49828,0,0,0,0,0,0
49846,0,0,0,0,0,0
49855,0,0,0,0,0,0
49908,0,0,0,0,0,0
49916,0,0,0,0,0,0
49928,0,0,0,0,0,0
49937,0,0,0,0,0,0
49945,0,0,0,0,0,0
49953,0,0,0,0,0,0
49976,0,0,0,0,0,0
49988,0,0,0,0,0,0
49999,0,0,0,0,0,0
50043,0,0,0,0,0,0
50053,0,0,0,0,0,0
50090,0,0,0,0,0,0
50113,0,0,0,0,0,0
50122,0,0,0,0,0,0
50134,0,0,0,0,0,0
50157,0,0,0,0,0,0
50167,0,0,0,0,0,0
50177,0,0,0,0,0,0
50186,0,0,0,0,0,0
50197,0,0,0,0,0,0
50206,0,0,0,0,0,0
50216,0,0,0,0,0,0
50232,0,0,0,0,0,0
50247,0,0,0,0,0,0
50257,0,0,0,0,0,0
50267,0,0,0,0,0,0
50277,0,0,0,0,0,0
50317,0,0,0,0,1,0
50335,0,0,0,0,0,0
50358,0,0,0,0,0,0
50390,0,0,0,0,0,0
50402,0,0,0,0,0,0
50412,0,0,0,0,0,0
50421,0,0,0,0,0,0
50435,0,0,0,0,0,0
50443,0,0,0,0,0,0
50453,0,0,0,0,0,0
50494,0,0,0,0,0,0
50504,0,0,0,0,0,0
50513,0,0,0,0,0,0
50523,0,0,0,0,0,0
50533,0,0,0,0,0,0
50542,0,0,0,0,0,0
50551,0,0,0,1,1,0
50577,0,0,0,0,0,0
50588,0,0,0,1,0,0
50610,0,0,0,0,0,0
50620,0,0,0,0,0,0
50631,0,0,0,0,0,0
50641,0,0,0,0,0,0
50650,0,0,0,0,0,0
50660,0,0,0,0,0,0
50684,0,0,0,0,0,0
50694,0,0,0,0,0,0
50704,0,0,0,0,0,0
50714,0,0,0,0,0,0
50744,0,0,0,0,0,0
50754,0,0,0,0,0,0
50766,0,0,0,0,0,0
50776,0,0,0,0,0,0
50786,0,0,0,0,0,0
50808,0,0,0,1,2,0
50838,0,0,0,2,1,0
50849,0,0,0,0,0,0
50876,0,0,0,0,0,0
50887,0,0,0,0,0,0
50899,0,0,0,0,0,0
50908,0,0,0,0,0,0
50920,0,0,0,0,0,0
50927,0,0,0,0,0,0
50936,0,0,0,0,0,0
50945,0,0,0,0,0,0
50955,0,0,0,0,0,0
50965,0,0,0,0,0,0
50975,0,0,0,0,0,0
51003,0,0,0,0,0,0
51013,0,0,0,0,0,0
51026,0,0,0,0,0,0
51046,0,0,0,0,0,0
51057,0,0,0,0,0,0
51069,0,0,0,0,0,0
51078,0,0,0,0,0,0
51087,0,0,0,0,0,0
51096,0,0,0,0,0,0
51106,0,0,0,0,0,0
51114,0,0,0,0,0,0
51124,0,0,0,0,0,0
51133,0,0,0,0,0,0
51143,0,0,0,0,0,0
51154,0,0,0,0,0,0
51161,0,0,0,0,0,0
51171,0,0,0,0,0,0
51178,0,0,0,0,0,0
51188,0,0,0,0,0,0
51220,0,0,0,0,0,0
51229,0,0,0,0,0,0
51253,0,0,0,0,0,0
51262,0,0,0,0,0,0
51270,0,0,0,0,0,0
51278,0,0,0,0,0,0
51288,0,0,0,0,0,0
51296,0,0,0,0,0,0
51308,0,0,0,0,0,0
51316,0,0,0,0,0,0
51327,0,0,0,0,0,0
51399,0,0,0,0,0,0
51410,0,0,0,0,0,0
51418,0,0,0,0,0,0
51428,0,0,0,0,0,0
51438,0,0,0,0,0,0
51446,0,0,0,0,0,0
51459,0,0,0,0,0,0
51466,0,0,0,0,0,0
51474,0,0,0,0,0,0
51484,0,0,0,0,0,0
51493,0,0,0,0,0,0
51501,0,0,0,0,0,0
51507,0,0,0,0,0,0
51568,0,0,0,0,0,0
51575,0,0,0,0,0,0
51597,0,0,0,0,0,0
51614,0,0,0,0,0,0
51624,0,0,0,0,0,0
51641,0,0,0,0,0,0
51649,0,0,0,0,0,0
51656,0,0,0,0,0,0
51668,0,0,0,0,0,0
51676,0,0,0,0,0,0
51681,0,0,0,0,0,0
51689,0,0,0,0,0,0
51704,0,0,0,0,0,0
51712,0,0,0,0,0,0
51717,0,0,0,0,0,0
51729,0,0,0,0,0,0
51735,0,0,0,0,0,0
51741,0,0,0,0,0,0
51751,0,0,0,0,0,0
51771,0,0,0,0,0,0
51784,0,0,0,0,0,0
51798,0,0,0,0,0,0
51828,0,0,0,0,0,0
51852,0,0,0,0,0,0
51865,0,0,0,0,0,0
51874,0,0,0,0,0,0
51882,0,0,0,0,0,0
51896,0,0,0,0,0,0
51915,0,0,0,0,0,0
51928,0,0,0,0,0,0
51941,0,0,0,0,0,0
51955,0,0,0,0,0,0
51963,0,0,0,0,0,0
51971,0,0,0,0,0,0
51978,0,0,0,0,0,0
51984,0,0,0,0,0,0
51999,0,0,0,0,0,0
52014,0,0,0,0,0,0
52033,0,0,0,0,0,0
52046,0,0,0,0,0,0
52062,0,0,0,0,0,0
52068,0,0,0,0,0,0
52115,0,0,0,0,0,0
52138,0,0,0,0,0,0
52154,0,0,0,0,0,0
52161,0,0,0,0,0,0
52174,0,0,0,0,0,0
52197,0,0,0,0,0,0
52205,0,0,0,0,0,0
52212,0,0,0,0,0,0
52219,0,0,0,0,0,0
52233,0,0,0,0,0,0
52239,0,0,0,0,0,0
52274,0,0,0,0,0,0
52307,0,0,0,0,0,0
52322,0,0,0,0,0,0
52339,0,0,0,0,0,0
52350,0,0,0,0,0,0
52355,0,0,0,0,0,0
52369,0,0,0,0,0,0
52377,0,0,0,0,0,0
52381,0,0,0,0,0,0
52396,0,0,0,0,0,0
52403,0,0,0,0,0,0
52427,0,0,0,0,0,0
52446,0,0,0,0,0,0
52455,0,0,0,0,0,0
52461,0,0,0,0,0,0
52495,0,0,0,2,1,0
52501,0,0,0,2,2,0
52510,0,0,0,2,3,0
52519,0,0,0,0,0,0
52528,0,0,0,0,0,0
52536,0,0,0,0,1,0
52550,0,0,0,0,0,0
52556,0,0,0,0,0,0
52570,0,0,0,0,0,0
52585,0,0,0,0,0,0
52593,0,0,0,1,0,0
52599,0,0,0,0,0,0
52606,0,0,0,0,0,0
52620,0,0,0,0,0,0
52629,0,2,0,0,0,1
52637,0,0,0,0,0,0
52645,0,0,0,0,0,0
52675,0,0,0,0,0,0
52684,0,0,0,0,0,0
52689,0,0,0,0,0,0
52709,0,0,0,0,0,0
52718,0,0,0,0,0,0
52725,0,0,0,0,0,0
52746,0,0,0,5,3,0
52754,0,0,0,1,2,0
52760,0,0,0,0,0,0
52768,0,0,0,0,0,0
52776,3,0,0,0,0,3
52793,0,0,0,0,0,0
52799,0,0,0,0,0,0
52806,2,0,0,0,0,0
52819,0,0,0,0,0,0
52828,0,0,0,0,0,0
52847,0,0,0,0,0,0
52856,0,0,0,0,0,0
52865,0,0,0,0,0,0
52874,0,0,0,0,0,0
52880,0,0,0,0,0,0
52888,0,0,0,0,0,0
52896,0,0,0,0,0,0
52917,0,0,0,0,0,0
52925,0,0,0,0,0,0
52937,0,0,0,0,0,0
52943,0,0,0,0,0,0
52952,0,0,0,0,0,0
52963,0,0,0,0,0,0
52970,0,0,0,0,0,0
52991,0,0,0,4,4,0
52999,0,0,0,3,4,0
53007,8,5,0,2,1,8
53017,0,0,0,0,0,0
53025,10,3,0,2,2,5
53041,0,0,0,0,0,0
53051,0,0,0,0,0,0
53056,0,0,0,1,1,0
53068,0,0,0,0,0,0
53078,0,0,0,0,1,0
53087,0,0,0,0,0,0
53094,0,0,0,0,0,0
53102,0,0,0,0,0,0
53111,0,0,0,0,0,0
53125,0,0,0,0,0,0
53134,0,0,0,0,0,0
53143,0,0,0,0,0,0
53150,0,0,0,0,0,0
53159,0,0,0,0,0,0
53167,0,0,0,0,0,0
53175,0,0,0,0,0,0
55819,0,0,0,0,0,0
55829,0,0,0,0,0,0
55843,0,0,0,0,0,0
55855,0,0,0,0,0,0
55865,0,0,0,0,0,0
55875,0,0,0,0,0,0
55885,0,0,0,0,0,0
55895,0,0,0,1,3,0
55906,0,0,0,4,4,0
55917,0,0,0,0,0,0
55929,0,0,0,1,1,0
55939,0,0,0,1,1,0
55949,0,0,0,0,0,0
55960,0,0,0,1,0,0
55968,0,0,0,0,0,0
55977,0,0,0,0,0,0
55986,0,0,0,0,0,0
55993,0,0,0,0,0,0
56004,0,0,0,0,0,0
56015,0,0,0,0,0,0
56025,0,0,0,0,0,0
56035,0,0,0,0,0,0
56045,0,0,0,0,0,0
56058,0,0,0,0,0,0
56066,0,0,0,0,0,0
56077,0,0,0,0,0,0
56087,0,0,0,0,0,0
56097,0,0,0,0,0,0
56107,0,0,0,0,0,0
56117,0,0,0,0,0,0
56130,0,0,0,0,0,0
56168,0,0,0,0,0,0
56180,0,0,0,0,0,0
56192,0,0,0,0,0,0
56218,0,0,0,0,0,0
56228,0,0,0,0,0,0
56239,0,0,0,0,0,0
56249,0,0,0,0,0,0
56259,0,0,0,0,0,0
56269,0,0,0,0,0,0
56280,0,0,0,0,0,0
56287,0,0,0,0,0,0
56300,0,0,0,0,0,0
56311,0,0,0,0,0,0
56318,0,0,0,0,0,0
56328,0,0,0,0,0,0
56339,0,0,0,0,0,0
56349,0,0,0,0,0,0
56359,0,0,0,0,0,0
56369,0,0,0,0,0,0
56380,0,0,0,0,0,0
56388,0,0,0,0,0,0
56398,0,0,0,0,0,0
56425,0,0,0,0,0,0
56442,0,0,0,0,0,0
56456,0,0,0,0,0,0
56463,0,0,0,0,0,0
56474,0,0,0,0,0,0
56484,0,0,0,0,0,0
56494,0,0,0,0,0,0
56504,0,0,0,0,0,0
56515,0,0,0,0,0,0
56523,0,0,0,0,0,0
56531,0,0,0,0,0,0
56556,0,0,0,0,0,0
56566,0,0,0,0,0,0
56576,0,0,0,0,0,0
56586,0,0,0,0,0,0
56596,0,0,0,0,0,0
56606,0,0,0,0,0,0
56616,0,0,0,0,0,0
56641,0,0,0,1,0,0
56651,0,0,0,0,0,0
56660,0,0,0,0,0,0
56669,0,0,0,0,0,0
56679,0,0,0,0,0,0
56687,0,0,0,0,0,0
56700,0,0,0,0,0,0
56711,0,0,0,0,0,0
56720,0,0,0,0,0,0
56731,0,0,0,0,0,0
56741,0,0,0,0,0,0
56749,0,0,0,0,0,0
56759,0,0,0,0,0,0
56768,0,0,0,0,0,0
56777,0,0,0,0,0,0
56784,0,0,0,0,0,0
56804,0,0,0,0,0,0
56817,0,0,0,0,0,0
56828,0,0,0,0,0,0
56838,0,0,0,0,0,0
56848,0,0,0,0,0,0
56858,0,0,0,0,0,0
56878,0,0,0,1,1,0
56894,0,0,0,0,0,0
56904,0,0,0,2,0,0
56919,0,0,0,0,0,0
56929,0,0,0,0,0,0
56939,0,0,0,0,0,0
56948,0,0,0,0,0,0
56960,0,0,0,0,0,0
56970,0,0,0,0,0,0
56989,0,0,0,0,0,0
57000,0,0,0,0,0,0
57011,0,0,0,0,0,0
57021,0,0,0,0,0,0
57030,0,0,0,0,0,0
57039,0,0,0,0,0,0
57049,0,0,0,0,0,0
57058,0,0,0,0,0,0
57068,0,0,0,0,0,0
57077,0,0,0,0,0,0
57086,0,0,0,0,0,0
57119,0,0,0,1,2,0
57128,0,0,0,2,2,0
57139,0,0,0,0,0,0
57170,0,0,0,0,0,0
57180,0,0,0,0,0,0
57190,0,0,0,0,0,0
57200,0,0,0,0,0,0
57210,0,0,0,0,0,0
57219,0,0,0,0,0,0
57231,0,0,0,0,0,0
57250,0,0,0,0,0,0
57288,0,0,0,0,0,0
57297,0,0,0,0,0,0
57307,0,0,0,0,0,0
57318,0,0,0,0,0,0
57328,0,0,0,0,0,0
57337,0,0,0,0,0,0
57346,0,0,0,0,0,0
57356,0,0,0,0,1,0
57370,0,0,0,2,3,0
57383,0,0,0,0,0,0
57424,0,0,0,0,0,0
57435,0,0,0,0,0,0
57473,0,0,0,0,0,0
57484,0,0,0,0,0,0
57493,0,0,0,0,0,0
57500,0,0,0,0,0,0
57509,0,0,0,0,0,0
57536,0,0,0,0,0,0
57544,0,0,0,0,0,0
57552,0,0,0,0,0,0
57560,0,0,0,0,0,0
57568,0,0,0,0,0,0
57577,0,0,0,0,0,0
57585,0,0,0,0,0,0
57597,0,0,0,0,0,0
57605,0,0,0,0,0,0
57617,0,0,0,0,0,0
57625,0,0,0,0,0,0
57635,0,0,0,0,0,0
57643,0,0,0,0,0,0
57649,0,0,0,0,0,0
57669,0,0,0,0,0,0
57675,0,0,0,0,0,0
57697,0,0,0,0,0,0
57705,0,0,0,0,0,0
57714,0,0,0,0,0,0
57722,0,0,0,0,0,0
57729,0,0,0,0,0,0
57743,0,0,0,0,0,0
57751,0,0,0,0,0,0
57759,0,0,0,0,0,0
57766,0,0,0,0,0,0
57776,0,0,0,0,0,0
57783,0,0,0,0,0,0
57790,0,0,0,0,0,0
57798,0,0,0,0,0,0
57806,0,0,0,0,0,0
57814,0,0,0,0,0,0
57822,0,0,0,0,0,0
57830,0,0,0,0,0,0
57839,0,0,0,0,0,0
57848,0,0,0,0,0,0
57856,0,0,0,0,1,0
57920,0,0,0,0,0,0
57931,0,0,0,0,0,0
57936,0,0,0,0,0,0
57945,0,0,0,0,0,0
57969,0,0,0,0,0,0
57978,0,0,0,0,0,0
57988,0,0,0,0,0,0
57996,0,0,0,0,0,0
58012,0,0,0,0,0,0
58020,0,0,0,0,0,0
58028,0,0,0,0,0,0
58036,0,0,0,0,0,0
58043,0,0,0,0,0,0
58053,0,0,0,0,0,0
58063,0,0,0,0,0,0
58069,0,0,0,0,0,0
58093,0,0,0,0,2,0
58099,0,0,0,0,1,0
58110,0,0,0,0,0,0
58116,0,0,0,0,0,0
58139,0,0,0,0,0,0
58147,0,0,0,0,0,0
58154,0,0,0,0,0,0
58162,0,0,0,0,0,0
58170,0,0,0,0,0,0
58185,0,0,0,0,0,0
58194,0,0,0,0,0,0
58202,0,0,0,0,0,0
58210,0,0,0,0,0,0
58217,0,0,0,0,0,0
58227,0,0,0,0,0,0
58234,0,0,0,0,0,0
58242,0,0,0,0,0,0
58248,0,0,0,0,0,0
58258,0,0,0,0,0,0
58265,0,0,0,0,0,0
58273,0,0,0,0,0,0
58281,0,0,0,0,0,0
58290,0,0,0,0,0,0
58298,0,0,0,0,0,0
58305,0,0,0,0,0,0
58310,0,0,0,0,0,0
58318,0,0,0,0,0,0
58334,0,0,0,0,0,0
58346,0,0,0,0,0,0
58354,0,0,0,0,0,0
58363,0,0,0,0,0,0
58377,0,0,0,0,0,0
58390,0,0,0,0,0,0
58404,0,0,0,0,0,0
58440,0,0,0,0,0,0
58451,0,0,0,0,0,0
58458,0,0,0,0,0,0
58468,0,0,0,0,0,0
58479,0,0,0,0,0,0
58494,0,0,0,0,0,0
58500,0,0,0,0,0,0
58516,0,0,0,0,0,0
58525,0,0,0,0,0,0
58533,0,0,0,0,0,0
58541,0,0,0,0,0,0
58549,0,0,0,0,0,0
58589,0,0,0,0,0,0
58623,0,0,0,0,0,0
58650,0,0,0,0,0,0
58667,0,0,0,0,0,0
58678,0,0,0,0,0,0
58684,0,0,0,0,0,0
58695,0,0,0,0,0,0
58723,0,0,0,0,0,0
58734,0,0,0,0,0,0
58743,0,0,0,0,0,0
58760,0,0,0,0,0,0
58768,0,0,0,0,0,0
58776,0,0,0,0,0,0
58784,0,0,0,0,0,0
58792,0,0,0,0,0,0
58800,0,0,0,0,0,0
58818,0,0,0,0,0,0
58829,0,0,0,0,0,0
58846,0,0,0,0,0,0
58859,0,0,0,0,0,0
58865,0,0,0,0,0,0
58883,0,0,0,0,0,0
58898,0,0,0,0,0,0
58912,0,0,0,0,0,0
58919,0,0,0,0,0,0
58925,0,0,0,0,0,0
58937,0,0,0,0,0,0
58945,0,0,0,0,0,0
58953,0,0,0,0,0,0
58967,0,0,0,0,0,0
58984,0,0,0,0,0,0
58992,0,0,0,0,0,0
59000,0,0,0,0,0,0
59008,0,0,0,0,0,0
59016,0,0,0,0,0,0
59024,0,0,0,0,0,0
59032,0,0,0,0,0,0
59040,0,0,0,0,0,0
