4,0,0,0,0,0,0
7,0,0,0,0,0,0
10,0,0,0,0,0,0
14,0,0,0,0,0,0
20,0,0,0,0,0,0
30,0,0,0,0,0,0
35,0,0,0,0,0,0
42,0,1,0,0,0,0
50,0,0,0,0,0,0
57,3,1,0,0,0,4
63,0,0,0,0,0,0
72,0,0,0,0,0,0
80,0,0,0,0,0,0
88,0,0,0,0,0,0
96,0,0,0,0,0,0
104,0,0,0,0,0,0
112,0,0,0,0,0,0
120,0,0,0,0,0,0
128,0,0,0,0,0,0
136,0,0,0,0,0,0
144,0,0,0,0,0,0
152,0,0,0,0,0,0
160,0,0,0,0,0,0
170,0,0,0,0,0,0
179,0,0,0,0,0,0
189,0,0,0,0,0,0
199,0,0,0,0,0,0
210,0,0,0,0,0,0
219,0,0,0,0,0,0
231,0,1,1,0,0,0
240,0,1,2,0,0,0
252,0,0,0,0,0,0
262,0,0,0,0,0,0
273,1,4,0,0,0,5
281,0,0,0,0,0,0
296,0,0,0,0,0,0
305,0,0,0,0,0,0
312,1,5,0,0,0,6
324,0,0,0,0,0,0
334,0,0,0,0,0,0
343,0,0,0,0,0,0
353,0,0,0,0,0,0
363,0,0,0,0,0,0
373,0,0,0,0,0,0
383,0,0,0,0,0,0
393,0,2,0,0,0,0
403,0,0,0,0,0,0
423,0,0,0,0,0,0
433,0,0,0,0,0,0
443,0,0,0,0,0,0
453,0,0,0,0,0,0
463,0,0,0,0,0,0
473,0,0,0,0,0,0
493,0,0,0,0,0,0
503,0,0,0,0,0,0
513,0,0,0,0,0,0
523,0,0,0,0,0,0
535,0,0,0,0,0,0
544,0,0,0,0,0,0
552,0,0,0,0,0,0
562,0,0,0,0,0,0
572,0,0,0,0,0,0
593,0,0,0,0,0,0
604,0,0,0,0,0,0
615,0,0,0,0,0,0
625,0,0,0,0,0,0
635,0,0,0,0,0,0
645,0,2,0,0,0,0
670,0,0,0,0,0,0
720,0,0,0,0,0,0
728,0,0,0,0,0,0
738,0,0,0,0,0,0
749,0,0,0,0,0,0
760,0,0,0,0,0,0
767,0,0,0,0,0,0
779,0,0,0,0,0,0
787,0,0,0,0,0,0
796,0,0,0,0,0,0
805,0,0,0,0,0,0
814,0,0,0,0,0,0
826,0,0,0,0,0,0
837,0,0,0,0,0,0
841,0,0,0,0,0,0
863,0,0,0,0,0,0
880,0,0,0,0,0,0
889,0,0,0,0,0,0
909,0,0,0,0,0,0
919,0,0,0,0,0,0
928,0,0,0,0,0,0
938,0,0,0,0,0,0
945,0,0,0,0,0,0
953,0,0,0,0,0,0
965,0,0,0,0,0,0
975,0,0,0,0,0,0
984,0,0,0,0,0,0
994,0,0,0,0,0,0
1026,0,0,0,0,0,0
1036,0,0,0,0,0,0
1047,0,0,0,0,0,0
1075,0,0,0,0,0,0
1103,0,0,0,0,0,0
1112,0,0,0,0,0,0
1120,0,0,0,0,0,0
1129,0,0,0,0,0,0
1155,0,0,0,0,0,0
4480,0,0,0,0,0,0
4489,0,0,0,0,0,0
4498,0,0,0,0,0,0
4508,0,0,0,0,0,0
4518,0,0,0,0,0,0
4527,0,0,0,0,0,0
4538,0,0,0,0,0,0
4547,0,0,0,0,0,0
4558,0,0,0,0,0,0
4568,0,0,0,0,0,0
4578,0,0,0,0,0,0
4588,0,0,0,0,0,0
4597,0,0,0,0,0,0
4606,0,0,0,0,0,0
4616,0,0,0,0,0,0
4656,0,0,0,0,0,0
4666,0,0,0,0,0,0
4690,0,0,0,0,0,0
4700,0,0,0,0,0,0
4710,0,0,0,0,0,0
4720,0,0,0,0,0,0
4729,0,0,0,0,0,0
4738,0,0,0,0,0,0
4750,0,0,0,0,0,0
4760,0,0,0,0,0,0
4771,0,0,0,0,0,0
4777,0,0,0,0,0,0
4803,0,0,0,0,0,0
4813,0,0,0,0,0,0
4823,0,0,0,0,0,0
4833,0,0,0,0,0,0
4843,0,0,0,0,0,0
4853,0,0,0,0,0,0
4871,0,0,0,0,0,0
4890,0,0,0,0,0,0
4900,0,0,0,0,0,0
4911,0,0,0,0,0,0
4921,0,0,0,0,0,0
4930,0,0,0,0,0,0
4940,0,0,0,0,0,0
4951,0,0,0,0,0,0
4961,0,0,0,0,0,0
4971,0,0,0,0,0,0
4980,0,0,0,0,0,0
4991,0,0,0,0,0,0
5002,0,0,0,0,0,0
5012,0,0,0,0,0,0
5049,0,0,0,0,0,0
5069,0,0,0,0,0,0
5078,0,0,0,0,0,0
5088,0,0,0,0,0,0
5094,0,0,0,0,0,0
5107,0,0,0,0,0,0
5117,0,0,0,0,0,0
5129,0,0,0,0,0,0
5137,0,0,0,0,0,0
5144,0,0,0,0,0,0
5155,0,0,0,0,0,0
5162,0,0,0,0,0,0
5173,0,0,0,0,0,0
5178,0,0,0,0,0,0
5187,0,0,0,0,0,0
5194,0,0,0,0,0,0
5203,0,0,0,0,0,0
5214,0,0,0,0,0,0
5219,0,0,0,0,0,0
5227,0,0,0,0,0,0
5235,0,0,0,0,0,0
5243,0,0,0,0,0,0
5250,0,0,0,0,0,0
5255,0,0,0,0,0,0
5263,0,0,0,0,0,0
5271,0,0,0,0,0,0
5279,0,0,0,0,0,0
5287,0,0,0,0,0,0
5292,0,0,0,0,0,0
5300,0,0,0,0,0,0
5308,0,0,0,0,0,0
5316,0,0,0,0,0,0
5324,0,0,0,0,0,0
5331,0,0,0,0,0,0
5338,0,0,0,0,0,0
5346,0,0,0,0,0,0
5355,0,0,0,0,0,0
5364,0,0,0,0,0,0
5379,0,0,0,0,0,0
5387,0,0,0,0,0,0
5395,0,0,0,0,0,0
5404,0,0,0,0,0,0
5413,0,0,0,0,0,0
5423,0,0,0,0,0,0
5441,0,0,0,0,0,0
5447,0,0,0,0,0,0
5458,0,0,0,0,0,0
5464,0,0,0,0,0,0
5473,0,0,0,0,0,0
5481,0,0,0,0,0,0
5490,0,0,0,0,0,0
5500,0,0,0,0,0,0
5510,0,0,0,0,0,0
5519,0,0,0,0,0,0
5528,0,0,0,0,0,0
5537,0,0,0,0,0,0
5545,0,0,0,0,0,0
5560,0,0,0,0,0,0
5568,0,0,0,0,0,0
5576,0,0,0,0,0,0
5583,0,0,0,0,0,0
5591,0,0,0,0,0,0
5603,0,0,0,0,0,0
5611,0,0,0,0,0,0
5619,0,0,0,0,0,0
5634,0,0,0,0,0,0
5642,0,0,0,0,0,0
5650,0,0,0,0,0,0
5658,0,0,0,0,0,0
5660,0,0,0,0,0,0
5668,0,0,0,0,0,0
5674,0,0,0,0,0,0
5683,0,0,0,0,0,0
5711,0,0,0,0,0,0
5719,0,0,0,0,0,0
5726,0,0,0,0,0,0
5736,0,0,0,0,0,0
5740,0,0,0,0,0,0
5748,0,0,0,0,0,0
5774,0,0,0,0,0,0
5779,0,0,0,0,0,0
5787,0,0,0,0,0,0
5819,0,0,0,0,0,0
5825,0,0,0,0,0,0
5835,0,0,0,0,0,0
5864,0,0,0,0,0,0
5872,0,0,0,0,0,0
5879,0,0,0,0,0,0
5897,0,0,0,0,0,0
5910,0,0,0,0,0,0
5916,0,0,0,0,0,0
5926,0,0,0,0,0,0
5931,0,0,0,0,0,0
5943,0,0,0,0,0,0
5963,0,0,0,0,0,0
5971,0,0,0,0,0,0
5976,0,0,0,0,0,0
5987,0,0,0,0,0,0
6015,0,0,0,0,0,0
6036,0,0,0,0,0,0
6043,0,0,0,0,0,0
6051,0,0,0,0,0,0
6059,0,0,0,0,0,0
6069,0,0,0,0,0,0
6114,0,0,0,0,0,0
6139,0,0,0,0,0,0
6151,0,0,0,0,0,0
6183,0,0,0,0,0,0
6205,0,0,0,0,0,0
6210,0,0,0,0,0,0
6275,0,0,0,0,0,0
6283,0,0,0,0,0,0
6291,0,0,0,0,0,0
6314,0,0,0,0,0,0
6363,0,0,0,0,0,0
6384,0,0,0,0,0,0
6391,0,0,0,0,0,0
6454,0,0,0,0,0,0
6462,0,0,0,0,0,0
6499,0,0,0,0,0,0
6527,0,0,0,0,0,0
6535,0,0,0,0,0,0
6543,0,0,0,0,0,0
6567,0,0,0,0,0,0
6575,0,0,0,0,0,0
6582,0,0,0,0,0,0
6587,0,0,0,0,0,0
6595,0,0,0,0,0,0
6603,0,3,0,0,0,3
6611,0,0,0,0,0,0
6619,0,0,0,0,0,0
6625,0,0,0,0,0,0
6632,0,0,0,0,0,0
6640,0,0,0,0,0,0
6648,0,0,0,0,0,0
6656,0,0,0,0,0,0
6664,0,0,0,0,0,0
6671,0,0,0,0,0,0
6679,0,0,0,0,0,0
6686,0,0,0,0,0,0
6695,0,0,0,0,0,0
6702,0,2,0,0,0,0
6711,0,2,0,0,0,0
6719,0,0,0,0,0,0
6735,0,0,0,0,0,0
6743,0,0,0,0,0,0
6751,0,0,0,0,0,0
6759,0,0,0,0,0,0
6766,0,0,0,0,0,0
6774,0,0,0,0,0,0
6783,0,1,1,0,0,0
6792,0,1,1,0,0,0
6801,0,2,0,0,0,0
6810,0,0,0,0,0,0
6818,0,0,0,0,0,0
6824,0,0,0,0,0,0
6835,0,0,0,0,0,0
6840,0,0,0,0,0,0
6848,0,0,0,0,0,0
6856,0,0,0,0,0,0
6864,1,8,0,0,0,7
6872,0,0,0,0,0,0
6879,0,0,0,0,0,0
6884,0,0,0,0,0,0
6892,0,0,0,0,0,0
6900,0,0,0,0,0,0
6908,0,0,0,0,0,0
6916,0,0,0,0,0,0
6925,0,0,0,0,0,0
6932,0,0,0,0,0,0
6940,0,0,0,0,0,0
6948,0,0,0,0,0,0
6956,0,0,0,0,0,0
6965,0,0,0,0,0,0
6990,0,0,0,0,0,0
6998,0,0,0,0,0,0
7006,0,0,0,0,0,0
7014,0,0,0,0,0,0
7022,0,0,0,0,0,0
7029,0,0,0,0,0,0
7033,0,0,0,0,0,0
7043,0,0,0,0,0,0
7051,0,0,0,0,0,0
7058,0,0,0,0,0,0
7070,0,0,0,0,0,0
7076,0,0,0,0,0,0
7087,0,0,0,0,0,0
7092,0,0,0,0,0,0
7102,0,0,0,0,0,0
7109,0,0,0,0,0,0
7117,0,0,0,0,0,0
7124,0,0,0,0,0,0
7133,0,0,0,0,0,0
7141,0,0,0,0,0,0
7149,0,0,0,0,0,0
7157,0,0,0,0,0,0
7165,0,0,0,0,0,0
7172,0,0,0,0,0,0
7181,0,0,0,0,0,0
7189,0,0,0,0,0,0
7196,0,0,0,0,0,0
7204,0,0,0,0,0,0
7212,0,0,0,0,0,0
7235,0,0,0,0,0,0
7245,0,0,0,0,0,0
7267,0,0,0,0,0,0
7276,0,0,0,0,0,0
7285,0,0,0,0,0,0
7293,0,0,0,0,0,0
7301,0,0,0,0,0,0
7309,0,0,0,0,0,0
7320,0,0,0,0,0,0
7324,0,0,0,0,0,0
7333,0,0,0,0,0,0
7341,0,1,0,0,0,0
7350,0,1,1,0,0,0
7359,0,2,1,0,0,0
7368,0,1,0,0,0,0
7376,0,0,0,0,0,0
7382,0,0,0,0,0,0
7388,0,0,0,0,0,0
7398,0,0,0,0,0,0
7403,0,0,0,0,0,0
7411,0,0,0,0,0,0
7419,0,0,0,0,0,0
7428,0,0,0,0,0,0
7436,0,0,0,0,0,0
7445,0,0,0,0,0,0
7454,0,0,0,0,0,0
7462,0,0,0,0,0,0
7469,0,0,0,0,0,0
7477,0,0,0,0,0,0
7485,0,0,0,0,0,0
7493,0,0,0,0,0,0
7501,0,0,0,0,0,0
7510,0,0,0,0,0,0
7518,0,0,0,0,0,0
7525,0,0,0,0,0,0
7530,0,0,1,0,0,0
7542,0,0,0,0,0,0
7547,0,0,0,0,0,0
7555,0,0,0,0,0,0
7563,0,0,0,0,0,0
7571,0,0,0,0,0,0
7579,0,0,0,0,0,0
7589,0,0,0,0,0,0
7597,0,0,0,0,0,0
7606,0,0,0,0,0,0
7614,0,0,0,0,0,0
7649,0,0,0,0,0,0
7661,0,0,0,0,0,0
7666,0,0,0,0,0,0
7676,0,0,0,0,0,0
7682,0,0,0,0,0,0
7690,0,0,0,0,0,0
7698,0,0,0,0,0,0
7706,0,0,0,0,0,0
7714,0,0,0,0,0,0
7722,0,0,0,0,0,0
7745,0,0,0,0,0,0
7753,0,0,0,0,0,0
7760,0,0,0,0,0,0
7769,0,0,0,0,0,0
7777,0,0,0,0,0,0
7781,0,0,0,0,0,0
7802,0,0,0,0,0,0
7811,0,0,0,0,0,0
7817,0,0,0,0,0,0
7825,0,0,0,0,0,0
7830,0,0,0,0,0,0
7839,0,0,0,0,0,0
7847,0,0,0,0,0,0
7853,0,0,0,0,0,0
7869,0,0,0,0,0,0
7877,0,0,0,0,0,0
7886,0,0,0,0,0,0
7895,0,0,0,0,0,0
7909,0,0,0,0,0,0
7928,0,0,0,0,0,0
7935,0,1,1,0,0,0
7959,0,0,0,0,0,0
7967,0,0,0,0,0,0
7975,0,0,0,0,0,0
7983,0,0,0,0,0,0
7997,0,0,0,0,0,0
8005,0,0,0,0,0,0
8012,0,0,0,0,0,0
8018,0,0,0,0,0,0
8075,0,0,0,0,0,0
8091,0,0,0,0,0,0
8138,0,0,0,0,0,0
8146,0,0,0,0,0,0
8154,0,0,0,0,0,0
8201,0,0,0,0,0,0
8209,0,0,0,0,0,0
8226,0,0,0,0,0,0
8240,0,0,0,0,0,0
8248,0,0,0,0,0,0
8256,0,0,0,0,0,0
8336,0,0,0,0,0,0
8399,0,0,0,0,0,0
8407,0,0,0,0,0,0
8415,0,0,0,0,0,0
8452,0,0,0,0,0,0
8480,0,0,0,0,0,0
8487,0,0,0,0,0,0
8550,0,0,0,0,0,0
8649,0,0,0,0,0,0
8703,0,0,0,0,0,0
8731,0,0,0,0,0,0
8755,0,0,0,0,0,0
8762,0,0,0,0,0,0
8769,0,0,0,0,0,0
8776,0,0,0,0,0,0
8783,0,0,0,0,0,0
8790,0,0,0,0,0,0
8797,0,0,0,0,0,0
8802,0,0,0,0,0,0
8810,0,0,0,0,0,0
8817,0,0,0,0,0,0
8824,0,0,0,0,0,0
8830,0,0,0,0,0,0
8836,0,0,0,0,0,0
8844,0,0,0,0,0,0
8850,0,0,0,0,0,0
8856,0,0,0,0,0,0
8863,0,0,0,0,0,0
8870,0,0,0,0,0,0
8877,0,0,0,0,0,0
8883,0,0,0,0,0,0
8890,0,0,0,0,0,0
8897,0,0,0,0,0,0
8904,0,0,0,0,0,0
8909,0,0,0,0,0,0
8916,0,0,0,0,0,0
8923,0,0,0,0,0,0
8930,0,0,0,0,0,0
8937,0,0,0,0,0,0
8944,0,0,0,0,0,0
8951,0,0,0,0,0,0
8958,0,0,0,0,0,0
8964,0,0,0,0,0,0
8970,0,0,0,0,0,0
8976,0,0,0,0,0,0
8983,0,0,0,0,0,0
8990,0,0,0,0,0,0
8997,0,0,0,0,0,0
9021,0,0,0,0,0,0
9026,0,0,0,0,0,0
9033,0,0,0,0,0,0
9040,0,0,0,0,0,0
9047,0,0,0,0,0,0
9053,0,0,0,0,0,0
9060,0,0,0,0,0,0
9067,0,0,0,0,0,0
9074,0,0,0,0,0,0
9083,0,0,0,0,0,0
9090,0,0,0,0,0,0
9097,0,0,0,0,0,0
9104,0,0,0,0,0,0
9109,0,0,0,0,0,0
9117,0,0,0,0,0,0
9124,0,0,0,0,0,0
9131,0,0,0,0,0,0
9138,0,0,0,0,0,0
9144,0,0,0,0,0,0
9150,0,0,0,0,0,0
9157,0,0,0,0,0,0
9164,0,0,0,0,0,0
9180,0,0,0,0,0,0
9194,0,0,0,0,0,0
9201,0,0,0,0,0,0
9208,0,0,0,0,0,0
9213,0,0,0,0,0,0
9219,0,0,0,0,0,0
9226,0,0,0,0,0,0
9233,0,0,0,0,0,0
9240,0,0,0,0,0,0
9247,0,0,0,0,0,0
9252,0,0,0,0,0,0
9261,0,0,0,0,0,0
9268,0,0,0,0,0,0
9275,0,0,0,0,0,0
9288,0,0,0,0,0,0
9296,0,0,0,0,0,0
9303,0,0,0,0,0,0
9309,0,0,0,0,0,0
9315,0,0,0,0,0,0
9337,0,0,0,0,0,0
9344,0,0,0,0,0,0
9351,0,0,0,0,0,0
9359,0,0,0,0,0,0
9366,0,0,0,0,0,0
9372,0,0,0,0,0,0
9379,0,0,0,0,0,0
9387,0,0,0,0,0,0
9394,0,0,0,0,0,0
9407,0,0,0,0,0,0
9425,0,0,0,0,0,0
9434,0,0,0,0,0,0
9450,0,0,0,0,0,0
9459,0,0,0,0,0,0
9470,0,0,0,0,0,0
9481,0,0,0,0,0,0
9490,0,0,0,0,0,0
9499,0,0,0,0,0,0
9515,0,0,0,0,0,0
9527,0,0,0,0,0,0
9537,0,0,0,0,0,0
9544,0,0,0,0,0,0
9551,0,0,0,0,0,0
9567,0,0,0,0,0,0
9577,0,0,0,0,0,0
9587,0,0,0,0,0,0
9599,0,0,0,0,0,0
9611,0,0,0,0,0,0
9621,0,0,0,0,0,0
9634,0,0,0,0,0,0
9643,0,0,0,0,0,0
9653,0,0,0,0,0,0
9663,0,0,0,0,0,0
9672,0,0,0,0,0,0
9681,0,0,0,0,0,0
9692,0,0,0,0,0,0
9706,0,0,0,0,0,0
9716,0,0,0,0,0,0
9725,0,0,0,0,0,0
9733,0,0,0,0,0,0
9743,0,0,0,0,0,0
9753,0,0,0,0,0,0
9762,0,0,0,0,0,0
9773,0,0,0,0,0,0
9780,0,0,0,0,0,0
9789,0,0,0,0,0,0
9797,0,0,0,0,0,0
9815,0,0,0,0,0,0
9828,0,0,0,0,0,0
9832,0,0,0,0,0,0
9846,0,0,0,0,0,0
9854,0,0,0,0,0,0
9865,0,0,0,0,0,0
9877,0,0,0,0,0,0
9885,0,0,0,0,0,0
9895,0,0,0,0,0,0
9912,0,0,0,0,0,0
9955,0,0,0,0,0,0
9963,0,0,0,0,0,0
9977,0,0,0,0,0,0
9985,0,0,0,0,0,0
9994,0,0,0,0,0,0
10002,0,0,0,0,0,0
10010,0,0,0,0,0,0
10023,0,0,0,0,0,0
10033,0,0,0,0,0,0
10040,0,0,0,0,0,0
10057,0,0,0,0,0,0
10126,0,0,0,0,0,0
10136,0,0,0,0,0,0
10161,0,0,0,0,0,0
10172,0,0,0,0,0,0
10181,0,0,0,0,0,0
10190,0,0,0,0,0,0
10199,0,0,0,0,0,0
10216,0,0,0,0,0,0
10296,0,0,0,0,0,0
10306,0,0,0,0,0,0
10316,0,0,0,0,0,0
10325,0,0,0,0,0,0
10336,0,0,0,0,0,0
10344,0,0,0,0,0,0
10353,0,0,0,0,0,0
10363,0,0,0,0,0,0
10381,0,0,0,0,0,0
10405,0,0,0,0,0,0
10414,0,0,0,0,0,0
10423,0,0,0,0,0,0
10440,0,0,0,0,0,0
10494,0,0,0,0,0,0
10504,0,0,0,0,0,0
10514,0,0,0,0,0,0
11138,0,0,0,0,0,0
11148,0,0,0,0,0,0
11157,0,0,0,0,0,0
11167,0,0,0,0,0,0
11177,0,0,0,0,0,0
11186,0,0,0,0,0,0
11197,0,0,0,0,0,0
11215,0,0,0,0,0,0
11227,0,0,0,0,0,0
11238,0,0,0,0,0,0
11248,0,0,0,0,0,0
11256,0,0,0,0,0,0
11267,0,0,0,0,0,0
11276,0,0,0,0,0,0
11287,0,0,0,0,0,0
11296,0,0,0,0,0,0
11305,0,0,0,0,0,0
11315,0,0,0,0,0,0
11325,0,0,0,0,0,0
11335,0,0,0,0,0,0
11355,0,0,0,0,0,0
11365,0,0,0,0,0,0
11376,0,0,0,0,0,0
11386,0,0,0,0,0,0
11395,0,0,0,0,0,0
11405,0,0,0,0,0,0
11414,0,0,0,0,0,0
11424,0,0,0,0,0,0
11434,0,0,0,0,0,0
11443,0,0,0,0,0,0
11453,0,0,0,0,0,0
11463,0,0,0,0,0,0
11473,0,0,0,0,0,0
11484,0,0,0,0,0,0
11496,0,0,0,0,0,0
11506,0,0,0,0,0,0
11515,0,0,0,0,0,0
11526,0,0,0,0,0,0
11535,0,0,0,0,0,0
11545,0,0,0,0,0,0
11555,0,0,0,0,0,0
11565,0,0,0,0,0,0
11576,0,0,0,0,0,0
11586,0,0,0,0,0,0
11594,0,0,0,0,0,0
11604,0,0,0,0,0,0
11611,0,0,0,0,0,0
11623,0,0,0,0,0,0
11631,0,0,0,0,0,0
11639,0,0,0,0,0,0
11648,0,0,0,0,0,0
11656,0,0,0,0,0,0
11677,0,0,0,0,0,0
11688,0,0,0,0,0,0
11694,0,0,0,0,0,0
11703,0,0,0,0,0,0
11712,0,0,0,0,0,0
11721,0,0,0,0,0,0
11733,0,0,0,0,0,0
11739,0,0,0,0,0,0
11748,0,0,0,0,0,0
11757,0,0,0,0,0,0
11765,0,0,0,0,0,0
11780,0,0,0,0,0,0
11782,0,0,0,0,0,0
11797,0,0,0,0,0,0
11803,0,0,0,0,0,0
11809,0,0,0,0,0,0
11820,0,0,0,0,0,0
11827,0,0,0,0,0,0
11839,0,0,0,0,0,0
11846,0,0,0,0,0,0
11861,0,0,0,0,0,0
11866,0,0,0,0,0,0
11871,0,0,0,0,0,0
11883,0,0,0,0,0,0
11890,0,0,0,0,0,0
11901,0,0,0,0,0,0
11925,0,0,0,0,0,0
11943,0,0,0,0,0,0
11958,0,0,0,0,0,0
11967,0,0,0,0,0,0
11973,0,0,0,0,0,0
11985,0,0,0,0,0,0
11991,0,0,0,0,0,0
11999,0,0,0,0,0,0
12014,0,0,0,0,0,0
12019,0,0,0,0,0,0
12025,0,0,0,0,0,0
12040,0,0,0,0,0,0
12046,0,0,0,0,0,0
12052,0,0,0,0,0,0
12067,0,0,0,0,0,0
12093,0,0,0,0,0,0
12100,0,0,0,0,0,0
12108,0,0,0,0,0,0
12121,0,0,0,0,0,0
12126,0,0,0,0,0,0
12134,0,0,0,0,0,0
12148,0,0,0,0,0,0
12156,0,0,0,0,0,0
12168,0,0,0,0,0,0
12195,0,0,0,0,0,0
12204,0,0,0,0,0,0
12213,0,0,0,0,0,0
12222,0,0,0,0,0,0
12231,0,0,0,0,0,0
12240,0,0,0,0,0,0
12249,0,0,0,0,0,0
12259,0,0,0,0,0,0
12271,0,0,0,0,0,0
12278,0,0,0,0,0,0
12291,0,0,0,0,0,0
12297,0,0,0,0,0,0
12303,0,0,0,0,0,0
12315,0,0,0,0,0,0
12332,0,0,0,0,0,0
12344,0,0,0,0,0,0
12351,0,0,0,0,0,0
12380,0,0,0,0,0,0
12388,0,0,0,0,0,0
12396,0,0,0,0,0,0
12418,0,0,0,0,0,0
12425,0,0,0,0,0,0
12431,0,0,0,0,0,0
12443,0,0,0,0,0,0
12450,0,0,0,0,0,0
12463,0,0,0,0,0,0
12469,0,0,0,0,0,0
12477,0,0,0,0,0,0
12481,0,0,0,0,0,0
12489,0,0,0,0,0,0
12496,0,0,0,0,0,0
12503,0,0,0,0,0,0
12511,0,0,0,0,0,0
12520,0,0,0,0,0,0
12529,0,0,0,0,0,0
12537,0,0,0,0,0,0
12545,0,0,0,0,0,0
12552,0,0,0,0,0,0
12577,0,0,0,0,0,0
12584,0,0,0,0,0,0
12591,0,0,0,0,0,0
12598,0,0,0,0,0,0
12605,0,0,0,0,0,0
12612,0,0,0,0,0,0
12618,0,0,0,0,0,0
12625,0,0,0,0,0,0
12632,0,0,0,0,0,0
12668,0,0,0,0,0,0
12685,0,0,0,0,0,0
12693,0,0,0,0,0,0
12705,0,0,0,0,0,0
12710,0,0,0,0,0,0
12720,0,0,0,0,0,0
12729,0,0,0,0,0,0
12740,0,0,0,0,0,0
12748,0,0,0,0,0,0
12753,0,0,0,0,0,0
12775,0,0,0,0,0,0
12782,0,0,0,0,0,0
12792,0,0,0,0,0,0
12796,0,0,0,0,0,0
12817,0,0,0,0,0,0
12825,0,0,0,0,0,0
12845,0,0,0,0,0,0
12852,0,0,0,0,0,0
12865,0,0,0,0,0,0
12872,0,0,0,0,0,0
12900,0,0,0,0,0,0
12907,0,0,0,0,0,0
12927,0,0,0,0,0,0
12935,0,0,0,0,0,0
12945,0,0,0,0,0,0
12956,0,0,0,0,0,0
12961,0,0,0,0,0,0
12978,0,0,0,0,0,0
12987,0,0,0,0,0,0
12997,0,0,0,0,0,0
13005,0,0,0,0,0,0
13014,0,0,0,0,0,0
13027,0,0,0,0,0,0
13035,0,0,0,0,0,0
13059,0,0,0,0,0,0
13068,0,0,0,0,0,0
13106,0,0,0,0,0,0
13113,0,0,0,0,0,0
13127,0,0,0,0,0,0
13134,0,0,0,0,0,0
13141,0,0,0,0,0,0
13147,0,0,0,0,0,0
13154,0,0,0,0,0,0
13160,0,0,0,0,0,0
13169,0,0,0,0,0,0
13178,0,0,0,0,0,0
13188,0,0,0,0,0,0
13194,0,0,0,0,0,0
13201,0,0,0,0,0,0
13208,0,0,0,0,0,0
13215,0,0,0,0,0,0
13222,0,0,0,0,0,0
13229,0,0,0,0,0,0
13237,0,0,0,0,0,0
13245,0,0,0,0,0,0
13252,0,0,0,0,0,0
13259,0,0,0,0,0,0
13268,0,0,0,0,0,0
13276,0,0,0,0,0,0
13292,0,0,0,0,0,0
13298,0,0,0,0,0,0
13305,0,0,0,0,0,0
13312,0,0,0,0,0,0
13319,0,0,0,0,0,0
13326,0,0,0,0,0,0
13333,0,0,0,0,0,0
13340,0,0,0,0,0,0
13347,0,0,0,0,0,0
13351,0,0,0,0,0,0
13358,0,0,0,0,0,0
13365,0,0,0,0,0,0
13372,0,0,0,0,0,0
13379,0,0,0,0,0,0
13386,0,0,0,0,0,0
13393,0,0,0,0,0,0
13399,0,0,0,0,0,0
13406,0,0,0,0,0,0
13414,0,0,0,0,0,0
13421,0,0,0,0,0,0
13429,0,0,0,0,0,0
13435,0,0,0,0,0,0
13442,0,0,0,0,0,0
13449,0,0,0,0,0,0
13456,0,0,0,0,0,0
13463,0,0,0,0,0,0
13470,0,0,0,0,0,0
13477,0,0,0,0,0,0
13484,0,0,0,0,0,0
13491,0,0,0,0,0,0
13499,0,0,0,0,0,0
13508,0,0,0,0,0,0
13516,0,0,0,0,0,0
13523,0,0,0,0,0,0
13530,0,0,0,0,0,0
13534,0,0,0,0,0,0
13542,0,0,0,0,0,0
13550,0,0,0,0,0,0
13557,0,0,0,0,0,0
13565,0,0,0,0,0,0
13573,0,0,0,0,0,0
13578,0,0,0,0,0,0
13587,0,1,0,0,0,0
13594,0,0,0,0,0,0
13600,0,0,0,0,0,0
13606,0,0,0,0,0,0
13613,0,0,0,0,0,0
13620,0,0,0,0,0,0
13626,0,0,0,0,0,0
13634,0,0,0,0,0,0
13641,1,4,0,0,0,5
13648,0,0,0,0,0,0
13655,0,0,0,0,0,0
13663,0,0,0,0,0,0
13670,0,0,0,0,0,0
13677,7,1,0,0,0,7
13684,0,0,0,0,0,0
13691,0,0,0,0,0,0
13698,0,0,0,0,0,0
13705,0,0,0,0,0,0
13712,0,0,0,0,0,0
13719,0,0,0,0,0,0
13726,0,0,0,0,0,0
13733,0,0,0,0,0,0
13740,0,0,0,0,0,0
13747,0,0,0,0,0,0
13754,0,0,0,0,0,0
13762,0,0,0,0,0,0
13769,0,0,0,0,0,0
13782,0,0,0,0,0,0
13794,0,0,0,0,0,0
13800,0,0,0,0,0,0
13805,0,0,0,0,0,0
13811,0,0,0,0,0,0
13817,0,0,0,0,0,0
13822,0,0,0,0,0,0
13828,0,0,0,0,0,0
13834,0,0,0,0,0,0
13839,0,0,0,0,0,0
13845,0,0,0,0,0,0
13851,0,0,0,0,0,0
13858,0,0,0,0,0,0
13864,0,0,0,0,0,0
13870,0,0,0,0,0,0
13876,0,0,0,0,0,0
13881,0,0,0,0,0,0
13886,0,0,0,0,0,0
13892,0,0,0,0,0,0
13898,0,0,0,0,0,0
13905,0,0,0,0,0,0
13911,0,2,0,0,0,0
13918,0,0,0,0,0,0
13922,0,0,0,0,0,0
13927,0,0,0,0,0,0
13931,0,0,0,0,0,0
13937,0,0,0,0,0,0
13943,0,0,0,0,0,0
13949,0,0,0,0,0,0
13955,0,0,0,0,0,0
13961,0,0,0,0,0,0
13967,0,0,0,0,0,0
13973,0,0,0,0,0,0
13979,0,0,0,0,0,0
13985,0,0,0,0,0,0
13991,0,0,0,0,0,0
13997,0,0,0,0,0,0
14003,0,0,0,0,0,0
14009,0,0,0,0,0,0
14015,0,0,0,0,0,0
14021,0,0,0,0,0,0
14027,0,0,0,0,0,0
14033,0,0,0,0,0,0
14039,0,0,0,0,0,0
14045,0,0,0,0,0,0
14051,0,0,0,0,0,0
14057,0,0,0,0,0,0
14064,0,0,0,0,0,0
14070,0,0,0,0,0,0
14076,0,0,0,0,0,0
14080,0,0,0,0,0,0
14086,0,0,0,0,0,0
14092,0,0,0,0,0,0
14098,0,0,0,0,0,0
14104,0,0,0,0,0,0
14110,0,0,0,0,0,0
14116,0,0,0,0,0,0
14122,0,0,0,0,0,0
14128,0,0,0,0,0,0
14133,0,0,0,0,0,0
14139,0,0,0,0,0,0
14145,0,1,0,1,1,0
14152,0,0,0,0,0,0
14158,0,0,0,0,0,0
14164,0,0,0,0,0,0
14170,0,0,0,0,0,0
14176,0,0,0,0,0,0
14188,0,0,0,0,0,0
14194,0,0,0,0,0,0
14201,0,0,0,0,0,0
14206,0,0,0,0,0,0
14213,0,0,0,0,0,0
14219,0,0,0,0,0,0
14225,0,0,0,0,0,0
14230,0,0,0,0,0,0
14236,0,0,0,0,0,0
14242,0,0,0,0,0,0
14248,0,0,0,0,0,0
14254,0,0,0,0,0,0
14261,0,0,0,0,0,0
14267,0,0,0,0,0,0
14278,0,0,0,0,0,0
14284,0,0,0,0,0,0
14290,0,0,0,0,0,0
14296,0,0,0,0,0,0
14301,0,0,0,0,0,0
14309,0,0,0,0,0,0
14316,0,0,2,0,0,0
14324,0,0,0,0,0,0
14329,0,0,0,0,0,0
14335,0,0,0,0,0,0
14340,0,0,0,0,0,0
14346,0,0,0,0,0,0
14354,0,0,0,0,0,0
14360,0,0,0,0,0,0
14366,0,0,0,0,0,0
14371,0,0,0,0,0,0
14377,0,0,0,0,0,0
14383,0,0,0,0,0,0
14389,0,0,0,1,0,0
14395,0,0,0,0,0,0
14401,0,0,0,0,0,0
14408,0,0,0,0,0,0
14413,0,0,0,0,0,0
14419,0,0,0,0,0,0
14431,0,0,0,0,0,0
14438,0,0,0,0,0,0
14450,0,0,0,0,0,0
14456,0,0,0,0,0,0
14462,0,0,0,0,0,0
14467,0,0,0,0,0,0
14473,0,0,0,0,0,0
14479,0,0,0,0,0,0
14484,0,0,0,0,0,0
14490,0,0,0,0,0,0
14496,0,2,0,0,0,0
14508,0,0,0,0,0,0
14520,0,0,0,0,0,0
14526,0,0,0,0,0,0
14538,0,0,0,0,0,0
14544,0,0,0,0,0,0
14576,0,0,0,0,0,0
14654,0,0,0,0,0,0
14690,0,0,0,0,0,0
14702,0,0,0,0,0,0
14707,0,0,0,0,0,0
14719,0,0,0,0,0,0
14725,0,0,0,0,0,0
14737,0,0,0,0,0,0
14742,0,0,0,0,0,0
14754,0,0,0,0,0,0
14760,0,0,0,0,0,0
14771,0,0,0,0,0,0
14789,0,0,0,0,0,0
14795,0,0,0,0,0,0
14801,0,0,0,0,0,0
14807,0,0,0,0,0,0
14813,0,0,0,0,0,0
14818,0,0,0,0,0,0
14951,0,0,0,0,0,0
14976,0,0,0,0,0,0
14986,0,0,0,0,0,0
15003,0,0,0,0,0,0
15013,0,0,0,0,0,0
15023,0,0,0,0,0,0
15048,0,0,0,0,0,0
15053,0,0,0,0,0,0
15058,0,0,0,0,0,0
16231,0,0,0,0,0,0
16241,0,0,0,0,0,0
16252,0,0,0,0,0,0
16262,0,0,0,0,0,0
16272,0,0,0,0,0,0
16280,0,0,0,0,0,0
16290,0,0,0,0,0,0
16310,0,0,0,0,0,0
16321,0,0,0,0,0,0
16330,0,0,0,0,0,0
16339,0,0,0,0,0,0
16347,0,0,0,0,0,0
16355,0,0,0,0,0,0
16371,0,0,0,0,0,0
16381,0,0,0,0,0,0
16391,0,0,0,0,0,0
16401,0,0,0,0,0,0
16410,0,0,0,0,0,0
16420,0,0,0,0,0,0
16430,0,0,0,0,0,0
16439,0,0,0,0,0,0
16448,0,0,0,0,0,0
16489,0,0,0,0,0,0
16501,0,0,0,0,0,0
16512,0,0,0,0,0,0
16522,0,0,0,0,0,0
16532,0,0,0,0,0,0
16542,0,0,0,0,0,0
16552,0,0,0,0,0,0
16564,0,0,0,0,0,0
16572,0,0,0,0,0,0
16581,0,0,0,0,0,0
16589,0,0,0,0,0,0
16605,0,0,0,0,0,0
16615,0,0,0,0,0,0
16625,0,0,0,0,0,0
16635,0,0,0,0,0,0
16645,0,0,0,0,0,0
16655,0,0,0,0,0,0
16666,0,0,0,0,0,0
16676,0,0,0,0,0,0
16686,0,0,0,0,0,0
16696,0,0,0,0,0,0
16706,0,0,0,0,0,0
16718,0,0,0,0,0,0
16731,0,0,0,0,0,0
16741,0,0,0,0,0,0
16750,0,0,0,0,0,0
22547,0,0,0,0,0,0
22557,0,0,0,0,0,0
22566,0,0,0,0,0,0
22576,0,0,0,0,0,0
22586,0,0,0,0,0,0
22625,0,0,0,0,0,0
22643,0,0,0,0,0,0
22655,0,0,0,0,0,0
22668,0,0,0,0,0,0
22675,0,0,0,0,0,0
22688,0,0,0,0,0,0
22698,0,0,0,0,0,0
22708,0,0,0,0,0,0
22718,0,0,0,0,0,0
22729,0,0,0,0,0,0
22739,0,0,0,0,0,0
22749,0,0,0,0,0,0
22758,0,0,0,0,0,0
22805,0,0,0,0,0,0
22814,0,0,0,0,0,0
22826,0,0,0,0,0,0
22833,0,0,0,0,0,0
22840,0,0,0,0,0,0
22859,0,0,0,0,0,0
22871,0,0,0,0,0,0
22882,0,0,0,0,0,0
22891,0,0,0,0,0,0
22900,0,0,0,0,0,0
22907,0,0,0,0,0,0
22923,0,0,0,0,0,0
22933,0,0,0,0,0,0
22943,0,0,0,0,0,0
22953,0,0,0,0,0,0
22977,0,0,0,0,0,0
22986,0,0,0,0,0,0
22997,0,0,0,0,0,0
23025,0,0,0,0,0,0
23044,0,0,0,0,0,0
23059,0,0,0,0,0,0
23069,0,0,0,0,0,0
23077,0,0,0,0,0,0
23105,0,0,0,0,0,0
23114,0,0,0,0,0,0
23127,0,0,0,0,0,0
23137,0,0,0,0,0,0
23147,0,0,0,0,0,0
23156,0,0,0,0,0,0
23165,0,0,0,0,0,0
23180,0,0,0,0,0,0
23216,0,0,0,0,0,0
23247,0,0,0,0,0,0
23257,0,0,0,0,0,0
23268,0,0,0,0,0,0
23311,0,0,0,0,0,0
23436,0,0,0,0,0,0
23454,0,0,0,0,0,0
23464,0,0,0,0,0,0
23474,0,0,0,0,0,0
23486,0,0,0,0,0,0
23502,0,0,0,0,0,0
23517,0,0,0,0,0,0
23526,0,0,0,0,0,0
23536,0,0,0,0,0,0
23548,0,0,0,0,0,0
23558,0,0,0,0,0,0
23733,0,0,0,0,0,0
23922,0,0,0,0,0,0
24030,0,0,0,0,0,0
24040,0,0,0,0,0,0
24050,0,0,0,0,0,0
24060,0,0,0,0,0,0
24069,0,0,0,0,0,0
24079,0,0,0,0,0,0
24094,0,0,0,0,0,0
24123,0,0,0,0,0,0
24133,0,0,0,0,0,0
24144,0,0,0,0,0,0
24153,0,0,0,0,0,0
24163,0,0,0,0,0,0
24174,0,0,0,0,0,0
24184,0,0,0,0,0,0
24195,0,0,0,0,0,0
24205,0,0,0,0,0,0
24215,0,0,0,0,0,0
24226,0,0,0,0,0,0
24235,0,0,0,0,0,0
24246,0,0,0,0,0,0
24256,0,0,0,0,0,0
24266,0,0,0,0,0,0
24275,0,0,0,0,0,0
24289,0,0,0,0,0,0
24298,0,0,0,0,0,0
24315,0,0,0,0,0,0
24325,0,0,0,0,0,0
24334,0,0,0,0,0,0
24346,0,0,0,0,0,0
24357,0,0,0,0,0,0
24367,0,0,0,0,0,0
24378,0,0,0,0,0,0
24387,0,0,0,0,0,0
24396,0,0,0,0,0,0
24408,0,0,0,0,0,0
24417,0,0,0,0,0,0
24426,0,0,0,0,0,0
24437,0,0,0,0,0,0
24447,0,0,0,0,0,0
24457,0,0,0,0,0,0
24478,0,0,0,0,0,0
24488,0,0,0,0,0,0
24497,0,0,0,0,0,0
24507,0,0,0,0,0,0
24517,0,0,0,0,0,0
24527,0,0,0,0,0,0
24538,0,0,0,0,0,0
24548,0,0,0,0,0,0
24585,0,0,0,0,0,0
24595,0,0,0,0,0,0
24622,0,0,0,0,0,0
24645,0,0,0,0,0,0
24656,0,0,0,0,0,0
24666,0,0,0,0,0,0
24677,0,0,0,0,0,0
24686,0,0,0,0,0,0
24696,0,0,0,0,0,0
24707,0,0,0,0,0,0
24716,0,0,0,0,0,0
24725,0,0,0,0,0,0
24744,0,0,0,0,0,0
24753,0,0,0,0,0,0
24765,0,0,0,0,0,0
24776,0,0,0,0,0,0
24786,0,0,0,0,0,0
24801,0,0,0,0,0,0
24811,0,0,0,0,0,0
24821,0,0,0,0,0,0
24837,0,0,0,0,0,0
24846,0,0,0,0,0,0
24855,0,0,0,0,0,0
24863,0,0,0,0,0,0
24876,0,0,0,0,0,0
24896,0,0,0,0,0,0
24907,0,0,0,0,0,0
24916,0,0,0,0,0,0
24927,0,0,0,0,0,0
24938,0,0,0,0,0,0
24947,0,0,0,0,0,0
24957,0,0,0,0,0,0
24967,0,0,0,0,0,0
24977,0,0,0,0,0,0
24987,0,0,0,0,0,0
24996,0,0,0,0,0,0
25008,0,0,0,0,0,0
25017,0,0,0,0,0,0
25027,0,0,0,0,0,0
25036,0,0,0,0,0,0
25047,0,0,0,0,0,0
25059,0,0,0,0,0,0
25069,0,0,0,0,0,0
25078,0,0,0,0,0,0
25088,0,0,0,0,0,0
25111,0,0,0,0,0,0
25121,0,0,0,0,0,0
25132,0,0,0,0,0,0
25145,0,0,0,0,0,0
25151,0,0,0,0,0,0
25162,0,0,0,0,0,0
25170,0,0,0,0,0,0
25180,0,0,0,0,0,0
25190,0,0,0,0,0,0
25200,0,0,0,0,0,0
25210,0,0,0,0,0,0
25220,0,0,0,0,0,0
25230,0,0,0,0,0,0
25240,0,0,0,0,0,0
25250,0,0,0,0,0,0
25261,0,0,0,0,0,0
25272,0,0,0,0,0,0
25284,0,0,0,0,0,0
25293,0,0,0,0,0,0
25303,0,0,0,0,0,0
25314,0,0,0,0,0,0
25325,0,0,0,0,0,0
25343,0,0,0,0,0,0
25352,0,0,0,0,0,0
25368,0,0,0,0,0,0
25376,0,0,0,0,0,0
25398,0,0,0,0,0,0
25408,0,0,0,0,0,0
25419,0,0,0,0,0,0
25429,0,0,0,0,0,0
25437,0,0,0,0,0,0
25446,0,0,0,0,0,0
25474,0,0,0,0,0,0
25513,0,0,0,0,0,0
25544,0,0,0,0,0,0
25573,0,0,0,0,0,0
25590,0,0,0,0,0,0
25621,0,0,0,0,0,0
25641,0,0,0,0,0,0
25653,0,0,0,0,0,0
25661,0,0,0,0,0,0
25675,0,0,0,0,0,0
25683,0,0,0,0,0,0
25695,0,0,0,0,0,0
25705,0,0,0,0,0,0
25715,0,0,0,0,0,0
25725,0,0,0,0,0,0
25735,0,0,0,0,0,0
25746,0,0,0,0,0,0
25756,0,0,0,0,0,0
25770,0,0,0,0,0,0
25782,0,0,0,0,0,0
25799,0,0,0,0,0,0
25814,0,0,0,0,0,0
25823,0,0,0,0,0,0
25849,0,0,0,0,0,0
25860,0,0,0,0,0,0
25871,0,0,0,0,0,0
25879,0,0,0,0,0,0
25888,0,0,0,0,0,0
25896,0,0,0,0,0,0
25904,0,0,0,0,0,0
25932,0,0,0,0,0,0
25961,0,0,0,0,0,0
25979,0,0,0,0,0,0
26030,0,0,0,0,0,0
26041,0,0,0,0,0,0
26059,0,0,0,0,0,0
26104,0,0,0,0,0,0
26118,0,0,0,0,0,0
26128,0,0,0,0,0,0
26149,0,0,0,0,0,0
26220,0,0,0,0,0,0
26239,0,0,0,0,0,0
26249,0,0,0,0,0,0
26260,0,0,0,1,1,0
26271,0,0,0,0,0,0
26281,0,0,0,0,0,0
26290,0,0,0,0,0,0
26299,0,0,0,0,0,0
26309,0,0,0,0,0,0
26321,0,0,0,0,0,0
26334,0,0,0,0,0,0
26344,0,0,0,0,0,0
26354,0,0,0,0,0,0
26364,0,0,0,0,0,0
26372,0,0,0,0,0,0
26384,0,0,0,0,0,0
26391,0,0,0,0,0,0
26402,0,0,0,0,0,0
26412,0,0,0,0,0,0
26422,0,0,0,0,0,0
26432,0,0,0,0,0,0
26441,0,0,0,0,0,0
26450,0,0,0,0,0,0
26460,0,0,0,0,0,0
26470,0,0,0,0,0,0
26479,0,0,0,0,0,0
26485,0,0,0,0,0,0
26494,0,0,0,1,1,0
26505,0,0,0,0,0,0
26516,0,0,0,0,0,0
26532,0,0,0,0,0,0
26542,0,0,0,0,0,0
26551,0,0,0,0,0,0
26561,0,0,0,0,0,0
26571,0,0,0,0,0,0
26581,0,0,0,0,0,0
26591,0,0,0,0,0,0
26602,0,0,0,0,0,0
26612,0,0,0,0,0,0
26622,0,0,0,0,0,0
26630,0,0,0,0,0,0
26641,0,0,0,0,0,0
26651,0,0,0,0,0,0
26660,0,0,0,0,0,0
26669,0,0,0,0,0,0
26679,0,0,0,0,0,0
26688,0,0,0,0,0,0
26698,0,0,0,0,0,0
26708,0,0,0,0,0,0
26718,0,2,0,0,0,0
26728,0,0,0,0,0,0
26738,0,0,0,1,1,0
26748,0,0,0,0,0,0
26759,0,0,0,0,0,0
26775,0,0,0,0,0,0
26786,0,0,0,0,0,0
26796,0,0,0,0,0,0
26805,0,0,0,0,0,0
26815,0,0,0,0,0,0
26825,0,0,0,0,0,0
26835,0,0,0,0,0,0
26845,0,0,0,0,0,0
26855,0,0,0,0,0,0
26864,0,0,0,0,0,0
26876,0,0,0,0,0,0
26886,0,0,0,0,0,0
26895,0,0,0,0,0,0
26904,0,0,0,0,0,0
26924,0,0,0,0,0,0
26935,0,0,0,0,0,0
26943,0,0,0,0,0,0
26960,0,0,0,0,0,0
26968,0,0,0,0,0,0
26976,0,0,0,0,0,0
26984,0,0,0,0,0,0
26992,0,0,0,0,0,0
27002,0,0,0,0,0,0
27012,0,0,0,0,0,0
27017,0,0,0,0,0,0
27025,0,0,0,0,0,0
27032,0,0,0,0,0,0
27038,0,0,0,0,0,0
27050,0,0,0,0,0,0
27055,0,0,0,0,0,0
27064,0,0,0,0,0,0
27072,0,0,0,0,0,0
27081,0,0,0,0,0,0
27086,0,0,0,0,0,0
27095,0,0,0,0,0,0
27103,0,0,0,0,0,0
27111,0,0,0,0,0,0
27118,0,0,0,0,0,0
27127,0,0,0,0,0,0
27135,0,0,0,0,0,0
27144,0,0,0,0,0,0
27152,0,0,0,0,0,0
27160,0,0,0,0,0,0
27168,0,0,0,0,0,0
27176,0,0,0,0,0,0
27184,0,0,0,0,0,0
27192,0,0,0,0,0,0
27201,0,0,0,0,0,0
27209,0,0,0,0,0,0
27217,0,0,0,0,0,0
27225,0,0,0,0,0,0
27233,0,0,0,0,0,0
27241,0,0,0,0,0,0
27249,0,1,1,0,0,0
27257,0,0,0,0,0,0
27265,0,0,0,0,0,0
27270,0,0,0,0,0,0
27279,0,0,0,0,0,0
27289,0,0,0,0,0,0
27300,0,0,0,0,0,0
27308,0,0,0,0,0,0
27317,0,0,0,0,0,0
27324,0,0,0,0,0,0
27330,0,0,2,0,0,0
27341,0,0,0,0,0,0
27349,0,0,0,0,0,0
27359,0,0,0,0,0,0
27365,0,0,0,0,0,0
27375,0,1,1,0,0,0
27396,0,0,0,0,0,0
27407,0,0,0,0,0,0
27416,0,0,0,0,0,0
27429,0,0,1,0,0,0
27442,0,0,0,0,0,0
27449,0,0,0,0,0,0
27462,0,0,0,0,0,0
27472,0,0,0,0,0,0
27482,0,0,0,0,0,0
27491,0,0,0,0,0,0
27498,0,0,0,0,0,0
27505,0,0,0,0,0,0
27519,0,2,0,0,0,0
27529,0,0,0,0,0,0
27540,0,0,0,0,0,0
27550,0,0,0,0,0,0
27560,0,0,0,0,0,0
27570,0,0,0,0,0,0
27580,0,0,0,0,0,0
27590,0,0,0,0,0,0
27600,0,1,2,0,0,0
27613,0,0,0,0,0,0
27621,0,0,0,0,0,0
27631,0,0,0,0,0,0
27642,0,0,0,0,0,0
27651,0,0,0,0,0,0
27673,0,0,0,0,0,0
27685,0,0,0,0,0,0
27692,0,0,0,0,0,0
27725,0,0,0,0,0,0
27734,0,0,0,0,0,0
27759,0,0,0,0,0,0
27769,0,0,0,0,0,0
27801,0,0,0,0,0,0
27811,0,0,0,0,0,0
27820,0,0,0,0,0,0
27830,0,0,0,0,0,0
27838,0,0,0,0,0,0
27846,0,0,0,0,0,0
27857,0,0,0,0,0,0
27868,0,0,0,0,0,0
27878,0,0,0,0,0,0
27889,0,0,0,0,0,0
27910,0,0,0,0,0,0
27919,0,0,0,0,0,0
27925,0,0,0,0,0,0
27941,0,0,0,0,0,0
27985,0,0,0,0,0,0
28017,0,0,0,0,0,0
28047,0,0,0,0,0,0
28062,0,0,0,0,0,0
28072,0,0,0,0,0,0
28080,0,0,0,0,0,0
28090,0,0,0,0,0,0
28099,0,0,0,0,0,0
28110,0,0,0,0,0,0
28127,0,0,0,0,0,0
28147,0,0,0,0,0,0
28161,0,0,0,0,0,0
28181,0,0,0,0,0,0
28197,0,0,0,0,0,0
28247,0,0,0,0,0,0
28265,0,0,0,0,0,0
28359,0,0,0,0,0,0
28369,0,0,0,0,0,0
28379,0,0,0,0,0,0
28389,0,0,0,0,0,0
28399,0,0,0,0,0,0
28409,0,0,0,0,0,0
28440,0,0,0,0,0,0
28452,0,0,0,2,2,0
28504,0,0,0,0,0,0
28513,0,0,0,0,0,0
28525,0,0,0,0,0,0
28534,0,0,0,0,0,0
28543,0,0,0,0,0,0
28554,0,0,0,0,0,0
28564,0,0,0,0,0,0
28572,0,0,0,0,0,0
28582,0,0,0,0,0,0
28603,0,0,0,0,0,0
28613,0,0,0,0,0,0
28623,0,0,0,0,0,0
28632,0,0,0,0,0,0
28640,0,0,0,0,0,0
28650,0,0,0,0,0,0
28659,0,0,0,0,0,0
28667,0,0,0,0,0,0
28679,0,0,0,0,0,0
28685,0,0,0,0,0,0
28696,0,0,0,2,2,0
28708,0,0,0,0,0,0
28715,0,0,0,0,0,0
28735,0,0,0,0,0,0
28740,0,0,0,0,0,0
28752,0,0,0,0,0,0
28757,0,0,0,0,0,0
28772,0,0,0,0,0,0
28780,0,0,0,0,0,0
28789,0,0,0,0,0,0
28797,0,0,0,0,0,0
28805,0,0,0,0,0,0
28816,0,0,0,0,0,0
28823,0,0,0,0,0,0
28831,0,0,0,0,0,0
28840,0,0,0,0,0,0
28857,0,0,0,0,0,0
28865,0,0,0,0,0,0
28877,0,0,0,0,0,0
28885,0,0,0,0,0,0
28893,0,0,0,0,0,0
28903,0,0,0,0,0,0
28910,0,0,0,0,0,0
28924,0,0,0,1,1,0
28931,0,0,0,1,1,0
28941,0,0,0,2,1,0
28951,0,0,0,0,0,0
28958,0,0,0,0,0,0
28966,0,0,0,0,0,0
28978,0,0,0,0,0,0
28986,0,0,0,0,0,0
28993,0,0,0,0,0,0
29003,0,0,0,0,0,0
29011,0,0,0,0,0,0
29019,0,0,0,0,0,0
29026,0,0,0,0,0,0
29037,0,0,0,0,0,0
29044,0,0,0,0,0,0
29053,0,0,0,0,0,0
29065,0,0,0,0,0,0
29075,0,0,0,0,0,0
29093,0,0,0,0,0,0
29117,0,0,0,0,0,0
29127,0,0,0,0,0,0
29137,0,0,0,0,0,0
29147,0,0,0,0,0,0
29157,0,0,0,0,0,0
29167,0,0,0,0,0,0
29203,0,0,0,0,0,0
29226,0,0,0,0,0,0
29244,0,0,0,0,0,0
29254,0,0,0,0,0,0
29264,0,0,0,0,0,0
29273,0,0,0,0,0,0
29282,0,0,0,0,0,0
29292,0,0,0,0,0,0
29301,0,0,0,0,0,0
29311,0,0,0,0,0,0
29321,0,0,0,0,0,0
29331,0,0,0,0,0,0
29341,0,0,0,0,0,0
29351,0,0,0,0,0,0
29361,0,0,0,0,0,0
29371,0,0,0,0,0,0
29381,0,0,0,0,0,0
29394,0,0,0,0,0,0
29399,0,0,0,0,0,0
29448,0,0,0,0,0,0
29460,0,0,0,0,0,0
29485,0,0,0,0,0,0
29495,0,0,0,0,0,0
29507,0,0,0,0,0,0
29517,0,0,0,0,0,0
29527,0,0,0,0,0,0
29535,0,0,0,0,0,0
29543,0,0,0,0,0,0
29553,0,0,0,0,0,0
29563,0,0,0,0,0,0
29583,0,0,0,0,0,0
29593,0,0,0,0,0,0
29603,0,0,0,0,0,0
29613,0,0,0,0,0,0
29623,0,0,0,0,0,0
29633,0,0,0,0,0,0
29643,0,0,0,0,0,0
29653,0,0,0,0,0,0
29663,0,0,0,0,1,0
29701,0,0,0,0,0,0
29712,0,0,0,0,0,0
29729,0,0,0,0,0,0
29740,0,0,0,0,0,0
29749,0,0,0,0,0,0
29756,0,0,0,0,0,0
29781,0,0,0,0,0,0
29791,0,0,0,0,0,0
29804,0,0,0,0,0,0
29811,0,0,0,0,0,0
29822,0,0,0,0,0,0
29835,0,0,0,0,0,0
29844,0,0,0,0,0,0
29854,0,0,0,0,0,0
29864,0,0,0,0,0,0
29874,0,0,0,0,0,0
29884,0,0,0,0,0,0
29902,0,0,0,0,0,0
29910,0,0,0,0,0,0
29957,0,0,0,0,0,0
29981,0,0,0,0,0,0
29997,0,0,0,0,0,0
30024,0,0,0,0,0,0
30033,0,0,0,0,0,0
30043,0,0,0,0,0,0
30083,0,0,0,0,0,0
30113,0,0,0,0,0,0
30125,0,0,0,0,0,0
30141,0,0,0,0,0,0
30186,0,0,0,0,0,0
30196,0,0,0,0,0,0
30206,0,0,0,0,0,0
30234,0,0,0,0,0,0
30276,0,0,0,0,0,0
30286,0,0,0,0,0,0
30315,0,0,0,0,0,0
30334,0,0,0,0,0,0
30396,0,0,0,0,0,0
30442,0,0,0,0,0,0
30546,0,0,0,0,0,0
30556,0,0,0,0,0,0
30566,0,0,0,0,0,0
30628,0,0,0,0,0,0
30638,0,0,0,0,0,0
30648,0,0,0,0,0,0
30658,0,0,0,0,0,0
30678,0,0,0,0,0,0
30702,0,0,0,0,0,0
30711,0,0,0,0,0,0
30728,0,0,0,0,0,0
30740,0,0,0,0,0,0
30750,0,0,0,0,0,0
30760,0,0,0,0,0,0
30769,0,0,0,0,0,0
30778,0,0,0,0,0,0
30788,0,0,0,0,0,0
30808,0,0,0,0,0,0
30818,0,0,0,0,0,0
30828,0,0,0,0,0,0
30838,0,0,0,0,0,0
30847,0,0,0,0,0,0
30858,0,0,0,0,0,0
30868,0,0,0,0,1,0
30880,0,0,0,2,0,0
30893,0,0,0,0,0,0
30909,0,0,0,0,0,0
30919,0,0,0,0,0,0
30929,0,0,0,0,0,0
30940,0,0,0,0,0,0
30951,0,0,0,0,0,0
30960,0,0,0,0,0,0
30973,0,0,0,0,0,0
30981,0,0,0,0,0,0
30993,0,0,0,0,0,0
31003,0,0,0,0,0,0
31013,0,0,0,0,0,0
31047,0,0,0,0,0,0
31055,0,0,0,0,0,0
31065,0,0,0,0,0,0
31074,0,0,0,0,0,0
31085,0,0,0,0,0,0
31095,0,0,0,0,0,0
31117,0,0,0,1,1,0
31127,0,0,0,1,1,0
31137,0,0,0,0,0,0
31156,0,0,0,0,0,0
31166,0,0,0,0,0,0
31188,0,0,0,0,0,0
31198,0,0,0,0,0,0
31205,0,0,0,0,0,0
31216,0,0,0,0,0,0
31226,0,0,0,0,0,0
31237,0,0,0,0,0,0
31247,0,0,0,0,0,0
31257,0,0,0,0,0,0
31277,0,0,0,0,0,0
31287,0,0,0,0,0,0
31296,0,0,0,0,0,0
31306,0,0,0,0,0,0
31316,0,0,0,0,0,0
31329,0,0,0,0,0,0
31339,0,0,0,0,0,0
31350,0,0,0,0,0,0
31361,0,0,0,0,0,0
31382,0,0,0,0,0,0
31398,0,0,0,0,0,0
31409,0,0,0,0,0,0
31418,0,0,0,0,0,0
31426,0,0,0,0,0,0
31435,0,0,0,0,0,0
31445,0,0,0,0,0,0
31455,0,0,0,0,0,0
31464,0,0,0,0,0,0
31474,0,0,0,0,0,0
31485,0,0,0,0,0,0
31494,0,0,0,0,0,0
31504,0,0,0,0,0,0
31524,0,0,0,0,0,0
31533,0,0,0,0,0,0
31544,0,0,0,0,0,0
31554,0,0,0,0,0,0
31564,0,0,0,0,0,0
31574,0,0,0,0,0,0
31585,0,0,0,0,0,0
31594,0,0,0,0,0,0
31605,0,0,0,0,0,0
31615,0,0,0,0,0,0
31626,0,0,0,0,0,0
31656,0,0,0,0,0,0
31690,0,0,0,0,0,0
31701,0,0,0,0,0,0
31711,0,0,0,0,0,0
31723,0,0,0,0,0,0
31731,0,0,0,0,0,0
31741,0,0,0,0,0,0
31751,0,0,0,0,0,0
31761,0,0,0,0,0,0
31770,0,0,0,0,0,0
31779,0,0,0,0,0,0
31789,0,0,0,0,0,0
31800,0,0,0,0,0,0
31807,0,0,0,0,0,0
31816,0,0,0,0,0,0
31831,0,0,0,0,0,0
31838,0,0,0,0,0,0
31850,0,0,0,0,0,0
31855,0,0,0,0,0,0
31868,0,0,0,0,0,0
31876,0,0,0,0,0,0
31884,0,0,0,0,0,0
31891,0,0,0,0,0,0
31902,0,0,0,0,0,0
31910,0,0,0,0,0,0
31922,0,0,0,0,0,0
31931,0,0,0,0,0,0
31940,0,0,0,0,0,0
31949,0,0,0,0,0,0
31956,0,0,0,0,0,0
31961,0,0,0,0,0,0
31976,0,0,0,0,0,0
31983,0,0,0,0,0,0
31989,0,0,0,0,0,0
31996,0,0,0,0,0,0
32016,0,0,0,0,0,0
32023,0,0,0,0,0,0
32034,0,0,0,0,0,0
32043,0,0,0,0,0,0
32050,0,0,0,0,0,0
32063,0,0,0,0,0,0
32069,0,0,0,0,0,0
32092,0,0,0,0,0,0
32119,0,0,0,0,0,0
32133,0,0,0,0,0,0
32147,0,0,0,0,0,0
32154,0,0,0,0,0,0
32160,0,0,0,0,0,0
32169,0,0,0,0,0,0
32177,0,0,0,0,0,0
32191,0,0,0,0,0,0
32200,0,0,0,0,0,0
32207,0,0,0,0,0,0
32213,0,0,0,0,0,0
32228,0,0,0,0,0,0
32234,0,0,0,0,0,0
32250,0,0,0,0,0,0
32257,0,0,0,0,0,0
32268,0,0,0,0,0,0
32274,0,0,0,0,0,0
32286,0,0,0,0,0,0
32293,0,0,0,0,0,0
32305,0,0,0,0,0,0
32310,0,0,0,0,0,0
32341,0,0,0,0,0,0
32360,0,0,0,0,0,0
32379,0,0,0,0,0,0
32385,0,0,0,0,0,0
32433,0,0,0,0,0,0
32450,0,0,0,0,0,0
32456,0,0,0,0,0,0
32470,0,0,0,0,0,0
32477,0,0,0,0,0,0
32484,0,0,0,0,0,0
32499,0,0,0,0,0,0
32510,0,0,0,0,0,0
32528,0,0,0,0,0,0
32540,0,0,0,0,0,0
32544,0,0,0,0,0,0
32554,0,0,0,0,0,0
32592,0,0,0,0,0,0
32602,0,0,0,0,0,0
32611,0,0,0,0,0,0
32622,0,0,0,0,0,0
32627,0,0,0,0,0,0
32644,0,0,0,0,0,0
32653,0,0,0,0,0,0
32664,0,0,0,0,0,0
32673,0,0,0,0,0,0
32679,0,0,0,0,0,0
32692,0,0,0,0,0,0
32698,0,0,0,0,0,0
32719,0,0,0,0,0,0
32725,0,0,0,0,0,0
32753,0,0,0,0,0,0
32764,0,0,0,0,0,0
32774,0,0,0,0,0,0
32780,0,0,0,0,0,0
32789,0,0,0,0,0,0
32797,0,0,0,0,0,0
32806,0,0,0,0,0,0
32814,0,0,0,1,1,0
32824,0,0,0,0,0,0
32831,0,0,0,0,0,0
32839,0,0,0,0,0,0
32847,4,6,0,0,0,8
32854,0,0,0,0,0,0
32861,0,0,0,0,0,0
32871,0,0,0,0,0,0
32880,0,0,0,0,0,0
32890,0,0,0,0,0,0
32896,0,0,0,0,0,0
32906,0,0,0,0,0,0
32916,0,0,0,0,0,0
32923,0,0,0,0,0,0
32932,0,0,0,0,0,0
32943,0,0,0,0,0,0
32949,0,0,0,0,0,0
32957,0,0,0,0,0,0
32965,0,0,0,0,0,0
32973,0,0,0,0,0,0
32981,0,0,0,0,0,0
32989,0,0,0,0,0,0
32995,0,0,0,0,0,0
33002,0,0,0,0,0,0
33010,0,0,0,0,0,0
33018,0,0,0,0,0,0
33026,0,0,0,0,0,0
33034,0,0,0,0,0,0
33042,0,0,0,0,0,0
33051,0,0,0,2,2,0
33058,0,0,0,0,1,0
33066,0,0,0,0,1,0
33075,3,0,0,0,0,3
33087,0,0,0,0,0,0
33102,3,0,0,0,0,3
33112,0,0,0,0,0,0
33119,0,0,0,0,0,0
33127,0,0,0,0,0,0
33135,0,0,0,0,0,0
33143,0,0,0,0,0,0
33151,0,0,0,0,0,0
33159,0,0,0,0,0,0
33165,0,0,0,0,0,0
33173,0,0,0,0,0,0
33181,0,0,0,0,0,0
33189,0,2,0,0,0,1
33197,0,0,0,0,0,0
33205,0,0,0,0,0,0
33213,0,0,0,0,0,0
33239,0,0,0,0,0,0
33245,0,0,0,0,0,0
33253,0,0,0,0,0,0
33261,0,0,0,0,0,0
33269,0,0,0,0,0,0
33277,0,0,0,0,0,0
33285,0,0,0,0,0,0
33292,0,0,0,0,0,0
33300,3,3,0,1,1,3
33309,1,2,0,1,2,1
33319,0,0,0,0,0,0
33326,0,0,0,0,0,0
33334,0,0,0,0,0,0
33342,7,1,0,0,0,6
33350,0,0,0,0,0,0
33358,0,0,0,0,0,0
33366,2,0,0,0,0,0
33377,0,0,0,0,0,0
33384,0,0,0,0,0,0
33389,0,0,0,0,0,0
33397,0,0,0,0,0,0
33405,0,0,0,0,0,0
33413,0,0,0,0,0,0
33421,0,0,0,0,0,0
33429,0,0,0,0,0,0
33437,0,0,0,0,0,0
33447,0,0,0,0,0,0
33470,0,0,0,0,0,0
33478,0,0,0,0,0,0
33486,0,0,0,0,0,0
33494,0,0,0,0,0,0
33502,0,0,0,0,0,0
33510,0,0,0,0,0,0
33517,0,0,0,0,0,0
33526,0,0,0,0,0,0
33533,0,0,0,0,0,0
33540,0,0,0,0,0,0
33547,0,0,0,0,0,0
33554,0,0,0,0,0,0
33561,0,0,0,0,0,0
33571,0,0,0,0,0,0
33579,0,0,0,0,0,0
33587,0,0,0,0,0,0
33594,0,1,0,0,0,0
33602,0,0,0,0,0,0
33607,0,0,0,0,0,0
33616,0,0,0,0,0,0
33623,0,0,0,0,0,0
33630,0,0,0,0,0,0
33637,0,0,0,0,0,0
33644,0,0,0,0,0,0
33651,0,0,0,0,0,0
33658,0,0,0,0,0,0
33665,0,0,0,0,0,0
33672,0,0,0,0,0,0
33679,0,0,0,0,0,0
33686,0,0,0,0,0,0
33693,0,0,0,0,0,0
33700,0,0,0,0,0,0
33707,0,0,0,0,0,0
33715,0,0,0,0,0,0
33722,0,0,0,0,0,0
33728,0,0,0,0,0,0
33735,0,0,0,0,0,0
33744,0,0,0,0,0,0
33753,0,0,0,0,0,0
33760,0,0,0,0,0,0
33767,0,0,0,0,0,0
33774,0,0,0,0,0,0
33780,0,0,0,0,1,0
33785,0,0,0,0,0,0
33792,0,0,0,1,1,0
33799,0,0,0,1,1,0
33806,0,0,0,0,0,0
33815,0,0,0,0,0,0
33823,0,0,0,0,0,0
33831,0,0,0,0,0,0
33839,0,0,0,0,0,0
33846,0,2,0,1,0,1
33854,0,0,0,0,0,0
33860,0,0,0,0,0,0
33866,0,0,0,0,0,0
33873,0,0,0,0,0,0
33880,0,0,0,0,0,0
33887,0,0,0,0,0,0
33894,0,0,0,0,0,0
33900,0,0,1,0,0,0
33908,0,0,0,0,0,0
33914,0,0,0,0,0,0
33922,0,0,0,0,0,0
33929,0,0,0,0,0,0
33938,0,0,0,0,0,0
33945,0,0,0,0,0,0
33952,0,0,0,0,0,0
33958,0,0,0,0,0,0
33965,0,0,0,0,0,0
33971,0,0,0,0,0,0
33978,0,0,0,0,0,0
33985,0,0,0,0,0,0
33992,0,0,0,0,0,0
34002,0,0,0,0,0,0
34007,0,0,0,0,0,0
34013,0,0,0,0,0,0
34020,0,0,0,0,2,0
34027,0,0,0,0,0,0
34034,0,0,0,2,1,0
34041,0,0,0,2,3,0
34048,0,0,0,0,0,0
34057,0,0,0,0,0,0
34065,0,0,0,0,0,0
34073,0,0,0,0,0,0
34080,0,1,0,2,1,0
34087,0,0,0,0,0,0
34093,0,0,0,0,0,0
34102,0,0,0,0,0,0
34109,0,0,0,0,0,0
34116,0,0,0,0,0,0
34123,0,0,0,1,0,0
34130,0,0,0,0,0,0
34137,0,0,0,0,0,0
34144,0,0,0,0,0,0
34151,0,0,0,0,0,0
34158,0,0,0,0,0,0
34165,0,0,0,0,0,0
34172,0,0,0,0,0,0
34179,0,1,0,0,0,0
34187,0,0,0,0,0,0
34194,0,0,0,0,0,0
34201,0,0,0,0,0,0
34208,0,0,0,0,0,0
34214,0,0,0,0,0,0
34221,0,0,0,0,0,0
34230,0,0,0,0,0,0
34237,0,0,0,0,0,0
34242,0,0,1,0,0,0
34250,0,0,0,0,0,0
34258,0,0,0,0,0,0
34292,0,0,0,0,0,0
34299,0,0,0,0,0,0
34313,0,0,0,0,0,0
34326,0,0,0,0,0,0
34348,0,0,0,0,0,0
34355,0,0,0,0,0,0
34363,0,0,0,0,0,0
34378,0,0,0,0,0,0
34384,0,0,0,0,0,0
34391,0,0,0,0,0,0
34398,0,0,0,0,0,0
34412,0,0,0,0,0,0
34419,0,0,0,0,0,0
34424,0,0,0,0,0,0
34438,0,0,0,0,0,0
34445,0,0,0,0,0,0
34452,0,0,0,0,0,0
34459,0,0,0,0,0,0
34466,0,0,0,0,0,0
34473,0,0,0,0,0,0
34480,0,0,0,0,0,0
34486,0,0,0,0,0,0
34493,0,0,0,0,0,0
34500,0,0,0,0,0,0
34535,0,0,0,0,0,0
34564,0,0,0,0,0,0
34598,0,0,0,0,0,0
34617,0,0,0,0,0,0
34624,0,0,0,0,0,0
34646,0,0,0,0,0,0
34653,0,0,0,0,0,0
34660,0,0,0,0,0,0
34667,0,0,0,0,0,0
34672,0,0,0,0,0,0
34679,0,0,0,0,0,0
34699,0,0,0,0,0,0
34706,0,0,0,0,0,0
34713,0,0,0,0,0,0
34739,0,0,0,0,0,0
34814,0,0,0,0,0,0
34840,0,0,0,0,0,0
34858,0,0,0,0,0,0
34876,0,0,0,0,0,0
34888,0,0,0,0,0,0
34894,0,0,0,0,0,0
34905,0,0,0,0,0,0
34911,0,0,0,0,0,0
34930,0,0,0,0,0,0
34948,0,0,0,0,0,0
34960,0,0,0,0,0,0
34966,0,0,0,0,0,0
34970,0,0,0,0,0,0
34976,0,0,0,0,0,0
34995,0,0,0,0,0,0
35001,0,0,0,0,1,0
35008,0,0,0,0,0,0
35014,0,0,0,1,0,0
35019,0,0,0,0,0,0
35026,0,0,0,0,0,0
35031,0,0,0,0,0,0
35037,0,0,0,0,0,0
35044,0,0,0,0,0,0
35050,0,0,0,0,0,0
35062,0,0,0,0,0,0
35069,0,0,0,0,0,0
35073,0,0,0,0,0,0
35078,0,0,0,0,0,0
35084,0,0,0,0,0,0
35091,0,0,0,0,0,0
35097,0,0,0,0,0,0
35102,0,0,0,0,0,0
35109,0,0,0,0,0,0
35115,0,0,0,0,0,0
35121,0,0,0,0,0,0
35126,0,0,0,0,0,0
35132,0,0,0,0,0,0
35140,0,0,0,0,0,0
35145,0,0,0,0,0,0
35152,0,0,0,0,0,0
35158,0,0,0,0,0,0
35169,0,0,0,0,0,0
35175,0,0,0,0,0,0
35187,0,0,0,0,0,0
35193,0,0,0,0,0,0
35200,0,0,0,0,0,0
35205,0,0,0,0,0,0
35211,0,0,0,0,0,0
35217,0,0,0,0,0,0
35223,0,0,0,0,0,0
35229,0,0,0,0,0,0
35234,0,0,0,0,0,0
35240,0,0,0,0,0,0
35249,0,0,0,0,1,0
35256,0,0,0,2,2,0
35268,0,0,0,0,0,0
35274,0,0,0,0,0,0
35288,0,0,0,0,0,0
35294,0,0,0,0,0,0
35298,0,0,0,0,0,0
35306,0,0,0,0,0,0
35312,0,0,0,0,0,0
35318,0,0,0,0,0,0
35324,0,0,0,0,0,0
35330,0,0,0,0,0,0
35336,0,0,0,0,0,0
35343,0,0,0,0,0,0
35348,0,0,0,0,0,0
35354,0,0,0,0,0,0
35363,0,0,0,0,0,0
35369,0,0,0,0,0,0
35375,0,0,0,0,0,0
35381,0,0,0,0,0,0
35389,0,0,0,0,0,0
35394,0,0,0,0,0,0
35400,0,0,0,0,0,0
35405,0,0,0,0,0,0
35411,0,0,0,0,0,0
35422,0,0,0,0,0,0
35428,0,0,0,0,0,0
35443,0,0,0,0,0,0
35448,0,0,0,0,0,0
35454,0,0,0,0,0,0
35467,0,0,0,0,0,0
35474,0,0,0,0,0,0
35479,0,0,0,0,1,0
35491,0,0,0,1,2,0
35512,0,0,0,0,0,0
35518,0,0,0,0,0,0
35531,0,0,0,0,0,0
35536,0,0,0,0,0,0
35543,0,0,0,0,0,0
35549,0,0,0,0,0,0
35555,0,0,0,0,0,0
35561,0,0,0,0,0,0
35567,0,0,0,0,0,0
35574,0,0,0,0,0,0
35580,0,0,0,0,0,0
35586,0,0,0,0,0,0
35592,0,0,0,0,0,0
35598,0,0,0,0,0,0
35603,0,0,0,0,0,0
35609,0,0,0,0,0,0
35615,0,0,0,0,0,0
35622,0,0,0,0,0,0
35629,0,0,0,0,0,0
35635,0,0,0,0,0,0
35653,0,0,0,0,0,0
35664,0,0,0,0,0,0
35670,0,0,0,0,0,0
35675,0,0,0,0,0,0
35681,0,0,0,0,0,0
35687,0,0,0,0,0,0
35700,0,0,0,0,0,0
35706,0,0,0,0,0,0
35718,0,0,0,0,0,0
35724,0,0,0,0,0,0
35729,0,0,0,0,0,0
35735,0,0,0,0,0,0
35742,0,0,0,0,0,0
35755,0,0,0,0,0,0
35761,0,0,0,0,0,0
35774,0,0,0,0,0,0
35780,0,0,0,0,0,0
35788,0,0,0,0,0,0
35799,0,0,0,0,0,0
35807,0,0,0,0,0,0
35810,0,0,0,0,0,0
35814,0,0,0,0,0,0
35822,0,0,0,0,0,0
35827,0,0,0,0,0,0
35833,0,0,0,0,0,0
35839,0,0,0,0,0,0
35845,0,0,0,0,0,0
35852,0,0,0,0,0,0
35858,0,0,0,0,0,0
35864,0,0,0,0,0,0
35870,0,0,0,0,0,0
35876,0,0,0,0,0,0
35883,0,0,0,0,0,0
35890,0,0,0,0,0,0
35896,0,0,0,0,0,0
35901,0,0,0,0,0,0
35909,0,0,0,0,0,0
35915,0,0,0,0,0,0
35921,0,0,0,0,0,0
35927,0,0,0,0,0,0
35932,0,0,0,0,0,0
35937,0,0,0,0,0,0
35941,0,0,0,0,0,0
35947,0,0,0,0,0,0
35953,0,0,0,0,0,0
35959,0,0,0,0,0,0
35971,0,0,0,1,1,0
35977,0,0,0,0,0,0
35989,0,0,0,0,0,0
35995,0,0,0,0,0,0
36006,0,0,0,0,0,0
36016,0,0,0,0,0,0
36022,0,0,0,0,0,0
36034,0,0,0,0,0,0
36040,0,0,0,0,0,0
36045,0,0,0,0,0,0
36051,0,0,0,0,0,0
36059,0,0,0,0,0,0
36064,0,0,0,0,0,0
36070,0,0,0,0,0,0
36076,0,0,0,0,0,0
36082,0,0,0,0,0,0
36088,0,0,0,0,0,0
36094,0,0,0,0,0,0
36100,0,0,0,0,0,0
36106,0,0,0,0,0,0
36112,0,0,0,0,0,0
36117,0,0,0,0,0,0
36123,0,0,0,0,0,0
36129,0,0,0,0,0,0
36135,0,0,0,0,0,0
36141,0,0,0,0,0,0
36147,0,0,0,0,0,0
36153,0,0,0,0,0,0
36159,0,0,0,0,0,0
36165,0,0,0,0,0,0
36170,0,0,0,0,0,0
36176,0,0,0,0,0,0
36182,0,0,0,0,0,0
36188,0,0,0,0,0,0
36194,0,0,0,0,0,0
36200,0,0,0,0,0,0
36206,0,0,0,0,0,0
36212,0,0,0,1,1,0
36224,0,0,0,2,1,0
36230,0,0,0,0,0,0
36236,0,0,0,0,0,0
36249,0,0,0,2,1,0
36255,0,0,0,0,0,0
36260,0,0,0,0,0,0
36266,0,0,0,0,0,0
36273,0,0,0,0,0,0
36277,0,0,0,0,0,0
36283,0,0,0,0,0,0
36288,0,0,0,0,0,0
36294,0,0,0,0,0,0
36300,0,0,0,0,0,0
36306,0,0,0,0,0,0
36312,0,0,0,0,0,0
36318,0,0,0,0,0,0
36324,0,0,0,0,0,0
36330,0,0,0,0,0,0
36336,0,0,0,0,0,0
36342,0,0,0,0,0,0
36348,0,0,0,0,0,0
36354,0,0,0,0,0,0
36361,0,0,0,0,0,0
36367,0,0,0,0,0,0
36373,0,0,0,0,0,0
36379,0,0,0,0,0,0
36391,0,0,0,0,0,0
36396,0,0,0,0,0,0
36408,0,0,0,0,0,0
36414,0,0,0,0,0,0
36419,0,0,0,0,0,0
36425,0,0,0,0,0,0
36431,0,0,0,0,0,0
36437,0,0,0,0,0,0
36444,0,0,0,0,0,0
36449,0,0,0,0,0,0
36462,0,0,0,0,0,0
36488,0,0,0,0,0,0
36497,0,0,0,0,0,0
36510,0,0,0,0,0,0
36516,0,0,0,0,0,0
36520,0,0,0,0,0,0
36526,0,0,0,0,0,0
36532,0,0,0,0,0,0
36542,0,0,0,0,0,0
36554,0,0,0,0,0,0
36558,0,0,0,0,0,0
36564,0,0,0,0,0,0
36570,0,0,0,0,0,0
36576,0,0,0,0,0,0
36588,0,0,0,0,0,0
36594,0,0,0,0,0,0
36601,0,0,0,0,0,0
36607,0,0,0,0,0,0
36612,0,0,0,0,0,0
36626,0,0,0,0,0,0
36632,0,0,0,0,0,0
36644,0,0,0,0,0,0
36650,0,0,0,0,0,0
36656,0,0,0,0,0,0
36660,0,0,0,0,0,0
36666,0,0,0,0,0,0
36671,0,0,0,0,0,0
36675,0,0,0,0,0,0
36681,0,0,0,0,0,0
36687,0,0,0,0,0,0
36693,0,0,0,0,0,0
36707,0,0,0,0,0,0
36715,0,0,0,0,0,0
36721,0,0,0,0,0,0
36730,0,0,0,0,0,0
36742,0,0,0,0,0,0
36748,0,0,0,0,0,0
36761,0,0,0,0,0,0
36767,0,0,0,0,0,0
36773,0,0,0,0,0,0
36779,0,0,0,0,0,0
36785,0,0,0,0,0,0
36797,0,0,0,0,0,0
36803,0,0,0,0,0,0
36813,0,0,0,0,0,0
36823,0,0,0,0,0,0
36829,0,0,0,0,0,0
36841,0,0,0,0,0,0
36847,0,0,0,0,0,0
36853,0,0,0,0,0,0
36859,0,0,0,0,0,0
36865,0,0,0,0,0,0
36875,0,0,0,0,0,0
36887,0,0,0,0,0,0
36893,0,0,0,0,0,0
36900,0,0,0,0,0,0
36912,0,0,0,0,0,0
36920,0,0,0,0,0,0
36930,0,0,0,0,0,0
36946,0,0,0,0,0,0
36966,0,0,0,0,0,0
36974,0,0,0,0,0,0
36981,0,0,0,0,0,0
36993,0,0,0,0,0,0
37004,0,0,0,0,0,0
37010,0,0,0,0,0,0
37026,0,0,0,0,0,0
37038,0,0,0,0,0,0
37044,0,0,0,0,0,0
37056,0,0,0,0,0,0
37062,0,0,0,0,0,0
37074,0,0,0,0,0,0
37080,0,0,0,0,0,0
37092,0,0,0,0,0,0
37098,0,0,0,0,0,0
37108,0,0,0,0,0,0
37118,0,0,0,0,0,0
37127,0,0,0,0,0,0
37147,0,0,0,0,0,0
37152,0,0,0,0,0,0
37156,0,0,0,0,0,0
37161,0,0,0,0,0,0
37164,0,0,0,0,0,0
37189,0,0,0,0,0,0
37195,0,0,0,0,0,0
37200,0,0,0,2,2,0
37205,0,0,0,0,0,0
37211,0,0,0,0,0,0
37221,0,0,0,0,0,0
37226,0,0,0,0,0,0
37231,0,0,0,0,0,0
37236,0,0,0,0,0,0
37241,0,0,0,0,0,0
37246,0,0,0,0,0,0
37257,0,0,0,0,0,0
37267,0,0,0,0,0,0
37271,0,0,0,0,0,0
37278,0,0,0,0,0,0
37283,0,0,0,0,0,0
37288,0,0,0,0,0,0
37293,0,0,0,0,0,0
37301,0,0,0,0,0,0
37307,0,0,0,0,0,0
37312,0,0,0,0,0,0
37317,0,0,0,0,0,0
37321,0,0,0,0,0,0
37326,0,0,0,0,0,0
37331,0,0,0,0,0,0
37336,0,0,0,0,0,0
37339,0,0,0,0,0,0
37345,0,0,0,0,0,0
37349,0,0,0,0,0,0
37355,0,0,0,0,0,0
37365,0,0,0,0,0,0
37370,0,0,0,0,0,0
37375,0,0,0,0,0,0
37380,0,0,0,0,0,0
37385,0,0,0,0,0,0
37390,0,0,0,0,0,0
37400,0,0,0,0,0,0
37405,0,0,0,0,0,0
37410,0,0,0,0,0,0
37415,0,0,0,0,0,0
37420,0,0,0,0,0,0
37425,0,0,0,0,1,0
37430,0,0,0,0,0,0
37436,0,0,0,0,0,0
37444,0,0,0,2,2,0
37454,0,0,0,0,0,0
37465,0,0,0,0,0,0
37469,0,0,0,0,0,0
37474,0,0,0,0,0,0
37479,0,0,0,0,0,0
37484,0,0,0,0,0,0
37490,0,0,0,0,0,0
37500,0,0,0,0,0,0
37505,0,0,0,0,0,0
37511,0,0,0,0,0,0
37516,0,0,0,0,0,0
37521,0,0,0,0,0,0
37526,0,0,0,0,0,0
37531,0,0,0,0,0,0
37537,0,0,0,0,0,0
37542,0,0,0,0,0,0
37546,0,0,0,0,0,0
37551,0,0,0,0,0,0
37556,0,0,0,0,0,0
37561,0,0,0,0,0,0
37565,0,0,0,0,0,0
37570,0,0,0,0,0,0
37575,0,0,0,0,0,0
37582,0,0,0,0,0,0
37587,0,0,0,0,0,0
37591,0,0,0,0,0,0
37596,0,0,0,0,0,0
37601,0,0,0,0,0,0
37606,0,0,0,0,0,0
37616,0,0,0,0,0,0
37621,0,0,0,0,0,0
37626,0,0,0,0,0,0
37631,0,0,0,0,0,0
37637,0,0,0,0,0,0
37640,0,0,0,0,0,0
37645,0,0,0,0,0,0
37650,0,0,0,0,0,0
37655,0,0,0,0,0,0
37660,0,0,0,0,0,0
37677,0,0,0,2,2,0
37682,0,0,0,0,1,0
37699,0,0,0,0,0,0
37704,0,0,0,0,0,0
37708,0,0,0,0,0,0
37713,0,0,0,0,0,0
37718,0,0,0,0,0,0
37723,0,0,0,0,0,0
37728,0,0,0,0,0,0
37734,0,0,0,0,0,0
37743,0,0,0,0,0,0
37748,0,0,0,0,0,0
37753,0,0,0,0,0,0
37758,0,0,0,0,0,0
37762,0,0,0,0,0,0
37768,0,0,0,0,0,0
37772,0,0,0,0,0,0
37777,0,0,0,0,0,0
37788,0,0,0,0,0,0
37792,0,0,0,0,0,0
37798,0,0,0,0,0,0
37807,0,0,0,0,0,0
37813,0,0,0,0,0,0
37818,0,0,0,0,0,0
37824,0,0,0,0,0,0
37835,0,0,0,0,0,0
37840,0,0,0,0,0,0
37849,0,0,0,0,0,0
37860,0,0,0,0,0,0
37871,0,0,0,0,0,0
37876,0,0,0,0,0,0
37886,0,0,0,0,0,0
37891,0,0,0,0,0,0
37896,0,0,0,0,0,0
37908,0,0,0,0,0,0
37914,0,0,0,0,0,0
37917,0,0,0,0,0,0
37922,0,0,0,0,0,0
37930,0,0,0,0,0,0
37935,0,0,0,0,0,0
37940,0,0,0,0,0,0
37949,0,0,0,0,0,0
37961,0,0,0,0,0,0
37966,0,0,0,0,0,0
37970,0,0,0,0,0,0
37975,0,0,0,0,0,0
37979,0,0,0,0,0,0
37984,0,0,0,0,0,0
37989,0,0,0,0,0,0
38002,0,0,0,0,0,0
38007,0,0,0,0,0,0
38013,0,0,0,0,0,0
38021,0,0,0,0,0,0
38028,0,0,0,0,0,0
38032,0,0,0,0,0,0
38037,0,0,0,0,0,0
38042,0,0,0,0,0,0
38047,0,0,0,0,0,0
38052,0,0,0,0,0,0
38057,0,0,0,0,0,0
38062,0,0,0,0,0,0
38067,0,0,0,0,0,0
38072,0,0,0,0,0,0
38077,0,0,0,0,0,0
38082,0,0,0,0,0,0
38087,0,0,0,0,0,0
38092,0,0,0,0,0,0
38097,0,0,0,0,0,0
38102,0,0,0,0,0,0
38107,0,0,0,0,0,0
38112,0,0,0,0,0,0
38117,0,0,0,0,0,0
38122,0,0,0,0,0,0
38127,0,0,0,0,0,0
38131,0,0,0,0,0,0
38136,0,0,0,0,0,0
38139,0,0,0,0,0,0
38144,0,0,0,0,0,0
38151,0,0,0,0,0,0
38158,0,0,0,0,0,0
38160,0,0,0,0,0,0
38167,0,0,0,0,0,0
38174,0,0,0,0,0,0
38185,0,0,0,0,0,0
38190,0,0,0,0,0,0
38195,0,0,0,0,0,0
38200,0,0,0,0,0,0
38205,0,0,0,0,0,0
38211,0,0,0,0,0,0
38215,0,0,0,0,0,0
38221,0,0,0,0,0,0
38230,0,0,0,0,0,0
38240,0,0,0,0,0,0
38245,0,0,0,0,0,0
38250,0,0,0,0,0,0
38255,0,0,0,0,0,0
38261,0,0,0,0,0,0
38267,0,0,0,0,0,0
38272,0,0,0,0,0,0
38277,0,0,0,0,0,0
38282,0,0,0,0,0,0
38287,0,0,0,0,0,0
38293,0,0,0,0,0,0
38298,0,0,0,0,0,0
38303,0,0,0,0,0,0
38308,0,0,0,0,0,0
38313,0,0,0,0,0,0
43780,0,0,0,0,0,0
43809,0,0,0,0,0,0
43821,0,0,0,0,0,0
43834,0,0,0,0,0,0
43840,0,0,0,0,0,0
43851,0,0,0,0,0,0
43860,0,0,0,0,0,0
43872,0,0,0,0,0,0
43879,0,0,0,0,0,0
43888,0,0,0,0,0,0
43898,0,0,0,0,0,0
43910,0,0,0,0,0,0
43930,0,0,0,0,0,0
43940,0,0,0,0,0,0
43951,0,0,0,0,0,0
43961,0,0,0,0,0,0
43967,0,0,0,0,0,0
43980,0,0,0,0,0,0
43990,0,0,0,1,1,0
44044,0,0,0,0,0,0
44054,0,0,0,0,0,0
44067,0,0,0,0,0,0
44076,0,0,0,0,0,0
44086,0,0,0,0,0,0
44095,0,0,0,0,0,0
44105,0,0,0,0,0,0
44115,0,0,0,0,0,0
44125,0,0,0,0,0,0
44135,0,0,0,0,0,0
44165,0,0,0,0,0,0
44174,0,0,0,0,0,0
44182,0,0,0,0,0,0
44192,0,0,0,0,0,0
44201,0,0,0,0,0,0
44209,0,0,0,0,0,0
44219,0,0,0,0,0,0
44267,0,0,0,0,0,0
44274,0,0,0,0,0,0
44286,0,0,0,0,0,0
44295,0,0,0,0,0,0
44302,0,0,0,0,0,0
44311,0,0,0,0,0,0
44328,0,0,0,0,0,0
44338,0,0,0,0,0,0
44347,0,0,0,0,0,0
44355,0,0,0,0,0,0
44364,0,0,0,0,0,0
44373,0,0,0,0,0,0
44382,0,0,0,0,0,0
44391,0,0,0,0,0,0
44399,0,0,0,0,0,0
44419,0,0,0,0,0,0
44428,0,0,0,0,0,0
44435,0,0,0,0,0,0
44445,0,0,0,0,0,0
44453,0,0,0,0,0,0
44461,0,0,0,0,0,0
44472,0,0,0,0,0,0
44482,0,0,0,0,0,0
44490,0,0,0,0,0,0
44499,0,0,0,0,0,0
44508,0,0,0,0,0,0
44517,0,0,0,0,0,0
44526,0,0,0,0,0,0
44535,0,0,0,0,0,0
44544,0,0,0,0,0,0
44556,0,0,0,0,0,0
44563,0,0,0,0,0,0
44571,0,0,0,0,0,0
44595,0,0,0,0,0,0
44603,0,0,0,0,0,0
44611,0,0,0,0,0,0
44619,0,0,0,0,0,0
44625,0,0,0,0,0,0
44634,0,0,0,0,0,0
44648,0,0,0,0,0,0
44656,0,0,0,0,0,0
44664,0,0,0,0,0,0
44672,0,0,0,0,0,0
44680,0,0,0,0,0,0
44685,0,0,0,0,0,0
44694,0,0,0,0,0,0
44702,0,0,0,0,0,0
44710,0,0,0,0,0,0
44718,0,0,0,0,0,0
44725,0,0,0,0,0,0
44734,0,0,0,0,0,0
44745,0,0,0,0,0,0
44783,0,0,0,0,0,0
44791,0,0,0,0,0,0
44796,0,0,0,0,0,0
44804,0,0,0,0,0,0
44814,0,0,0,0,0,0
44823,0,0,0,0,0,0
44838,0,0,0,0,0,0
44847,0,0,0,0,0,0
44856,0,0,0,0,0,0
44864,0,0,0,0,0,0
44872,0,0,0,0,0,0
44880,0,0,0,0,0,0
44897,0,0,0,0,0,0
44905,0,0,0,0,0,0
44910,0,0,0,0,0,0
44918,0,0,0,0,0,0
44926,0,0,0,0,0,0
44934,0,0,0,0,0,0
44942,0,0,0,0,0,0
44950,0,0,0,0,0,0
44958,0,0,0,0,0,0
44978,0,0,0,0,0,0
44989,0,0,0,0,0,0
44995,0,0,0,0,0,0
45004,0,0,0,0,0,0
45012,0,0,0,0,0,0
45021,0,0,0,0,0,0
45035,0,0,0,0,0,0
45044,0,0,0,0,0,0
45052,0,0,0,0,0,0
45060,0,0,0,0,0,0
45067,0,0,0,0,0,0
45075,0,0,0,0,0,0
45082,0,0,0,0,0,0
45091,0,0,0,0,0,0
45101,0,0,0,0,0,0
45113,0,0,0,0,0,0
45127,0,0,0,0,0,0
45137,0,0,0,0,0,0
45146,0,0,0,0,0,0
45155,0,0,0,0,0,0
45164,0,0,0,0,0,0
45173,0,0,0,0,0,0
45184,0,0,0,0,0,0
45189,0,0,0,0,0,0
45205,0,0,0,0,0,0
45215,0,0,0,0,0,0
45224,0,0,0,0,0,0
45266,0,0,0,0,0,0
45282,0,0,0,0,0,0
45303,0,0,0,0,0,0
45309,0,0,0,0,0,0
45322,0,0,0,0,0,0
45330,0,0,0,0,0,0
45338,0,0,0,0,0,0
45358,0,0,0,0,0,0
45367,0,0,0,0,0,0
45375,0,0,0,0,0,0
45380,0,0,0,0,0,0
45389,0,0,0,0,0,0
45398,0,0,0,0,0,0
45405,0,0,0,0,0,0
45414,0,0,0,0,0,0
45422,0,0,0,0,0,0
45430,0,0,0,0,0,0
45438,0,0,0,0,0,0
45454,0,0,0,0,0,0
45462,0,0,0,0,0,0
45501,0,0,0,0,0,0
45533,0,0,0,0,0,0
45543,0,0,0,0,0,0
45549,0,0,0,0,0,0
45563,0,0,0,0,0,0
45569,0,0,0,0,0,0
45578,0,0,0,0,0,0
45588,0,0,0,0,0,0
45593,0,0,0,0,0,0
45624,0,0,0,0,0,0
45631,0,0,0,0,0,0
45640,0,0,0,0,0,0
45649,0,0,0,0,0,0
45658,0,0,0,0,0,0
45673,0,0,0,0,0,0
45681,0,0,0,0,0,0
45695,0,0,0,0,0,0
45723,0,0,0,0,0,0
45735,0,0,0,0,0,0
45764,0,0,0,0,0,0
45777,0,0,0,0,0,0
45806,0,0,0,0,0,0
45813,0,0,0,0,0,0
45834,0,0,0,0,0,0
45842,0,0,0,0,0,0
45847,0,0,0,0,0,0
45858,0,0,0,0,0,0
45864,0,0,0,0,0,0
45896,0,0,0,0,0,0
45903,0,0,0,0,0,0
45911,0,0,0,0,0,0
45918,0,0,0,0,0,0
45934,0,0,0,2,2,0
45942,0,0,0,2,2,0
45950,0,0,0,1,1,0
45958,0,0,0,0,0,0
45966,0,0,0,0,0,0
45973,0,0,0,0,0,0
45982,0,0,0,0,0,0
45989,0,0,0,0,0,0
45997,0,0,0,0,0,0
46005,7,0,0,0,0,5
46012,0,0,0,0,0,0
46018,0,0,0,0,0,0
46028,0,0,0,0,0,0
46038,0,0,0,0,0,0
46044,0,0,0,0,0,0
46052,0,0,0,0,0,0
46060,0,0,0,0,0,0
46067,0,0,0,0,0,0
46076,0,0,0,0,0,0
46084,0,0,0,0,0,0
46106,0,0,0,0,0,0
46113,0,0,0,0,0,0
46120,0,0,0,0,0,0
46127,0,0,0,0,0,0
46141,0,0,0,0,0,0
46148,0,0,0,0,0,0
46155,0,0,0,0,0,0
46162,0,0,0,0,0,0
46169,0,0,0,0,0,0
46176,0,0,0,3,2,0
46183,0,0,0,1,2,0
46195,0,0,0,4,3,0
46200,0,0,0,0,0,0
46210,0,0,0,0,0,0
46216,0,0,0,0,0,0
46222,0,0,0,0,0,0
46228,0,0,0,0,0,0
46236,0,0,0,0,0,0
46243,0,0,0,0,0,0
46250,0,0,0,0,0,0
46257,0,0,0,0,0,0
46264,0,0,0,0,0,0
46271,0,0,0,0,0,0
46279,0,0,0,0,0,0
46286,0,0,0,0,0,0
46293,0,0,0,0,0,0
46300,0,0,0,0,0,0
46307,0,0,0,0,0,0
46314,0,0,0,0,0,0
46321,0,0,0,0,0,0
46327,0,0,0,0,0,0
46348,0,0,0,0,0,0
46355,0,0,0,0,0,0
46362,0,0,0,0,0,0
46375,0,0,0,0,0,0
46382,0,0,0,0,0,0
46391,0,0,0,0,0,0
46398,0,0,0,0,0,0
46405,0,0,0,0,0,0
46412,0,0,0,0,0,0
46419,0,0,0,4,4,0
46423,0,0,0,1,1,0
46430,0,0,0,5,4,0
46437,2,5,0,5,3,4
46445,0,0,0,0,0,0
46458,3,0,0,0,0,3
46466,0,0,0,0,0,0
46473,13,1,0,0,0,8
46479,4,0,0,0,0,2
46486,0,0,0,0,0,0
46493,0,0,0,0,0,0
46500,0,0,0,0,0,0
46507,0,0,0,0,0,0
46514,0,0,0,0,0,0
46523,0,0,0,0,0,0
46530,0,0,0,0,0,0
46537,0,0,0,0,0,0
46544,0,0,0,0,0,0
46551,0,0,0,0,0,0
46557,0,0,0,0,0,0
46565,0,0,0,0,0,0
46571,0,0,0,0,0,0
46578,0,0,0,0,0,0
46583,0,0,0,0,0,0
46590,0,0,0,0,0,0
46596,0,0,0,0,0,0
46601,0,0,0,1,0,0
46607,0,0,0,0,0,0
46626,0,0,0,0,0,0
46632,0,0,0,0,0,0
46638,0,0,0,0,0,0
46644,0,0,0,0,0,0
46650,0,0,0,0,0,0
46656,0,0,0,0,0,0
46662,0,0,0,0,0,0
46668,0,0,0,1,2,0
46680,0,0,0,0,1,0
46686,0,0,0,0,0,0
46690,0,0,0,0,0,0
46697,0,0,0,0,0,0
46703,0,0,0,0,0,0
46710,0,0,0,0,0,0
46716,0,3,0,0,0,2
46723,0,0,0,0,0,0
46727,0,0,0,0,0,0
46733,0,0,0,0,0,0
46739,0,0,0,0,0,0
46743,0,0,0,0,0,0
46749,0,0,0,0,0,0
46755,0,0,0,0,0,0
46761,0,0,0,0,0,0
46768,0,0,0,0,0,0
46774,0,0,0,0,0,0
46781,0,0,0,0,0,0
46785,0,0,0,0,0,0
46791,0,0,0,0,0,0
46797,0,1,0,0,0,0
46803,0,0,0,0,0,0
46809,0,0,0,0,0,0
46815,0,0,0,0,0,0
46821,0,0,0,0,0,0
46827,0,0,0,0,0,0
46833,0,0,0,0,0,0
46839,0,0,0,0,0,0
46845,0,0,0,0,0,0
46851,0,0,0,0,0,0
46857,0,0,0,0,0,0
46864,0,0,0,0,0,0
46870,0,0,0,0,0,0
46877,0,0,0,0,0,0
46882,0,0,0,0,0,0
46888,0,0,0,0,0,0
46894,0,0,0,0,0,0
46900,0,0,0,0,2,0
46907,0,0,0,0,0,0
46913,0,0,0,2,2,0
46919,0,0,0,0,1,0
46925,0,0,0,0,1,0
46930,0,0,0,0,0,0
46936,0,0,0,0,0,0
46943,0,0,0,0,0,0
46949,0,0,0,0,0,0
46955,0,0,0,0,0,0
46963,0,0,0,0,0,0
46972,0,0,0,0,0,0
46979,0,0,0,0,0,0
46985,0,0,0,0,0,0
46989,0,0,0,0,0,0
46996,0,0,0,0,0,0
47002,0,0,0,0,0,0
47008,0,0,0,0,0,0
47015,0,0,0,0,0,0
47020,0,0,0,0,0,0
47026,0,0,0,0,0,0
47032,0,0,0,0,0,0
47038,0,0,0,0,0,0
47044,0,0,0,0,0,0
47050,0,0,0,0,0,0
47056,0,0,0,0,0,0
47061,0,0,0,0,0,0
47067,0,0,0,0,0,0
47073,0,0,0,0,0,0
47079,0,0,0,0,0,0
47085,0,0,0,0,0,0
47091,0,0,0,0,0,0
47097,0,0,0,0,0,0
47103,0,0,1,0,0,0
47109,0,0,0,0,0,0
47115,0,0,0,0,0,0
47121,0,0,2,0,0,0
47127,0,0,0,0,0,0
47133,0,0,0,0,0,0
47141,0,0,0,0,0,0
47146,0,0,0,1,1,0
47152,0,0,0,1,3,0
47159,0,0,0,0,0,0
47165,0,0,0,2,2,0
47171,0,0,0,0,0,0
47177,0,0,0,0,0,0
47182,0,0,0,0,0,0
47189,0,0,0,0,0,0
47194,0,0,0,1,0,0
47199,0,0,0,0,0,0
47203,0,0,1,1,1,0
47208,0,0,0,0,0,0
47214,0,0,0,0,0,0
47220,0,2,0,3,2,2
47226,0,0,0,0,0,0
47232,0,0,0,0,0,0
47238,0,0,0,0,0,0
47244,0,0,0,1,0,0
47250,0,0,0,0,0,0
47256,0,0,2,0,0,0
47262,0,0,0,0,0,0
47268,0,0,0,0,0,0
47274,0,0,0,0,0,0
47280,0,0,0,0,0,0
47286,0,0,0,0,0,0
47290,0,0,0,0,0,0
47296,0,0,0,0,0,0
47302,0,0,0,0,0,0
47308,0,0,0,0,0,0
47314,0,0,0,0,0,0
47320,0,0,0,0,0,0
47326,0,0,0,1,1,0
47332,0,0,0,0,0,0
47338,0,0,0,0,0,0
47344,0,0,0,0,0,0
47350,0,0,0,0,0,0
47356,0,0,0,0,0,0
47362,0,0,0,0,0,0
47368,0,0,0,0,0,0
47374,0,0,0,0,0,0
47380,0,0,0,0,0,0
47386,0,0,0,0,0,0
47392,0,0,0,0,0,0
47397,0,0,0,0,0,0
47403,0,0,0,0,0,0
47429,0,0,0,0,0,0
47434,0,0,0,0,0,0
47440,0,0,0,0,0,0
47445,0,0,0,0,0,0
47452,0,0,0,0,0,0
47458,0,0,0,0,0,0
47464,0,0,0,0,0,0
47470,0,0,0,0,0,0
47475,0,0,0,0,0,0
47482,0,0,0,0,0,0
47494,0,0,0,0,0,0
47501,0,0,0,0,0,0
47507,0,0,0,0,0,0
47512,0,0,0,0,0,0
47518,0,0,0,0,0,0
47524,0,0,0,0,0,0
47530,0,0,0,0,0,0
47535,0,0,0,0,0,0
47543,0,0,0,0,0,0
47549,0,0,0,0,0,0
47554,0,0,0,0,0,0
47561,0,0,0,0,0,0
47567,0,0,0,0,0,0
47573,0,0,0,0,0,0
47579,0,0,0,0,0,0
47585,0,0,0,0,0,0
47597,0,0,0,0,0,0
47603,0,0,0,0,0,0
47609,0,0,0,0,0,0
47615,0,0,0,0,0,0
47621,0,0,0,0,0,0
47627,0,0,0,0,0,0
47633,0,0,0,0,0,0
47645,0,0,0,0,0,0
47650,0,0,0,0,0,0
47663,0,0,0,0,0,0
47669,0,0,0,0,0,0
47673,0,0,0,0,0,0
47679,0,0,0,0,0,0
47687,0,0,0,0,0,0
47693,0,0,0,0,0,0
47698,0,0,0,0,0,0
47705,0,0,0,0,0,0
47711,0,0,0,0,0,0
47717,0,0,0,0,0,0
47723,0,0,0,0,0,0
47729,0,0,0,0,0,0
47735,0,0,0,0,0,0
47741,0,0,0,0,0,0
47747,0,0,0,0,0,0
47759,0,0,0,0,0,0
47765,0,0,0,0,0,0
47776,0,0,0,0,0,0
47782,0,0,0,0,0,0
47795,0,0,0,0,0,0
47801,0,0,0,0,0,0
47813,0,0,0,0,0,0
47819,0,0,0,0,0,0
47831,0,0,0,0,0,0
47837,0,0,0,0,0,0
47843,0,0,0,0,0,0
47850,0,0,1,0,0,0
47856,0,0,0,0,0,0
47862,0,0,0,0,0,0
47868,0,0,0,0,0,0
47874,0,0,0,0,0,0
47880,0,0,0,0,0,0
47886,0,0,0,0,0,0
47892,0,0,0,0,0,0
47898,0,0,0,0,0,0
47904,0,0,0,0,0,0
47910,0,0,0,0,0,0
47914,0,0,0,0,0,0
47922,0,0,0,0,0,0
47928,0,0,0,0,0,0
47934,0,0,0,0,0,0
47939,0,0,0,0,0,0
47944,0,0,0,0,0,0
47950,0,0,1,0,0,0
47964,0,0,0,0,0,0
47970,0,0,0,0,0,0
47976,0,0,0,0,0,0
47982,0,0,0,0,0,0
47988,0,0,0,0,0,0
47992,0,0,0,0,0,0
47998,0,0,0,0,0,0
48004,0,0,0,0,0,0
48009,0,0,0,0,0,0
48015,0,0,0,0,0,0
48021,0,0,1,0,0,0
48028,0,0,0,0,0,0
48034,0,0,0,0,0,0
48046,0,0,0,0,0,0
48053,0,0,0,0,0,0
48073,0,0,0,0,0,0
48079,0,0,0,0,0,0
48085,0,0,0,0,0,0
48090,0,0,0,0,0,0
48098,0,0,0,0,0,0
48103,0,0,0,0,0,0
48109,0,0,0,0,0,0
48116,0,0,0,0,0,0
48122,0,0,0,0,0,0
48128,0,0,0,1,1,0
48139,0,0,0,2,1,0
48144,0,0,0,0,0,0
48157,0,0,0,0,0,0
48163,0,0,0,0,0,0
48175,0,0,0,0,0,0
48181,0,0,0,0,0,0
48193,0,0,0,0,0,0
48200,0,0,0,0,0,0
48207,0,0,0,0,0,0
48211,0,0,0,0,0,0
48217,0,0,0,0,0,0
48223,0,0,0,0,0,0
48229,0,0,0,0,0,0
48235,0,0,0,0,0,0
48241,0,0,0,0,0,0
48247,0,0,0,0,0,0
48253,0,0,0,0,0,0
48259,0,0,0,0,0,0
48264,0,0,0,0,0,0
48270,0,0,0,0,0,0
48282,0,0,0,0,0,0
48288,0,0,0,0,0,0
48293,0,0,0,0,0,0
48299,0,0,0,0,0,0
48305,0,0,0,0,0,0
48309,0,0,0,0,0,0
48315,0,0,0,0,0,0
48327,0,0,0,0,0,0
48333,0,0,0,0,0,0
48339,0,0,0,0,0,0
48344,0,0,0,0,0,0
48350,0,0,0,0,0,0
48364,0,0,0,4,3,0
48370,0,0,0,1,2,0
48376,0,0,0,1,1,0
48382,0,0,0,2,2,0
48389,0,0,0,0,0,0
48400,0,0,0,2,0,0
48407,0,0,0,0,0,0
48417,0,0,0,0,0,0
48423,0,0,0,0,0,0
48429,0,0,0,0,0,0
48438,0,0,0,0,0,0
48443,0,0,0,0,0,0
48448,0,0,0,0,0,0
48455,0,0,0,0,0,0
48461,0,0,0,0,0,0
48467,0,0,0,0,0,0
48475,0,0,0,0,0,0
48481,0,0,0,0,0,0
48487,0,0,0,0,0,0
48492,0,0,0,0,0,0
48498,0,0,0,0,0,0
48505,0,0,0,0,0,0
48510,0,0,0,0,0,0
48517,0,0,0,0,0,0
48523,0,0,0,0,0,0
48527,0,0,0,0,0,0
48533,0,0,0,0,0,0
48552,0,0,0,0,0,0
48558,0,0,0,0,0,0
48570,0,0,0,0,0,0
48576,0,0,0,0,0,0
48581,0,0,0,0,0,0
48587,0,0,0,0,0,0
48593,0,0,0,0,0,0
48599,0,0,0,0,0,0
48605,0,0,0,1,2,0
48612,0,0,0,1,2,0
48618,0,2,0,0,2,0
48630,0,0,0,1,0,0
48636,0,0,0,0,0,0
48644,0,0,0,0,1,0
48650,0,0,0,0,0,0
48655,0,0,0,0,0,0
48660,0,0,0,0,0,0
48666,0,0,0,0,0,0
48672,0,0,0,0,0,0
48680,0,0,0,0,0,0
48686,0,0,0,0,0,0
48692,0,0,0,0,0,0
48698,0,0,0,0,0,0
48703,0,0,0,0,0,0
48709,0,0,0,0,0,0
48715,0,0,0,0,0,0
48721,0,0,0,0,0,0
48726,0,0,0,0,0,0
48733,0,0,0,0,0,0
48739,0,0,0,0,0,0
48745,0,0,0,0,0,0
48750,0,0,0,0,0,0
48757,0,0,0,0,0,0
48774,0,0,0,0,0,0
48779,0,0,0,0,0,0
48784,0,0,0,0,0,0
48797,0,0,0,0,0,0
48802,0,0,0,0,0,0
48823,0,0,0,0,0,0
48829,0,0,0,0,0,0
48835,0,0,0,0,0,0
48840,0,0,0,0,0,0
48848,0,0,0,0,0,0
48858,0,0,0,0,0,0
48867,0,0,0,0,0,0
48877,0,0,0,0,0,0
48883,0,0,0,0,0,0
48895,0,0,0,0,0,0
48905,0,0,0,0,0,0
48911,0,0,0,0,0,0
48923,0,0,0,0,0,0
48928,0,0,0,0,0,0
48934,0,0,0,0,0,0
48940,0,0,0,0,0,0
48948,0,0,0,0,0,0
48952,0,0,0,0,0,0
48961,0,0,0,0,0,0
48967,0,0,0,0,0,0
48973,0,0,0,0,0,0
48979,0,0,0,0,0,0
48985,0,0,0,0,0,0
48991,0,0,0,0,0,0
48997,0,0,0,0,0,0
49003,0,0,0,0,0,0
49009,0,0,0,0,0,0
49015,0,0,0,0,0,0
49021,0,0,0,0,0,0
49027,0,0,0,0,0,0
49033,0,0,0,0,0,0
49039,0,0,0,0,0,0
49045,0,0,0,0,0,0
49051,0,0,0,0,0,0
49057,0,0,0,0,0,0
49063,0,0,0,0,0,0
49069,0,0,0,0,0,0
49076,0,0,0,0,0,0
49082,0,0,0,0,0,0
49093,0,0,0,2,1,0
49098,0,0,0,0,0,0
49103,0,0,0,2,2,0
49111,0,0,0,2,2,0
49116,0,0,0,0,0,0
49122,0,0,0,0,0,0
49128,0,0,0,2,1,0
49137,0,0,0,0,0,0
49143,0,0,0,0,0,0
49149,0,0,0,0,0,0
49155,0,0,0,0,0,0
49164,0,0,0,0,0,0
49169,0,0,0,0,0,0
49178,0,0,0,0,0,0
49182,0,0,0,0,0,0
49189,0,0,0,0,0,0
49194,0,0,0,0,0,0
49200,0,0,0,0,0,0
49206,0,0,0,0,0,0
49214,0,0,0,0,0,0
49219,0,0,0,0,0,0
49226,0,0,0,0,0,0
49230,0,0,0,0,0,0
49236,0,0,0,0,0,0
49242,0,0,0,0,0,0
49249,0,0,0,0,0,0
49261,0,0,0,0,0,0
49267,0,0,0,0,0,0
49273,0,0,0,0,0,0
49279,0,0,0,0,0,0
49284,0,0,0,0,0,0
49290,0,0,0,0,0,0
49296,0,0,0,0,0,0
49300,0,0,0,0,0,0
49306,0,0,0,0,0,0
49312,0,0,0,0,0,0
49318,0,0,0,0,0,0
49325,0,0,0,0,0,0
49336,0,0,0,3,3,0
49342,0,0,0,1,1,0
49353,0,0,0,3,4,0
49364,0,0,0,0,1,0
49370,0,0,0,1,1,0
49380,0,0,0,2,2,0
49391,0,0,0,0,0,0
49397,0,0,0,0,0,0
49404,0,0,0,0,0,0
49408,0,0,0,0,0,0
49414,0,0,0,0,0,0
49421,0,0,0,0,0,0
49426,0,0,0,0,0,0
49432,0,0,0,0,0,0
49437,0,0,0,0,0,0
49443,0,0,0,0,0,0
49449,0,0,0,0,0,0
49454,0,0,0,0,0,0
49460,0,0,0,0,0,0
49466,0,0,0,0,0,0
49474,0,0,0,0,0,0
49480,0,0,0,0,0,0
49486,0,0,0,0,0,0
49492,0,0,0,0,0,0
49504,0,0,0,0,0,0
49509,0,0,0,0,0,0
49521,0,0,0,0,0,0
49527,0,0,0,0,0,0
49539,0,0,0,0,0,0
49545,0,0,0,0,0,0
49557,0,0,0,0,0,0
49563,0,0,0,0,0,0
49569,0,0,0,0,0,0
49575,0,0,0,0,0,0
49586,0,0,0,0,0,0
49592,0,0,0,0,0,0
49601,0,0,0,0,0,0
49622,0,0,0,0,0,0
49640,0,0,0,0,0,0
49654,0,0,0,0,0,0
49665,0,0,0,0,0,0
49673,0,0,0,0,0,0
49703,0,0,0,0,0,0
49710,0,0,0,0,0,0
49718,0,0,0,0,0,0
49734,0,0,0,0,0,0
49744,0,0,0,0,0,0
49754,0,0,0,0,0,0
49764,0,0,0,0,0,0
49774,0,0,0,0,0,0
49784,0,0,0,0,0,0
49794,0,0,0,0,0,0
49813,0,0,0,0,0,0
49834,0,0,0,0,0,0
49845,0,0,0,0,0,0
49854,0,0,0,0,0,0
49897,0,0,0,0,0,0
49907,0,0,0,0,0,0
49918,0,0,0,0,0,0
49927,0,0,0,0,0,0
49936,0,0,0,0,0,0
49967,0,0,0,0,0,0
49977,0,0,0,0,0,0
49987,0,0,0,0,0,0
49997,0,0,0,0,0,0
50007,0,0,0,0,0,0
50027,0,0,0,0,0,0
50080,0,0,0,0,0,0
50116,0,0,0,0,0,0
50132,0,0,0,0,0,0
50148,0,0,0,0,0,0
50158,0,0,0,0,0,0
50168,0,0,0,0,0,0
50179,0,0,0,0,0,0
50189,0,0,0,0,0,0
50233,0,0,0,0,0,0
50265,0,0,0,0,0,0
50275,0,0,0,0,0,0
50286,0,0,0,0,0,0
50296,0,0,0,0,0,0
50306,0,0,0,2,1,0
50322,0,0,0,2,2,0
50332,0,0,0,0,0,0
50361,0,0,0,0,0,0
50382,0,0,0,0,0,0
50394,0,0,0,0,0,0
50404,0,0,0,0,0,0
50413,0,0,0,0,0,0
50423,0,0,0,0,0,0
50434,0,0,0,0,0,0
50441,0,0,0,0,0,0
50454,0,0,0,0,0,0
50466,0,0,0,0,0,0
50477,0,0,0,0,0,0
50487,0,0,0,0,0,0
50497,0,0,0,0,0,0
50507,0,0,0,0,0,0
50517,0,0,0,0,0,0
50527,0,0,0,0,0,0
50537,0,0,0,0,0,0
50548,0,0,0,0,0,0
50574,0,0,0,0,0,0
50584,0,0,0,0,0,0
50596,0,0,0,1,1,0
50604,0,0,0,0,0,0
50615,0,0,0,0,0,0
50626,0,0,0,0,0,0
50635,0,0,0,0,0,0
50655,0,0,0,0,0,0
50663,0,0,0,0,0,0
50675,0,0,0,0,0,0
50685,0,0,0,0,0,0
50695,0,0,0,0,0,0
50705,0,0,0,0,0,0
50745,0,0,0,0,0,0
50755,0,0,0,0,0,0
50765,0,0,0,0,0,0
50775,0,0,0,0,0,0
50785,0,0,0,0,0,0
50802,0,0,0,1,2,0
50813,0,0,0,2,2,0
50826,0,0,0,0,0,0
50836,0,0,0,0,0,0
50871,0,0,0,0,0,0
50881,0,0,0,0,0,0
50901,0,0,0,0,0,0
50911,0,0,0,0,0,0
50921,0,0,0,0,0,0
50930,0,0,0,0,0,0
50940,0,0,0,0,0,0
50961,0,0,0,0,0,0
50971,0,0,0,0,0,0
50981,0,0,0,0,0,0
50989,0,0,0,0,0,0
50999,0,0,0,0,0,0
51007,0,0,0,0,0,0
51016,0,0,0,0,0,0
51022,0,0,0,0,0,0
51061,0,0,0,0,0,0
51089,0,0,0,0,0,0
51101,0,0,0,0,0,0
51108,0,0,0,0,0,0
51123,0,0,0,0,0,0
51132,0,0,0,0,0,0
51142,0,0,0,0,0,0
51155,0,0,0,0,0,0
51164,0,0,0,0,0,0
51172,0,0,0,0,0,0
51179,0,0,0,0,0,0
51192,0,0,0,0,0,0
51201,0,0,0,0,0,0
51210,0,0,0,0,0,0
51218,0,0,0,0,0,0
51227,0,0,0,0,0,0
51236,0,0,0,0,0,0
51245,0,0,0,0,0,0
51254,0,0,0,0,0,0
51263,0,0,0,0,0,0
51272,0,0,0,0,0,0
51305,0,0,0,0,0,0
51317,0,0,0,0,0,0
51334,0,0,0,0,0,0
51340,0,0,0,0,0,0
51350,0,0,0,0,0,0
51362,0,0,0,0,0,0
51372,0,0,0,0,0,0
51384,0,0,0,0,0,0
51395,0,0,0,0,0,0
51408,0,0,0,0,0,0
51415,0,0,0,0,0,0
51422,0,0,0,0,0,0
51433,0,0,0,0,0,0
51441,0,0,0,0,0,0
51448,0,0,0,0,0,0
51456,0,0,0,0,0,0
51462,0,0,0,0,0,0
51472,0,0,0,0,0,0
51486,0,0,0,0,0,0
51491,0,0,0,0,0,0
51505,0,0,0,0,0,0
51512,0,0,0,0,0,0
51587,0,0,0,0,0,0
51596,0,0,0,0,0,0
51606,0,0,0,0,0,0
51623,0,0,0,0,0,0
51633,0,0,0,0,0,0
51643,0,0,0,0,0,0
51666,0,0,0,0,0,0
51673,0,0,0,0,0,0
51691,0,0,0,0,0,0
51700,0,0,0,0,0,0
51707,0,0,0,0,0,0
51720,0,0,0,0,0,0
51724,0,0,0,0,0,0
51738,0,0,0,0,0,0
51749,0,0,0,0,0,0
51757,0,0,0,0,0,0
51762,0,0,0,0,0,0
51780,0,0,0,0,0,0
51792,0,0,0,0,0,0
51800,0,0,0,0,0,0
51820,0,0,0,0,0,0
51826,0,0,0,0,0,0
51862,0,0,0,0,0,0
51872,0,0,0,0,0,0
51884,0,0,0,0,0,0
51893,0,0,0,0,0,0
51900,0,0,0,0,0,0
51909,0,0,0,0,0,0
51916,0,0,0,0,0,0
51936,0,0,0,0,0,0
51946,0,0,0,0,0,0
51953,0,0,0,0,0,0
51962,0,0,0,0,0,0
51968,0,0,0,0,0,0
51979,0,0,0,0,0,0
51985,0,0,0,0,0,0
51998,0,0,0,0,0,0
52008,0,0,0,0,0,0
52055,0,0,0,0,0,0
52064,0,0,0,0,0,0
52072,0,0,0,0,0,0
52080,0,0,0,0,0,0
52086,0,0,0,0,0,0
52106,0,0,0,0,0,0
52117,0,0,0,0,0,0
52125,0,0,0,0,0,0
52132,0,0,0,0,0,0
52145,0,0,0,0,0,0
52149,0,0,0,0,0,0
52157,0,0,0,0,0,0
52177,3,1,0,0,0,3
52188,0,0,0,0,0,0
52193,0,0,0,0,0,0
52206,0,0,0,0,0,0
52216,0,0,0,0,0,0
52226,0,0,0,0,0,0
52235,0,0,0,0,0,0
52244,0,0,0,0,0,0
52262,0,0,0,0,0,0
52270,0,0,0,1,1,0
52293,0,0,0,0,0,0
52314,0,0,0,0,0,0
52323,0,0,0,0,0,0
52353,0,0,0,0,0,0
52363,0,0,0,0,0,0
52378,0,0,0,0,0,0
52383,0,0,0,0,0,0
52390,0,0,0,0,0,0
52405,0,0,0,0,0,0
52417,0,0,0,0,0,0
52439,0,0,0,0,0,0
52454,0,0,0,0,0,0
52465,0,0,0,0,0,0
52484,0,0,0,0,0,0
52491,0,0,0,2,2,0
52504,0,0,0,4,3,0
52509,0,0,0,2,2,0
52521,4,4,0,0,0,8
52525,0,0,0,0,0,0
52537,0,0,0,0,0,0
52551,3,0,0,0,0,3
52567,0,0,0,0,0,0
52572,0,0,0,0,0,0
52580,0,0,0,0,0,0
52594,0,0,0,1,0,0
52603,0,0,0,0,0,0
52610,0,0,0,0,0,0
52617,0,0,0,0,0,0
52626,0,0,0,0,0,0
52633,0,0,0,0,0,0
52642,0,0,0,0,0,0
52692,0,0,0,0,0,0
52699,0,0,0,0,0,0
52706,0,0,0,0,0,0
52717,0,0,0,0,0,0
52724,0,0,0,0,0,0
52737,0,0,0,5,4,0
52757,0,0,0,3,3,0
52766,0,0,0,0,0,0
52775,0,0,0,0,1,0
52779,0,0,0,1,1,0
52790,0,0,0,0,0,0
52796,0,0,0,0,0,0
52809,5,0,0,0,0,3
52816,0,0,0,0,0,0
52824,0,0,0,0,0,0
52831,0,0,0,1,1,0
52844,0,0,0,0,0,0
52851,0,0,0,0,0,0
52861,0,0,0,0,0,0
52869,0,0,0,0,0,0
52879,0,0,0,0,0,0
52886,0,0,0,0,0,0
52897,0,0,0,0,0,0
52905,0,0,0,0,0,0
52927,0,0,0,0,0,0
52935,0,0,0,0,0,0
52942,0,0,0,0,0,0
52950,0,0,0,0,0,0
52957,0,0,0,0,0,0
52968,0,0,0,0,0,0
52975,0,0,0,0,1,0
52985,0,0,0,1,3,0
52998,1,5,0,3,3,1
53001,4,0,0,0,0,3
53015,0,0,0,0,0,0
53026,0,0,0,2,1,0
53031,4,0,0,0,0,2
53045,0,0,0,0,0,0
53049,4,0,0,0,0,2
53062,0,0,0,0,0,0
53069,0,0,0,0,1,0
53077,0,0,0,0,1,0
53088,0,0,0,0,0,0
53096,0,0,0,0,0,0
53103,0,0,0,0,0,0
53112,0,0,0,0,0,0
53119,0,0,0,0,0,0
53131,0,0,0,0,0,0
53171,0,0,0,0,0,0
53178,0,0,0,0,0,0
53185,0,0,0,0,0,0
53197,0,0,0,0,0,0
53203,0,0,0,0,0,0
53223,0,0,0,0,0,0
53229,0,0,0,0,0,0
53232,0,0,0,1,1,0
53239,0,0,0,0,0,0
53245,0,0,0,0,0,0
53258,0,0,0,0,0,0
53271,0,0,0,0,0,0
53277,0,2,0,0,0,2
53287,0,0,0,0,0,0
53292,0,0,0,0,0,0
53296,0,0,0,0,0,0
53303,0,0,0,0,0,0
53309,0,0,0,0,0,0
53315,0,0,0,0,0,0
53321,0,0,0,0,0,0
53327,0,0,0,0,0,0
53333,0,0,0,0,0,0
53339,0,0,0,0,0,0
53344,0,0,0,0,0,0
53350,0,0,0,0,0,0
53356,0,0,0,0,0,0
53361,0,0,0,0,0,0
53367,0,0,0,0,0,0
53373,0,0,0,0,0,0
53379,0,0,0,0,0,0
53385,0,0,0,0,0,0
53391,0,0,0,0,0,0
53405,0,0,0,0,0,0
53411,0,0,0,0,0,0
53417,0,0,0,0,0,0
53422,0,0,0,0,0,0
53430,0,0,0,0,0,0
53436,0,0,0,0,0,0
53442,0,0,0,0,0,0
53448,0,0,0,0,0,0
53454,0,0,0,0,0,0
53460,0,0,0,1,2,0
53466,0,0,0,2,0,0
53472,0,0,0,2,3,0
53478,0,0,0,1,1,0
53485,0,0,0,2,2,0
53491,0,0,0,0,0,0
53503,0,0,0,0,1,0
53509,0,0,0,0,0,0
53514,0,0,0,0,0,0
53520,0,4,0,0,0,4
53526,0,0,0,0,0,0
53530,0,0,0,0,0,0
53535,0,0,0,0,0,0
53539,0,0,0,0,0,0
53545,0,0,0,0,0,0
53550,0,0,0,0,0,0
53556,0,0,0,0,0,0
53562,0,0,0,0,0,0
53568,0,0,0,0,0,0
53574,0,0,0,0,0,0
53580,0,0,0,0,0,0
53586,0,0,0,0,0,0
53592,0,0,0,0,0,0
53598,0,0,0,0,0,0
53603,0,0,0,0,0,0
53609,0,0,0,0,0,0
53615,0,0,0,0,0,0
53621,0,0,0,0,0,0
53627,0,0,0,0,0,0
53633,0,0,0,0,0,0
53639,0,0,0,0,0,0
53645,0,0,0,1,1,0
53651,0,0,0,0,0,0
53656,0,0,0,0,0,0
53662,0,0,0,0,0,0
53669,0,0,0,0,0,0
53674,0,0,0,0,0,0
53680,0,0,0,0,0,0
53686,0,0,0,0,0,0
53693,0,0,0,0,0,0
53699,0,0,0,0,0,0
53705,0,0,0,1,4,0
53711,0,0,0,1,1,0
53717,0,0,0,3,3,0
53724,0,0,0,2,4,0
53729,0,0,0,2,2,0
53735,0,0,0,0,1,0
53741,0,0,0,0,0,0
53748,0,0,0,0,1,0
53754,0,2,0,1,2,2
53760,0,0,0,0,0,0
53764,0,0,0,2,1,0
53770,0,0,0,0,0,0
53774,0,0,0,0,0,0
53780,0,0,0,0,0,0
53786,0,0,0,0,0,0
53792,0,0,0,0,0,0
53798,0,0,0,1,1,0
53804,0,0,0,0,0,0
53809,0,0,0,0,0,0
53815,0,0,0,0,0,0
53820,0,0,0,0,0,0
53826,0,0,0,0,0,0
53832,0,0,0,0,0,0
53837,0,0,0,0,0,0
53844,0,1,0,0,0,0
53850,0,0,0,0,0,0
53858,0,0,0,0,0,0
53864,0,0,0,0,0,0
53870,0,0,0,0,0,0
53876,0,0,0,0,0,0
53882,0,0,0,0,0,0
53888,0,0,0,0,0,0
53894,0,0,0,0,0,0
53898,0,0,0,0,0,0
53905,0,0,0,0,0,0
53911,0,0,0,0,0,0
53917,0,0,0,0,0,0
53923,0,0,0,0,0,0
53929,0,0,0,0,0,0
53935,0,0,0,0,0,0
53942,0,0,0,0,0,0
53959,0,0,0,0,0,0
53965,0,0,0,0,0,0
53977,0,0,0,0,0,0
53983,0,0,0,0,0,0
53997,0,0,0,0,0,0
54003,0,0,0,0,0,0
54006,0,0,0,0,0,0
54012,0,0,0,0,0,0
54018,0,0,0,0,0,0
54024,0,0,0,0,0,0
54030,0,0,0,0,0,0
54036,0,0,0,0,0,0
54043,0,0,0,0,0,0
54049,0,0,0,0,0,0
54053,0,0,0,0,0,0
54060,0,0,0,0,0,0
54066,0,0,0,0,0,0
54074,0,0,0,0,0,0
54080,0,0,0,0,0,0
54085,0,0,0,0,0,0
54091,0,0,0,0,0,0
54104,0,0,0,0,0,0
54110,0,0,0,0,0,0
54116,0,0,0,0,0,0
54121,0,0,0,0,0,0
54127,0,0,0,0,0,0
54133,0,0,0,0,0,0
54139,0,0,0,0,0,0
54146,0,0,0,0,0,0
54152,0,0,0,0,0,0
54158,0,0,0,0,0,0
54164,0,0,0,0,0,0
54168,0,0,0,0,0,0
54173,0,0,0,0,0,0
54177,0,0,0,0,0,0
54183,0,0,0,0,0,0
54189,0,0,0,0,0,0
54201,0,0,0,0,0,0
54218,0,0,0,0,0,0
54223,0,0,0,0,0,0
54229,0,0,0,0,0,0
54232,0,0,0,0,0,0
54239,0,0,0,0,0,0
54245,0,0,0,0,0,0
54250,0,0,0,0,0,0
54256,0,0,0,0,0,0
54262,0,0,0,0,0,0
54275,0,0,0,0,0,0
54281,0,0,0,0,0,0
54287,0,0,0,0,0,0
54293,0,0,0,0,0,0
54299,0,0,0,0,0,0
54311,0,0,0,0,0,0
54316,0,0,0,0,0,0
54323,0,0,0,0,0,0
54328,0,0,0,0,0,0
54334,0,0,0,0,0,0
54340,0,0,0,0,0,0
54345,0,0,0,0,0,0
54351,0,0,0,0,0,0
54357,0,0,0,0,0,0
54363,0,0,0,0,0,0
54369,0,0,0,0,0,0
54375,0,0,0,0,0,0
54381,0,0,0,0,0,0
54387,0,0,0,0,0,0
54392,0,0,0,0,0,0
54398,0,0,0,0,0,0
54404,0,0,0,0,0,0
54411,0,0,0,0,0,0
54418,0,0,0,0,0,0
54424,0,0,0,0,0,0
54429,0,0,0,0,0,0
54435,0,0,0,0,0,0
54441,0,0,0,0,0,0
54455,0,0,0,0,1,0
54461,0,0,0,0,0,0
54466,0,0,0,0,0,0
54473,0,0,0,0,0,0
54479,0,0,0,0,0,0
54483,0,0,0,0,0,0
54489,0,0,0,0,0,0
54495,0,0,0,0,0,0
54509,0,0,0,0,0,0
54515,0,0,0,0,0,0
54527,0,0,0,0,0,0
54533,0,0,0,0,0,0
54539,0,0,0,0,0,0
54545,0,0,0,0,0,0
54551,0,0,0,0,0,0
54557,0,0,0,0,0,0
54563,0,0,0,0,0,0
54569,0,0,0,0,0,0
54575,0,0,0,0,0,0
54579,0,0,0,0,0,0
54585,0,0,0,0,0,0
54591,0,0,0,0,0,0
54598,0,0,0,0,0,0
54605,0,0,0,0,0,0
54617,0,0,0,0,0,0
54623,0,0,0,0,0,0
54634,0,0,0,0,0,0
54640,0,0,0,0,0,0
54646,0,0,0,0,0,0
54652,0,0,0,0,0,0
54659,0,0,0,0,0,0
54665,0,0,0,0,0,0
54670,0,0,0,0,0,0
54676,0,0,0,0,1,0
54683,0,0,0,0,0,0
54689,0,0,0,2,2,0
54700,0,0,0,2,2,0
54706,0,0,0,0,0,0
54720,0,0,0,0,0,0
54726,0,0,0,0,0,0
54733,0,0,0,0,0,0
54745,0,0,0,0,0,0
54751,0,0,0,0,0,0
54757,0,0,0,0,0,0
54764,0,0,0,0,0,0
54770,0,0,0,0,0,0
54783,0,0,0,0,0,0
54789,0,0,0,0,0,0
54795,0,0,0,0,0,0
54800,0,0,0,0,0,0
54806,0,0,0,0,0,0
54812,0,0,0,0,0,0
54819,0,0,0,0,0,0
54826,0,0,0,0,0,0
54832,0,0,0,0,0,0
54836,0,0,0,0,0,0
54842,0,0,0,0,0,0
54862,0,0,0,0,0,0
54867,0,0,0,0,0,0
54872,0,0,0,0,0,0
54878,0,0,0,0,0,0
55821,0,0,0,0,0,0
55831,0,0,0,0,0,0
55841,0,0,0,0,0,0
55850,0,0,0,0,0,0
55859,0,0,0,0,0,0
55870,0,0,0,0,0,0
55879,0,0,0,0,0,0
55902,0,0,0,0,2,0
55912,0,0,0,0,2,0
55922,0,0,0,1,1,0
55941,0,0,0,2,2,0
55950,0,0,0,2,1,0
55959,0,0,0,2,0,0
55967,0,0,0,0,0,0
55980,0,0,0,0,0,0
56000,0,0,0,0,0,0
56010,0,0,0,0,0,0
56018,0,0,0,0,0,0
56034,0,0,0,0,0,0
56044,0,0,0,0,0,0
56054,0,0,0,0,0,0
56065,0,0,0,0,0,0
56075,0,0,0,0,0,0
56085,0,0,0,0,0,0
56096,0,0,0,0,0,0
56106,0,0,0,0,0,0
56116,0,0,0,0,0,0
56126,0,0,0,0,0,0
56136,0,0,0,0,0,0
56157,0,0,0,0,0,0
56167,0,0,0,0,0,0
56198,0,0,0,0,0,0
56208,0,0,0,0,0,0
56220,0,0,0,0,0,0
56229,0,0,0,0,0,0
56240,0,0,0,0,0,0
56260,0,0,0,0,0,0
56271,0,0,0,0,0,0
56279,0,0,0,0,0,0
56292,0,0,0,0,0,0
56302,0,0,0,0,0,0
56312,0,0,0,0,0,0
56322,0,0,0,0,0,0
56332,0,0,0,0,0,0
56342,0,0,0,0,0,0
56352,0,0,0,0,0,0
56362,0,0,0,0,0,0
56372,0,0,0,0,0,0
56382,0,0,0,0,0,0
56391,0,0,0,0,0,0
56408,0,0,0,0,0,0
56419,0,0,0,0,0,0
56428,0,0,0,0,0,0
56435,0,0,0,0,0,0
56451,0,0,0,0,0,0
56465,0,0,0,0,0,0
56482,0,0,0,0,0,0
56493,0,0,0,0,0,0
56503,0,0,0,0,0,0
56513,0,0,0,0,0,0
56528,0,0,0,0,0,0
56538,0,0,0,0,0,0
56548,0,0,0,0,0,0
56558,0,0,0,0,0,0
56568,0,0,0,0,0,0
56578,0,0,0,0,0,0
56589,0,0,0,0,0,0
56599,0,0,0,0,0,0
56609,0,0,0,0,0,0
56620,0,0,0,0,0,0
56633,0,0,0,0,1,0
56643,0,0,0,0,1,0
56675,0,0,0,0,0,0
56685,0,0,0,0,0,0
56693,0,0,0,0,0,0
56709,0,0,0,0,0,0
56719,0,0,0,0,0,0
56729,0,0,0,0,0,0
56752,0,0,0,0,0,0
56762,0,0,0,0,0,0
56772,0,0,0,0,0,0
56782,0,0,0,0,0,0
56792,0,0,0,0,0,0
56802,0,0,0,0,0,0
56812,0,0,0,0,0,0
56847,0,0,0,0,0,0
56857,0,0,0,0,0,0
56866,0,0,0,0,1,0
56879,0,0,0,0,0,0
56912,0,0,0,0,0,0
56932,0,0,0,0,0,0
56942,0,0,0,0,0,0
56954,0,0,0,0,0,0
56965,0,0,0,0,0,0
56978,0,0,0,0,0,0
56988,0,0,0,0,0,0
56998,0,0,0,0,0,0
57009,0,0,0,0,0,0
57020,0,0,0,0,0,0
57029,0,0,0,0,0,0
57041,0,0,0,0,0,0
57050,0,0,0,0,0,0
57071,0,0,0,0,0,0
57081,0,0,0,0,0,0
57090,0,0,0,0,0,0
57100,0,0,0,0,0,0
57113,0,0,0,1,1,0
57122,0,0,0,1,2,0
57135,0,0,0,0,0,0
57145,0,0,0,0,0,0
57156,0,0,0,2,2,0
57165,0,0,0,0,0,0
57189,0,0,0,0,0,0
57199,0,0,0,0,0,0
57211,0,0,0,0,0,0
57220,0,0,0,0,0,0
57230,0,0,0,0,0,0
57241,0,0,0,0,0,0
57252,0,0,0,0,0,0
57262,0,0,0,0,0,0
57270,0,0,0,0,0,0
57280,0,0,0,0,0,0
57292,0,0,0,0,0,0
57302,0,0,0,0,0,0
