24,0,0,0,0,0,0
31,0,0,0,0,0,0
37,0,0,0,0,0,0
45,0,0,0,0,0,0
54,0,0,0,0,0,0
62,0,0,0,0,0,0
70,0,1,0,0,0,1
78,4,5,0,0,0,8
84,0,0,0,0,0,0
92,0,0,0,0,0,0
102,0,0,0,0,0,0
108,0,0,0,0,0,0
115,0,0,0,0,0,0
125,0,0,0,0,0,0
134,0,0,0,0,0,0
142,0,0,0,0,0,0
149,0,0,0,0,0,0
157,0,0,0,0,0,0
175,0,0,0,0,0,0
185,0,0,0,0,0,0
194,0,0,0,0,0,0
205,0,0,0,0,0,0
214,0,0,0,0,0,0
226,0,0,0,0,0,0
233,0,0,0,0,0,0
246,0,0,0,0,0,0
253,0,0,0,0,0,0
265,0,0,0,0,0,0
274,0,0,0,0,0,0
283,0,0,0,0,0,0
291,0,0,0,0,0,0
300,3,2,0,0,0,5
310,0,0,0,0,0,0
320,0,0,0,0,0,0
329,0,0,0,0,0,0
349,0,0,0,0,0,0
359,0,0,0,0,0,0
372,0,0,0,0,0,0
382,0,0,0,0,0,0
392,0,0,0,0,0,0
400,0,0,0,0,0,0
418,0,0,0,0,0,0
428,0,0,0,0,0,0
444,0,0,0,0,0,0
455,0,0,0,0,0,0
469,0,0,0,0,0,0
476,0,0,0,0,0,0
489,0,0,0,0,0,0
498,0,0,0,0,0,0
506,0,0,0,0,0,0
520,0,0,0,0,0,0
530,0,0,0,0,0,0
538,0,0,0,0,0,0
546,1,5,0,0,0,6
556,0,1,0,0,0,1
567,0,0,0,0,0,0
577,0,0,0,0,0,0
587,0,0,0,0,0,0
597,0,0,0,0,0,0
607,0,0,0,0,0,0
617,0,0,0,0,0,0
637,0,0,0,0,0,0
647,0,0,0,0,0,0
666,0,0,0,0,0,0
676,0,0,0,0,0,0
686,0,0,0,0,0,0
696,0,0,0,0,0,0
706,0,0,0,0,0,0
716,0,0,0,0,0,0
746,0,0,0,0,0,0
756,0,0,0,0,0,0
770,0,0,0,0,0,0
778,0,0,0,0,0,0
786,0,0,0,0,0,0
794,0,0,0,0,0,0
807,0,2,1,0,0,0
830,0,0,0,0,0,0
838,0,0,0,0,0,0
845,0,0,0,0,0,0
858,0,0,0,0,0,0
868,0,0,0,0,0,0
873,0,0,0,0,0,0
884,0,0,0,0,0,0
896,0,0,0,0,0,0
905,0,0,0,0,0,0
923,0,0,0,0,0,0
934,0,0,0,0,0,0
947,0,0,0,0,0,0
954,0,0,0,0,0,0
962,0,0,0,0,0,0
972,0,0,0,0,0,0
990,0,0,0,0,0,0
1003,0,0,0,0,0,0
1011,0,0,0,0,0,0
1020,0,0,0,0,0,0
1029,0,0,0,0,0,0
1041,0,1,2,0,0,0
1051,0,0,0,0,0,0
1062,0,0,0,0,0,0
1071,0,0,0,0,0,0
1081,0,0,0,0,0,0
1098,0,0,0,0,0,0
1107,0,0,0,0,0,0
1115,0,0,0,0,0,0
1125,0,0,0,0,0,0
1135,0,0,0,0,0,0
1161,0,0,0,0,0,0
1171,0,0,0,0,0,0
1179,0,0,0,0,0,0
1184,0,0,0,0,0,0
1197,0,0,0,0,0,0
1215,0,0,0,0,0,0
1252,0,0,0,0,0,0
1261,0,0,0,0,0,0
1272,0,0,0,0,0,0
1280,0,0,0,0,0,0
1291,0,0,0,0,0,0
1295,0,0,0,0,0,0
1418,0,0,0,0,0,0
1442,0,0,0,0,0,0
1450,0,0,0,0,0,0
1504,0,0,0,0,0,0
1522,0,0,0,0,0,0
1532,0,0,0,0,0,0
1558,0,0,0,0,0,0
1567,0,0,0,0,0,0
1575,0,0,0,0,0,0
1584,0,0,0,0,0,0
1593,0,0,0,0,0,0
1602,0,0,0,0,0,0
1611,0,0,0,0,0,0
1620,0,0,0,0,0,0
1630,0,0,0,0,0,0
1639,0,0,0,0,0,0
1647,0,0,0,0,0,0
1656,0,0,0,0,0,0
1666,0,0,0,0,0,0
1675,0,0,0,0,0,0
1684,0,0,0,0,0,0
1693,0,0,0,0,0,0
1836,0,0,0,0,0,0
4485,0,0,0,0,0,0
4494,0,0,0,0,0,0
4501,0,0,0,0,0,0
4511,0,0,0,0,0,0
4522,0,0,0,0,0,0
4534,0,0,0,0,0,0
4542,0,0,0,0,0,0
4552,0,0,0,0,0,0
4562,0,0,0,0,0,0
4570,0,0,0,0,0,0
4581,0,0,0,0,0,0
4591,0,0,0,0,0,0
4600,0,0,0,0,0,0
4610,0,0,0,0,0,0
4623,0,0,0,0,0,0
4631,0,0,0,0,0,0
4643,0,0,0,0,0,0
4651,0,0,0,0,0,0
4660,0,0,0,0,0,0
4671,0,0,0,0,0,0
4681,0,0,0,0,0,0
4691,0,0,0,0,0,0
4701,0,0,0,0,0,0
4711,0,0,0,0,0,0
4721,0,0,0,0,0,0
4731,0,0,0,0,0,0
4742,0,0,0,0,0,0
4751,0,0,0,0,0,0
4762,0,0,0,0,0,0
4772,0,0,0,0,0,0
4782,0,0,0,0,0,0
4790,0,0,0,0,0,0
4801,0,0,0,0,0,0
4810,0,0,0,0,0,0
4821,0,0,0,0,0,0
4830,0,0,0,0,0,0
4840,0,0,0,0,0,0
4849,0,0,0,0,0,0
4859,0,0,0,0,0,0
4876,0,0,0,0,0,0
4885,0,0,0,0,0,0
4894,0,0,0,0,0,0
4904,0,0,0,0,0,0
4920,0,0,0,0,0,0
4933,0,0,0,0,0,0
4944,0,0,0,0,0,0
4953,0,0,0,0,0,0
4962,0,0,0,0,0,0
4972,0,0,0,0,0,0
4981,0,0,0,0,0,0
4990,0,0,0,0,0,0
5000,0,0,0,0,0,0
5010,0,0,0,0,0,0
5020,0,0,0,0,0,0
9468,0,0,0,0,0,0
9478,0,0,0,0,0,0
9488,0,0,0,0,0,0
9512,0,0,0,0,0,0
9521,0,0,0,0,0,0
9532,0,0,0,0,0,0
9545,0,0,0,0,0,0
9556,0,0,0,0,0,0
9562,0,0,0,0,0,0
9573,0,0,0,0,0,0
9581,0,0,0,0,0,0
9589,0,0,0,0,0,0
9600,0,0,0,0,0,0
9609,0,0,0,0,0,0
9618,0,0,0,0,0,0
9628,0,0,0,0,0,0
9638,0,0,0,0,0,0
9648,0,0,0,0,0,0
9659,0,0,0,0,0,0
9669,0,0,0,0,0,0
9683,0,0,0,0,0,0
9693,0,0,0,0,0,0
9700,0,0,0,0,0,0
9711,0,0,0,0,0,0
9719,0,0,0,0,0,0
9730,0,0,0,0,0,0
9739,0,0,0,0,0,0
9755,0,0,0,0,0,0
9763,0,0,0,0,0,0
9771,0,0,0,0,0,0
9781,0,0,0,0,0,0
9788,0,0,0,0,0,0
9800,0,0,0,0,0,0
9806,0,0,0,0,0,0
9856,0,0,0,0,0,0
9863,0,0,0,0,0,0
9873,0,0,0,0,0,0
9883,0,0,0,0,0,0
9893,0,0,0,0,0,0
9903,0,0,0,0,0,0
9922,0,0,0,0,0,0
9947,0,0,0,0,0,0
9956,0,0,0,0,0,0
9964,0,0,0,0,0,0
9988,0,0,0,0,0,0
9996,0,0,0,0,0,0
10004,0,0,0,0,0,0
10011,0,0,0,0,0,0
10019,0,0,0,0,0,0
10034,0,0,0,0,0,0
10042,0,0,0,0,0,0
10047,0,0,0,0,0,0
10062,0,0,0,0,0,0
10072,0,0,0,0,0,0
10082,0,0,0,0,0,0
10091,0,0,0,0,0,0
10102,0,0,0,0,0,0
10112,0,0,0,0,0,0
10175,0,0,0,0,0,0
10200,0,0,0,0,0,0
10225,0,0,0,0,0,0
10243,0,0,0,0,0,0
10252,0,0,0,0,0,0
10262,0,0,0,0,0,0
10282,0,0,0,0,0,0
10314,0,0,0,0,0,0
10324,0,0,0,0,0,0
10335,0,0,0,0,0,0
10343,0,0,0,0,0,0
10354,0,0,0,0,0,0
10372,0,0,0,0,0,0
10400,0,0,0,0,0,0
10415,0,0,0,0,0,0
10422,0,0,0,0,0,0
10427,0,0,0,0,0,0
10622,0,0,0,0,0,0
10685,0,0,0,0,0,0
10818,0,0,0,0,0,0
10837,0,0,0,0,0,0
10846,0,0,0,0,0,0
10910,0,0,0,0,0,0
10918,0,0,0,0,0,0
10926,0,0,0,0,0,0
10943,0,0,0,0,0,0
10951,0,0,0,0,0,0
10959,0,0,0,0,0,0
10967,0,0,0,0,0,0
10975,0,0,0,0,0,0
10983,0,0,0,0,0,0
10998,0,0,0,0,0,0
11016,0,0,0,0,0,0
11023,0,0,0,0,0,0
11031,0,0,0,0,0,0
11038,0,0,0,0,0,0
11046,0,0,0,0,0,0
11055,0,0,0,0,0,0
11064,0,0,0,0,0,0
11070,0,0,0,0,0,0
11077,0,0,0,0,0,0
11085,0,0,0,0,0,0
11093,0,0,0,0,0,0
11101,0,0,0,0,0,0
11109,0,0,0,0,0,0
11117,0,0,0,0,0,0
11123,0,0,0,0,0,0
11131,0,0,0,0,0,0
11141,0,0,0,0,0,0
11151,0,0,0,0,0,0
11161,0,0,0,0,0,0
11171,0,0,0,0,0,0
11181,0,0,0,0,0,0
11191,0,0,0,0,0,0
11201,0,0,0,0,0,0
11210,0,0,0,0,0,0
11220,0,0,0,0,0,0
11228,0,0,0,0,0,0
11237,0,0,0,0,0,0
11247,0,0,0,0,0,0
11258,0,0,0,0,0,0
11266,0,0,0,0,0,0
11278,0,0,0,0,0,0
11288,0,0,0,0,0,0
11298,0,0,0,0,0,0
11308,0,0,0,0,0,0
11317,0,0,0,0,0,0
11327,0,0,0,0,0,0
11336,0,0,0,0,0,0
11347,0,0,0,0,0,0
11357,0,0,0,0,0,0
11367,0,0,0,0,0,0
11377,0,0,0,0,0,0
11387,0,0,0,0,0,0
11397,0,0,0,0,0,0
11407,0,0,0,0,0,0
11417,0,0,0,0,0,0
11437,0,0,0,0,0,0
11447,0,0,0,0,0,0
11456,0,0,0,0,0,0
11465,0,0,0,0,0,0
11472,0,0,0,0,0,0
11482,0,0,0,0,0,0
11501,0,0,0,0,0,0
11511,0,0,0,0,0,0
11520,0,0,0,0,0,0
11530,0,0,0,0,0,0
11539,0,0,0,0,0,0
11549,0,0,0,0,0,0
11560,0,0,0,0,0,0
11569,0,0,0,0,0,0
11578,0,0,0,0,0,0
11627,0,0,0,0,0,0
11636,0,0,0,0,0,0
11645,0,0,0,0,0,0
11654,0,0,0,0,0,0
11663,0,0,0,0,0,0
11672,0,0,0,0,0,0
11680,0,0,0,0,0,0
11690,0,0,0,0,0,0
11698,0,0,0,0,0,0
11706,0,0,0,0,0,0
11713,0,0,0,0,0,0
11723,0,0,0,0,0,0
11737,0,0,0,0,0,0
11747,0,0,0,0,0,0
11758,0,0,0,0,0,0
11764,0,0,0,0,0,0
11774,0,0,0,0,0,0
11788,0,0,0,0,0,0
11795,0,0,0,0,0,0
11805,0,0,0,0,0,0
11812,0,0,0,0,0,0
11818,0,0,0,0,0,0
11830,0,0,0,0,0,0
11838,0,0,0,0,0,0
11845,0,0,0,0,0,0
11859,0,0,0,0,0,0
11865,0,0,0,0,0,0
11876,0,0,0,0,0,0
11880,0,0,0,0,0,0
11892,0,0,0,0,0,0
11900,0,0,0,0,0,0
11914,0,0,0,0,0,0
11921,0,0,0,0,0,0
11933,0,0,0,0,0,0
11941,0,0,0,0,0,0
11950,0,0,0,0,0,0
11957,0,0,0,0,0,0
11975,0,0,0,0,0,0
11987,0,0,0,0,0,0
11995,0,0,0,0,0,0
12002,0,0,0,0,0,0
12012,0,0,0,0,0,0
12016,0,0,0,0,0,0
12028,0,0,0,0,0,0
12034,0,0,0,0,0,0
12050,0,0,0,0,0,0
12055,0,0,0,0,0,0
12061,0,0,0,0,0,0
12073,0,0,0,0,0,0
12083,0,0,0,0,0,0
12088,0,0,0,0,0,0
12104,0,0,0,0,0,0
12113,0,0,0,0,0,0
12117,0,0,0,0,0,0
12123,0,0,0,0,0,0
12135,0,0,0,0,0,0
12141,0,0,0,0,0,0
12177,0,0,0,0,0,0
12186,0,0,0,0,0,0
12196,0,0,0,0,0,0
12233,0,0,0,0,0,0
12256,0,0,0,0,0,0
12263,0,0,0,0,0,0
12270,0,0,0,0,0,0
12276,0,0,0,0,0,0
12286,0,0,0,0,0,0
12300,0,0,0,0,0,0
12308,0,0,0,0,0,0
12314,0,0,0,0,0,0
16235,0,0,0,0,0,0
16245,0,0,0,0,0,0
16255,0,0,0,0,0,0
16265,0,0,0,0,0,0
16275,0,0,0,0,0,0
16285,0,0,0,0,0,0
16293,0,0,0,0,0,0
16302,0,0,0,0,0,0
16312,0,0,0,0,0,0
16322,0,0,0,0,0,0
16331,0,0,0,0,0,0
16341,0,0,0,0,0,0
16348,0,0,0,0,0,0
16358,0,0,0,0,0,0
16378,0,0,0,0,0,0
16388,0,0,0,0,0,0
16397,0,0,0,0,0,0
16407,0,0,0,0,0,0
16417,0,0,0,0,0,0
16428,0,0,0,0,0,0
16436,0,0,0,0,0,0
16457,0,0,0,0,0,0
16487,0,0,0,0,0,0
16496,0,0,0,0,0,0
16507,0,0,0,0,0,0
16516,0,0,0,0,0,0
16543,0,0,0,0,0,0
16553,0,0,0,0,0,0
16568,0,0,0,0,0,0
16577,0,0,0,0,0,0
16587,0,0,0,0,0,0
16597,0,0,0,0,0,0
16617,0,0,0,0,0,0
16642,0,0,0,0,0,0
16652,0,0,0,0,0,0
16662,0,0,0,0,0,0
16670,0,0,0,0,0,0
16683,0,0,0,0,0,0
16713,0,0,0,0,0,0
16723,0,0,0,0,0,0
16735,0,0,0,0,0,0
16744,0,0,0,0,0,0
16806,0,0,0,0,0,0
16821,0,0,0,0,0,0
16875,0,0,0,0,0,0
16889,0,0,0,0,0,0
16897,0,0,0,0,0,0
16903,0,0,0,0,0,0
16912,0,0,0,0,0,0
16921,0,0,0,0,0,0
16932,0,0,0,0,0,0
16941,0,0,0,0,0,0
16952,0,0,0,0,0,0
16956,0,0,0,0,0,0
16965,0,0,0,0,0,0
16974,0,0,0,0,0,0
16992,0,0,0,0,0,0
17008,0,0,0,0,0,0
17064,0,0,0,0,0,0
17073,0,0,0,0,0,0
17091,0,0,0,0,0,0
17100,0,0,0,0,0,0
17109,0,0,0,0,0,0
17120,0,0,0,0,0,0
17128,0,0,0,0,0,0
17137,0,0,0,0,0,0
17146,0,0,0,0,0,0
17155,0,0,0,0,0,0
17164,0,0,0,0,0,0
17229,0,0,0,0,0,0
17238,0,0,0,0,0,0
17247,0,0,0,0,0,0
17299,0,0,0,0,0,0
22558,0,0,0,0,0,0
22616,0,0,0,0,0,0
22629,0,0,0,0,0,0
22632,0,0,0,0,0,0
22652,0,0,0,0,0,0
22682,0,0,0,0,0,0
22691,0,0,0,0,0,0
22702,0,0,0,0,0,0
22711,0,0,0,0,0,0
22721,0,0,0,0,0,0
22731,0,0,0,0,0,0
22743,0,0,0,0,0,0
22753,0,0,0,0,0,0
22766,0,0,0,0,0,0
22797,0,0,0,0,0,0
22806,0,0,0,0,0,0
22816,0,0,0,0,0,0
22823,0,0,0,0,0,0
22836,0,0,0,0,0,0
22846,0,0,0,0,0,0
22855,0,0,0,0,0,0
22863,0,0,0,0,0,0
22873,0,0,0,0,0,0
22883,0,0,0,0,0,0
22892,0,0,0,0,0,0
22902,0,0,0,0,0,0
22908,0,0,0,0,0,0
22917,0,0,0,0,0,0
22926,0,0,0,0,0,0
22944,0,0,0,0,0,0
22954,0,0,0,0,0,0
22968,0,0,0,0,0,0
22978,0,0,0,0,0,0
22990,0,0,0,0,0,0
22996,0,0,0,0,0,0
23024,0,0,0,0,0,0
23040,0,0,0,0,0,0
23050,0,0,0,0,0,0
23060,0,0,0,0,0,0
23070,0,0,0,0,0,0
23080,0,0,0,0,0,0
23090,0,0,0,0,0,0
23110,0,0,0,0,1,0
23130,0,0,0,0,0,0
23142,0,0,0,0,0,0
23150,0,0,0,0,0,0
23166,0,0,0,0,0,0
23176,0,0,0,0,0,0
23186,0,0,0,0,0,0
23196,0,0,0,0,0,0
23206,0,0,0,0,0,0
23229,0,0,0,0,0,0
23239,0,0,0,0,0,0
23276,0,0,0,0,0,0
23292,0,0,0,0,0,0
23301,0,0,0,0,0,0
23314,0,0,0,0,0,0
23409,0,0,0,0,0,0
23419,0,0,0,0,0,0
23429,0,0,0,0,0,0
23448,0,0,0,0,0,0
23458,0,0,0,0,0,0
23490,0,0,0,0,0,0
23500,0,0,0,0,0,0
23510,0,0,0,0,0,0
23520,0,0,0,0,0,0
23530,0,0,0,0,0,0
23563,0,0,0,0,0,0
23645,0,0,0,0,0,0
23663,0,0,0,0,0,0
23708,0,0,0,0,0,0
23717,0,0,0,0,0,0
23734,0,0,0,0,0,0
23787,0,0,0,0,0,0
23797,0,0,0,0,0,0
23807,0,0,0,0,0,0
23931,0,0,0,0,0,0
23941,0,0,0,0,0,0
24039,0,0,0,0,0,0
24049,0,0,0,0,0,0
24059,0,0,0,0,0,0
24070,0,0,0,0,0,0
24082,0,0,0,0,0,0
24089,0,0,0,0,0,0
24114,0,0,0,0,0,0
24124,0,0,0,0,0,0
24136,0,0,0,0,0,0
24147,0,0,0,0,0,0
24157,0,0,0,0,0,0
24167,0,0,0,0,0,0
24179,0,0,0,0,0,0
24189,0,0,0,0,0,0
24198,0,0,0,0,0,0
24208,0,0,0,0,0,0
24218,0,0,0,0,0,0
24228,0,0,0,0,0,0
24236,0,0,0,0,0,0
24245,0,0,0,0,0,0
24255,0,0,0,0,0,0
24265,0,0,0,0,0,0
24276,0,0,0,0,0,0
24286,0,0,0,0,0,0
24296,0,0,0,0,0,0
24306,0,0,0,0,0,0
24318,0,0,0,0,0,0
24330,0,0,0,0,0,0
24340,0,0,0,0,0,0
24351,0,0,0,0,0,0
24370,0,0,0,0,0,0
24382,0,0,0,0,0,0
24392,0,0,0,0,0,0
24402,0,0,0,0,0,0
24410,0,0,0,0,0,0
24421,0,0,0,0,0,0
24431,0,0,0,0,0,0
24442,0,0,0,0,0,0
24453,0,0,0,0,0,0
24464,0,0,0,0,0,0
24475,0,0,0,0,0,0
24483,0,0,0,0,0,0
24491,0,0,0,0,0,0
24503,0,0,0,0,0,0
24512,0,0,0,0,0,0
24522,0,0,0,0,0,0
24533,0,0,0,0,0,0
24558,0,0,0,0,1,0
24569,0,0,0,2,0,0
24582,0,0,0,0,0,0
24591,0,0,0,0,0,0
24601,0,0,0,0,0,0
24613,0,0,0,0,0,0
24624,0,0,0,0,0,0
24634,0,0,0,0,0,0
24642,0,0,0,0,0,0
24653,0,0,0,0,0,0
24661,0,0,0,0,0,0
24673,0,0,0,0,0,0
24682,0,0,0,0,0,0
24693,0,0,0,0,0,0
24703,0,0,0,0,0,0
24745,0,0,0,0,0,0
24754,0,0,0,0,0,0
24763,0,0,0,0,0,0
24773,0,0,0,0,0,0
24785,0,0,0,0,0,0
24795,0,0,0,0,0,0
24807,0,0,0,0,0,0
24817,0,0,0,0,0,0
24827,0,0,0,0,0,0
24838,0,0,0,0,0,0
24868,0,0,0,0,0,0
24880,0,0,0,0,0,0
24889,0,0,0,0,0,0
24902,0,0,0,0,0,0
24912,0,0,0,0,0,0
24934,0,0,0,0,0,0
24945,0,0,0,0,0,0
24961,0,0,0,0,0,0
24971,0,0,0,0,0,0
24984,0,0,0,0,0,0
24994,0,0,0,0,0,0
25004,0,0,0,0,0,0
25015,0,0,0,0,0,0
25026,0,0,0,0,0,0
25044,0,0,0,0,0,0
25055,0,0,0,0,0,0
25068,0,0,0,0,0,0
25077,0,0,0,0,0,0
25087,0,0,0,0,0,0
25100,0,0,0,0,0,0
25109,0,0,0,0,0,0
25118,0,0,0,0,0,0
25128,0,0,0,0,0,0
25138,0,0,0,0,0,0
25148,0,0,0,0,0,0
25158,0,0,0,0,0,0
25168,0,0,0,0,0,0
25178,0,0,0,0,0,0
25188,0,0,0,0,0,0
25218,0,0,0,0,0,0
25229,0,0,0,0,0,0
25239,0,0,0,0,0,0
25249,0,0,0,0,0,0
25258,0,0,0,0,0,0
25268,0,0,0,0,0,0
25278,0,0,0,0,0,0
25288,0,0,0,0,0,0
25298,0,0,0,0,0,0
25308,0,0,0,0,0,0
25320,0,0,0,0,0,0
25330,0,0,0,0,0,0
25340,0,0,0,0,0,0
25353,0,0,0,0,0,0
25363,0,0,0,0,0,0
25373,0,0,0,0,0,0
25387,0,0,0,0,0,0
25396,0,0,0,0,0,0
25406,0,0,0,0,0,0
25416,0,0,0,0,0,0
25427,0,0,0,0,0,0
25452,0,0,0,0,0,0
25462,0,0,0,0,0,0
25472,0,0,0,0,0,0
25482,0,0,0,0,0,0
25501,0,0,0,0,0,0
25512,0,0,0,0,0,0
25531,0,0,0,0,0,0
25540,0,0,0,0,0,0
25556,0,0,0,0,0,0
25571,0,0,0,0,0,0
25581,0,0,0,0,0,0
25596,0,0,0,0,0,0
25608,0,0,0,0,0,0
25616,0,0,0,0,0,0
25629,0,0,0,0,0,0
25639,0,0,0,0,0,0
25649,0,0,0,0,0,0
25659,0,0,0,0,0,0
25671,0,0,0,0,0,0
25689,0,0,0,0,0,0
25699,0,0,0,0,0,0
25714,0,0,0,0,0,0
25724,0,0,0,0,0,0
25734,0,0,0,0,0,0
25743,0,0,0,0,0,0
25752,0,0,0,0,0,0
25788,0,0,0,0,0,0
25797,0,0,0,0,0,0
25806,0,0,0,0,0,0
25817,0,0,0,0,0,0
25832,0,0,0,0,0,0
25852,0,0,0,0,0,0
25866,0,0,0,0,0,0
25876,0,0,0,0,0,0
25886,0,0,0,0,0,0
25920,0,0,0,0,0,0
25930,0,0,0,0,0,0
25940,0,0,0,0,0,0
25949,0,0,0,0,0,0
25970,0,0,0,0,0,0
25984,0,0,0,0,0,0
25994,0,0,0,0,0,0
26029,0,0,0,0,0,0
26040,0,0,0,0,0,0
26049,0,0,0,0,0,0
26111,0,0,0,0,0,0
26132,0,0,0,0,0,0
26147,0,0,0,0,0,0
26244,0,0,0,0,0,0
26254,0,0,0,0,0,0
26265,0,0,0,1,1,0
26275,0,0,0,0,0,0
26285,0,0,0,0,0,0
26297,0,0,0,0,0,0
26303,0,0,0,0,0,0
26316,0,0,0,0,0,0
26326,0,0,0,0,0,0
26336,0,0,0,0,0,0
26347,0,0,0,0,0,0
26357,0,0,0,0,0,0
26367,0,1,0,0,0,0
26375,0,0,0,0,0,0
26388,0,0,0,0,0,0
26395,0,0,0,0,0,0
26405,0,0,0,0,0,0
26427,0,0,0,0,0,0
26437,0,0,0,0,0,0
26447,0,0,0,0,0,0
26457,0,0,0,0,0,0
26471,0,0,0,0,0,0
26480,0,0,0,0,0,0
26486,0,0,0,0,0,0
26495,0,0,0,1,1,0
26504,0,0,0,2,2,0
26514,0,0,0,0,0,0
26524,0,0,0,0,0,0
26544,1,0,0,0,0,1
26553,0,0,0,0,0,0
26562,0,0,0,0,0,0
26574,0,0,0,0,0,0
26585,0,0,0,0,0,0
26595,0,0,0,0,0,0
26605,0,0,0,0,0,0
26615,0,0,0,0,0,0
26625,0,0,0,0,0,0
26636,0,0,0,0,0,0
26646,0,5,0,0,0,3
26656,0,0,0,0,0,0
26666,0,0,0,0,0,0
26676,0,0,0,0,0,0
26686,0,0,0,0,0,0
26696,0,0,0,0,0,0
26706,0,0,0,0,0,0
26716,0,0,0,0,0,0
26726,0,0,0,0,0,0
26746,0,0,0,1,1,0
26756,0,0,0,2,2,0
26766,1,0,0,0,0,1
26777,0,0,0,0,0,0
26787,2,0,0,0,0,1
26797,0,0,0,0,0,0
26807,0,0,0,0,0,0
26816,0,0,0,0,0,0
26827,0,0,0,0,0,0
26837,0,0,0,0,0,0
26846,0,0,0,0,0,0
26857,0,0,0,0,0,0
26867,0,0,0,0,0,0
26879,0,0,0,0,0,0
26889,0,5,0,0,0,5
26919,0,0,0,0,0,0
27374,0,0,0,0,0,0
27384,0,0,0,0,0,0
27392,0,0,0,0,0,0
27403,0,0,0,0,0,0
27413,0,0,0,0,0,0
27423,0,0,0,0,0,0
27433,0,0,0,0,0,0
27440,0,0,0,0,0,0
27452,0,0,0,0,0,0
27459,0,0,0,0,0,0
27471,0,0,0,0,0,0
27479,0,0,0,0,0,0
27490,0,0,0,0,0,0
27497,0,0,0,0,0,0
27509,0,0,0,0,0,0
27516,0,0,0,0,0,0
27524,0,0,0,0,0,0
27536,0,0,0,0,0,0
27545,0,0,0,0,0,0
27555,0,0,0,0,0,0
27564,0,0,0,0,0,0
27575,0,0,0,0,0,0
27588,0,0,0,0,0,0
27598,0,0,0,0,0,0
27606,0,0,0,0,0,0
27614,0,0,0,0,0,0
27625,0,0,0,0,0,0
27632,0,0,0,0,0,0
27643,0,0,0,0,0,0
27652,0,0,0,0,0,0
27662,0,0,0,0,0,0
27671,0,0,0,0,0,0
27696,0,0,0,0,0,0
27747,0,0,0,0,0,0
27757,0,0,0,0,0,0
27767,0,0,0,0,0,0
27777,0,0,0,0,0,0
27787,0,0,0,0,0,0
27819,0,0,0,0,0,0
27829,0,0,0,0,0,0
27836,0,0,0,0,0,0
27850,0,0,0,0,0,0
27860,0,0,0,0,0,0
27867,0,0,0,0,0,0
27877,0,0,0,0,0,0
27888,0,0,0,0,0,0
27906,0,0,0,0,0,0
27917,0,0,0,0,0,0
27931,0,0,0,0,0,0
27939,0,0,0,0,0,0
27994,0,0,0,0,0,0
28004,0,0,0,0,0,0
28035,0,0,0,0,0,0
28045,0,0,0,0,0,0
28055,0,0,0,0,0,0
28065,0,0,0,0,0,0
28074,0,0,0,0,0,0
28081,0,0,0,0,0,0
28089,0,0,0,0,0,0
28100,0,0,0,0,0,0
28109,0,0,0,0,0,0
28125,0,0,0,0,0,0
28135,0,0,0,0,0,0
28146,0,0,0,0,0,0
28156,0,0,0,0,0,0
28166,0,0,0,0,0,0
28216,0,0,0,0,0,0
28226,0,0,0,0,0,0
28236,0,0,0,0,0,0
28246,0,0,0,0,0,0
28287,0,0,0,0,0,0
28297,0,0,0,0,0,0
28307,0,0,0,0,0,0
28317,0,0,0,0,0,0
28337,0,0,0,0,0,0
28395,0,0,0,0,0,0
28407,0,0,0,0,0,0
28417,0,0,0,0,0,0
28427,0,0,0,0,0,0
28436,0,0,0,0,0,0
28447,0,0,0,0,0,0
28457,0,0,0,0,0,0
28466,0,0,0,0,0,0
28474,0,0,0,0,0,0
28484,0,0,0,0,0,0
28491,0,0,0,0,0,0
28499,0,0,0,0,0,0
28509,0,0,0,0,0,0
28520,0,0,0,0,0,0
28530,0,0,0,0,0,0
28539,0,0,0,0,0,0
28549,0,0,0,0,0,0
28559,0,0,0,0,0,0
28569,0,0,0,0,0,0
28578,0,0,0,0,0,0
28589,0,0,0,0,0,0
28601,0,0,0,0,0,0
29043,0,0,0,0,0,0
29057,0,0,0,0,0,0
29066,0,0,0,0,0,0
29076,0,0,0,0,0,0
29110,0,0,0,0,0,0
29134,0,0,0,0,0,0
29144,0,0,0,0,0,0
29155,0,0,0,0,0,0
29164,0,0,0,0,0,0
29174,0,0,0,0,0,0
29186,0,0,0,0,0,0
29212,0,0,0,0,0,0
29243,0,0,0,0,0,0
29253,0,0,0,0,0,0
29261,0,0,0,0,0,0
29277,0,0,0,0,0,0
29287,0,0,0,0,0,0
29297,0,0,0,0,0,0
29310,0,0,0,0,0,0
29320,0,0,0,0,0,0
29330,0,0,0,0,0,0
29340,0,0,0,0,0,0
29350,0,0,0,0,0,0
29360,0,0,0,0,0,0
29370,0,0,0,0,0,0
29379,0,0,0,0,0,0
29389,0,0,0,0,0,0
29400,0,0,0,0,0,0
29411,0,0,0,0,0,0
29419,0,0,0,0,0,0
29444,0,0,0,0,0,0
29453,0,0,0,0,0,0
29474,0,0,0,0,0,0
29483,0,0,0,0,0,0
29498,0,0,0,0,0,0
29508,0,0,0,0,0,0
29519,0,0,0,0,0,0
29529,0,0,0,0,0,0
29539,0,0,0,0,0,0
29549,0,0,0,0,0,0
29561,0,0,0,0,0,0
29568,0,0,0,0,0,0
29579,0,0,0,0,0,0
29601,0,0,0,0,0,0
29612,0,0,0,0,0,0
29622,0,0,0,0,0,0
29632,0,0,0,0,0,0
29642,0,0,0,0,0,0
29652,0,0,0,0,0,0
29662,0,0,0,0,1,0
29674,0,0,0,0,0,0
29684,0,0,0,0,0,0
29697,0,0,0,0,0,0
29707,0,0,0,0,0,0
29714,0,0,0,0,0,0
29725,0,0,0,0,0,0
29732,0,0,0,0,0,0
29763,0,0,0,0,0,0
29773,0,0,0,0,0,0
29785,0,0,0,0,0,0
29794,0,0,0,0,0,0
29802,0,0,0,0,0,0
29809,0,0,0,0,0,0
29820,0,0,0,0,0,0
29829,0,0,0,0,0,0
29840,0,0,0,0,0,0
29853,0,0,0,0,0,0
29863,0,0,0,0,0,0
29867,0,0,0,0,0,0
29883,0,0,0,0,0,0
29936,0,0,0,0,0,0
29952,0,0,0,0,0,0
29962,0,0,0,0,0,0
29992,0,0,0,0,0,0
30006,0,0,0,0,0,0
30016,0,0,0,0,0,0
30026,0,0,0,0,0,0
30037,0,0,0,0,0,0
30045,0,0,0,0,0,0
30056,0,0,0,0,0,0
30072,0,0,0,0,0,0
30115,0,0,0,0,0,0
30123,0,0,0,0,0,0
30131,0,0,0,0,0,0
30153,0,0,0,0,0,0
30160,0,0,0,0,0,0
30179,0,0,0,0,0,0
30200,0,0,0,0,0,0
30231,0,0,0,0,0,0
30243,0,0,0,0,0,0
30253,0,0,0,0,0,0
30263,0,0,0,0,0,0
30272,0,0,0,0,0,0
30290,0,0,0,0,0,0
30303,0,0,0,0,0,0
30313,0,0,0,0,0,0
30323,0,0,0,0,0,0
30332,0,0,0,0,0,0
30342,0,0,0,0,0,0
30352,0,0,0,0,0,0
30362,0,0,0,0,0,0
30402,0,0,0,0,0,0
30412,0,0,0,0,0,0
30422,0,0,0,0,0,0
30447,0,0,0,0,0,0
30467,0,0,0,0,0,0
30483,0,0,0,0,0,0
30492,0,0,0,0,0,0
30502,0,0,0,0,0,0
30511,0,0,0,0,0,0
30521,0,0,0,0,0,0
30531,0,0,0,0,0,0
30637,0,0,0,0,0,0
30666,0,0,0,0,0,0
30676,0,0,0,0,0,0
30686,0,0,0,0,0,0
30695,0,0,0,0,0,0
30705,0,0,0,0,0,0
30714,0,0,0,0,0,0
30724,0,0,0,0,0,0
30735,0,0,0,0,0,0
30745,0,0,0,0,0,0
30755,0,0,0,0,0,0
30771,0,0,0,0,0,0
30793,0,0,0,0,0,0
30802,0,0,0,0,0,0
30812,0,0,0,0,0,0
30820,0,0,0,0,0,0
30830,0,0,0,0,0,0
30841,0,0,0,0,0,0
30852,0,0,0,0,0,0
30862,0,0,0,0,0,0
30873,0,0,0,1,1,0
30883,0,0,0,1,2,0
30902,0,0,0,0,0,0
30913,0,0,0,0,0,0
30934,0,0,0,0,0,0
30943,0,0,0,0,0,0
30953,0,0,0,0,0,0
30963,0,0,0,0,0,0
30971,0,0,0,0,0,0
30983,0,0,0,0,0,0
30992,0,0,0,0,0,0
31002,0,0,0,0,0,0
31012,0,0,0,0,0,0
31020,0,0,0,0,0,0
31029,0,0,0,0,0,0
31039,0,0,0,0,0,0
31049,0,0,0,0,0,0
31070,0,0,0,0,0,0
31083,0,0,0,0,0,0
31093,0,0,0,0,0,0
31103,0,0,0,0,0,0
31112,0,0,0,0,1,0
31130,0,0,0,1,1,0
31160,0,0,0,0,0,0
31169,0,0,0,0,0,0
31179,0,0,0,0,0,0
31189,0,0,0,0,0,0
31199,0,0,0,0,0,0
31209,0,0,0,0,0,0
31219,0,0,0,0,0,0
31229,0,0,0,0,0,0
31239,0,0,0,0,0,0
31249,0,0,0,0,0,0
31258,0,0,0,0,0,0
31280,0,0,0,0,0,0
31290,0,0,0,0,0,0
31299,0,0,0,0,0,0
31308,0,0,0,0,0,0
31318,0,0,0,0,0,0
31328,0,0,0,0,0,0
31338,0,0,0,0,0,0
31362,0,0,0,0,0,0
31372,0,0,0,0,0,0
31383,0,0,0,0,0,0
31395,0,0,0,0,0,0
31404,0,0,0,0,0,0
31413,0,0,0,0,0,0
31424,0,0,0,0,0,0
31436,0,0,0,0,0,0
31446,0,0,0,0,0,0
31466,0,0,0,0,0,0
31476,0,0,0,0,0,0
31486,0,0,0,0,0,0
31496,0,0,0,0,0,0
31505,0,0,0,0,0,0
31518,0,0,0,0,0,0
31528,0,0,0,0,0,0
31538,0,0,0,0,0,0
31548,0,0,0,0,0,0
31558,0,0,0,0,0,0
31567,0,0,0,0,0,0
31577,0,0,0,0,0,0
31590,0,0,0,0,0,0
31612,0,0,0,0,0,0
31622,0,0,0,0,0,0
31634,0,0,0,0,0,0
31665,0,0,0,0,0,0
31675,0,0,0,0,0,0
31685,0,0,0,0,0,0
31698,0,0,0,0,0,0
31716,0,0,0,0,0,0
31727,0,0,0,0,0,0
31738,0,0,0,0,0,0
31747,0,0,0,0,0,0
31758,0,0,0,0,0,0
31777,0,0,0,0,0,0
31785,0,0,0,0,0,0
31794,0,0,0,0,0,0
31802,0,0,0,0,0,0
31810,0,0,0,0,0,0
31822,0,0,0,0,0,0
31824,0,0,0,0,0,0
31837,0,0,0,0,0,0
31845,0,0,0,0,0,0
31857,0,0,0,0,0,0
31864,0,0,0,0,0,0
31873,0,0,0,0,0,0
31883,0,0,0,0,0,0
31896,0,0,0,0,0,0
31913,0,0,0,0,0,0
31921,0,0,0,0,0,0
31930,0,0,0,0,0,0
31938,0,0,0,0,0,0
31944,0,0,0,0,0,0
31951,0,0,0,0,0,0
31964,0,0,0,0,0,0
31973,0,0,0,0,0,0
31980,0,0,0,0,0,0
31987,0,0,0,0,0,0
32009,0,0,0,0,0,0
32019,0,0,0,0,0,0
32026,0,0,0,0,0,0
32035,0,0,0,0,0,0
32041,0,0,0,0,0,0
32057,0,0,0,0,0,0
32066,0,0,0,0,0,0
32074,0,0,0,0,0,0
32088,0,0,0,0,0,0
32100,0,0,0,0,0,0
32115,0,0,0,0,0,0
32128,0,0,0,0,0,0
32136,0,0,0,0,0,0
32143,0,0,0,0,0,0
32156,0,0,0,0,0,0
32170,0,0,0,0,0,0
32180,0,0,0,0,0,0
32185,0,0,0,0,0,0
32197,0,0,0,0,0,0
32206,0,0,0,0,0,0
32212,0,0,0,0,0,0
32227,0,0,0,0,0,0
32231,0,0,0,0,0,0
32251,0,0,0,0,0,0
32259,0,0,0,0,0,0
32266,0,0,0,0,0,0
32275,0,0,0,0,0,0
32288,0,0,0,0,0,0
32295,0,0,0,0,0,0
32301,0,0,0,0,0,0
32312,0,0,0,0,0,0
32326,0,0,0,0,0,0
32349,0,0,0,0,0,0
32359,0,0,0,0,0,0
32372,0,0,0,0,0,0
32376,0,0,0,0,0,0
32386,0,0,0,0,0,0
32400,0,0,0,0,0,0
32409,0,0,0,0,0,0
32418,0,0,0,0,0,0
32428,0,0,0,0,0,0
32442,0,0,0,0,0,0
32451,0,0,0,0,0,0
32460,0,0,0,0,0,0
32466,0,0,0,0,0,0
32472,0,0,0,0,0,0
32494,0,0,0,0,0,0
32503,0,0,0,0,0,0
32512,0,0,0,0,0,0
32520,0,0,0,0,0,0
32527,0,0,0,0,0,0
32542,0,0,0,0,0,0
32548,0,0,0,0,0,0
32556,0,0,0,0,0,0
32583,0,0,0,0,0,0
32603,0,0,0,0,0,0
32614,0,0,0,0,0,0
32618,0,0,0,0,0,0
32638,0,0,0,0,0,0
32655,0,0,0,0,0,0
32672,0,0,0,0,0,0
32702,0,0,0,0,0,0
32711,0,0,0,0,0,0
32717,0,0,0,0,0,0
32736,0,0,0,0,0,0
32743,0,0,0,0,0,0
32761,0,0,0,0,0,0
32771,0,0,0,0,0,0
32783,0,0,0,0,0,0
32791,0,0,0,0,0,0
32798,0,0,0,0,0,0
32805,0,0,0,0,0,0
32813,0,0,0,1,0,0
32821,0,0,0,1,1,0
32829,0,2,0,1,1,1
32838,1,6,0,0,0,6
32846,0,0,0,0,0,0
32855,0,0,0,0,0,0
32862,0,0,0,0,0,0
32869,0,0,0,0,0,0
32881,0,0,0,0,0,0
32887,0,0,0,0,0,0
32899,0,0,0,0,0,0
32904,0,0,0,0,0,0
32912,0,0,0,0,0,0
32920,0,0,0,0,0,0
32928,0,0,0,0,0,0
32937,0,0,0,0,0,0
32944,0,0,0,0,0,0
32950,0,0,0,0,0,0
32960,0,0,0,0,0,0
32971,0,0,0,0,0,0
32978,0,0,0,0,0,0
33005,0,0,0,0,0,0
33014,0,0,0,0,0,0
33020,0,0,0,0,0,0
33028,0,0,0,0,0,0
33036,0,0,0,0,0,0
33045,0,0,0,0,0,0
33054,0,0,0,1,1,0
33061,0,0,0,2,2,0
33076,0,0,0,0,0,0
33083,0,0,0,0,0,0
33091,0,0,0,0,0,0
33099,5,4,0,0,0,6
33107,0,0,0,0,0,0
33115,0,0,0,0,0,0
33123,0,0,0,0,0,0
33132,0,0,0,0,0,0
33139,0,0,0,0,0,0
33150,0,0,0,0,0,0
33156,0,0,0,0,0,0
33164,0,0,0,0,0,0
33172,0,0,0,0,0,0
33180,0,0,0,0,0,0
33188,0,0,0,0,0,0
33196,0,0,0,0,0,0
33204,0,0,0,0,0,0
33227,0,0,0,0,0,0
33235,0,0,0,0,0,0
33243,0,0,0,0,0,0
33251,0,0,0,0,0,0
33259,0,0,0,0,0,0
33267,0,0,0,0,0,0
33275,0,0,0,0,0,0
33283,0,0,0,0,0,0
33291,3,4,0,1,1,3
33299,0,0,0,3,2,0
33307,0,0,0,4,3,0
33315,2,5,0,4,3,4
33323,0,0,0,0,0,0
33331,0,0,0,0,0,0
33339,0,0,0,1,1,0
33348,3,0,0,0,0,2
33355,0,0,0,0,0,0
33362,0,0,0,0,0,0
33370,0,0,0,0,0,0
33378,0,0,0,0,0,0
33386,0,0,0,0,0,0
33394,0,0,0,0,0,0
33403,0,0,0,0,0,0
33409,0,0,0,0,0,0
33419,0,0,0,0,0,0
33428,0,0,0,0,0,0
33436,0,0,0,0,0,0
33444,0,0,0,0,0,0
33488,0,0,0,0,0,0
33496,0,0,0,0,0,0
33504,0,0,0,0,0,0
33512,0,0,0,0,0,0
33520,0,0,0,0,0,0
33528,0,0,0,0,0,0
33535,0,0,0,0,0,0
33550,0,0,0,0,0,0
33557,0,0,0,0,0,0
33564,0,0,0,0,0,0
33568,0,0,0,0,0,0
33575,0,0,0,0,0,0
33581,0,0,0,0,0,0
33590,0,0,0,0,0,0
33598,0,0,0,0,0,0
33610,0,0,0,0,0,0
33614,0,0,0,0,0,0
33621,0,0,0,0,0,0
33628,0,0,0,0,0,0
33635,0,0,0,0,0,0
33641,0,0,0,0,0,0
33649,0,0,0,0,0,0
33656,0,0,0,0,0,0
33663,0,0,0,0,0,0
33668,0,0,0,0,0,0
33678,0,0,0,0,0,0
33683,0,0,0,0,0,0
33690,0,0,0,0,0,0
33694,0,0,0,0,0,0
33701,0,0,0,0,0,0
33708,0,0,0,0,0,0
33714,0,0,0,0,0,0
33721,0,0,0,0,0,0
33730,0,0,0,0,0,0
33737,0,0,0,0,0,0
33743,0,0,0,0,0,0
33750,0,0,0,0,0,0
33756,0,0,0,0,0,0
33765,0,0,0,0,0,0
33772,0,0,0,0,0,0
33779,0,0,0,0,0,0
33788,0,0,0,0,0,0
33796,0,0,0,0,0,0
33804,0,0,0,0,0,0
33811,0,0,0,0,0,0
33818,0,0,0,0,0,0
33825,0,0,0,0,0,0
33829,0,0,0,0,0,0
33836,0,0,0,0,0,0
33843,0,0,0,0,0,0
33847,0,0,0,0,0,0
33853,0,0,0,0,0,0
33857,0,0,0,0,0,0
33864,0,0,0,0,0,0
33871,0,0,0,0,0,0
33878,0,0,0,0,0,0
33885,0,0,0,0,0,0
33892,0,0,0,0,0,0
33899,0,0,0,0,0,0
33906,0,0,0,0,0,0
33913,0,0,0,0,0,0
33920,0,0,0,0,0,0
33930,0,0,0,0,0,0
33934,0,0,0,0,0,0
33941,0,0,0,0,0,0
33948,0,0,0,0,0,0
33955,0,0,0,0,0,0
33962,0,0,0,0,0,0
33969,0,0,0,0,0,0
33976,0,0,0,0,0,0
33983,0,0,0,0,0,0
33990,0,0,0,0,0,0
33997,0,0,0,0,0,0
34004,0,0,0,0,0,0
34011,0,0,0,0,0,0
34017,0,1,0,0,0,0
34024,0,0,0,1,1,0
34030,0,0,0,0,2,0
34039,0,0,0,1,1,0
34047,0,0,0,0,0,0
34054,0,0,0,0,0,0
34061,0,0,0,0,0,0
34068,0,0,0,0,0,0
34072,0,0,0,0,0,0
34079,0,0,0,0,0,0
34086,0,0,0,0,0,0
34090,0,0,0,1,2,0
34097,0,0,0,0,0,0
34103,0,0,0,0,0,0
34110,0,0,0,0,0,0
34117,0,0,0,0,0,0
34124,0,0,0,0,0,0
34131,0,0,0,0,0,0
34138,0,0,0,0,0,0
34145,0,0,0,0,0,0
34152,0,0,0,0,0,0
34159,0,0,0,0,0,0
34166,0,0,0,0,0,0
34174,0,0,0,0,0,0
34181,0,0,0,0,0,0
34195,0,0,0,0,0,0
34202,0,0,0,0,0,0
34209,0,0,0,0,0,0
34216,0,0,0,0,0,0
34223,0,0,0,0,0,0
34229,0,0,0,0,0,0
34236,0,0,0,0,0,0
34241,0,0,0,0,0,0
34249,0,0,0,0,0,0
34256,0,0,0,0,0,0
34327,0,0,0,0,0,0
34334,0,0,0,0,0,0
34340,0,0,0,0,0,0
34353,0,0,0,0,0,0
34366,0,0,0,0,0,0
34373,0,0,0,0,0,0
34381,0,0,0,0,0,0
34388,0,0,0,0,0,0
34397,0,0,0,0,0,0
34403,0,0,0,0,0,0
34411,0,0,0,0,0,0
34417,0,0,0,0,0,0
34425,0,0,0,0,0,0
34432,0,0,0,0,0,0
34439,0,0,0,0,0,0
34446,0,0,0,0,0,0
34453,0,0,0,0,0,0
34460,0,0,0,0,0,0
34467,0,0,0,0,0,0
34475,0,0,0,0,0,0
34482,0,0,0,0,0,0
34489,0,0,0,0,0,0
34496,0,0,0,0,0,0
34504,0,0,0,0,0,0
34562,0,0,0,0,0,0
34569,0,0,0,0,0,0
34583,0,0,0,0,0,0
34626,0,0,0,0,0,0
34633,0,0,0,0,0,0
34663,0,0,0,0,0,0
34669,0,0,0,0,0,0
34677,0,0,0,0,0,0
34691,0,0,0,0,0,0
34698,0,0,0,0,0,0
34705,0,0,0,0,0,0
34727,0,0,0,0,0,0
34734,0,0,0,0,0,0
34741,0,0,0,0,0,0
34745,0,0,0,0,0,0
34787,0,0,0,0,0,0
34823,0,0,0,0,0,0
34830,0,0,0,0,0,0
34885,0,0,0,0,0,0
34896,0,0,0,0,0,0
34902,0,0,0,0,0,0
34931,0,0,0,0,0,0
34949,0,0,0,0,0,0
34968,0,0,0,0,0,0
34987,0,0,0,0,0,0
34993,0,0,0,0,0,0
35000,0,0,0,0,0,0
35006,0,0,0,0,0,0
35011,0,0,0,0,1,0
35016,0,0,0,0,0,0
35023,0,0,0,0,0,0
35028,0,0,0,0,0,0
35036,0,0,0,0,0,0
35041,0,0,0,0,0,0
35053,0,0,0,0,0,0
35059,0,0,0,0,0,0
35065,0,0,0,0,0,0
35072,0,0,0,0,0,0
35077,0,0,0,0,0,0
35083,0,0,0,0,0,0
35089,0,0,0,0,0,0
35095,0,0,0,0,0,0
35103,0,0,0,0,0,0
35107,0,0,0,0,0,0
35113,0,0,0,0,0,0
35118,0,0,0,0,0,0
35124,0,0,0,0,0,0
35130,0,0,0,0,0,0
35136,0,0,0,0,0,0
35143,0,0,0,0,0,0
35149,0,0,0,0,0,0
35160,0,0,0,0,0,0
35166,0,0,0,0,0,0
35178,0,0,0,0,0,0
35184,0,0,0,0,0,0
35196,0,0,0,0,0,0
35202,0,0,0,0,0,0
35207,0,0,0,0,0,0
35213,0,0,0,0,0,0
35219,0,0,0,0,0,0
35226,0,0,0,0,0,0
35232,0,0,0,0,0,0
35238,0,0,0,0,1,0
35244,0,0,0,1,1,0
35251,0,0,0,0,0,0
35257,0,0,0,2,2,0
35270,0,0,0,0,0,0
35275,0,0,0,0,0,0
35286,0,0,0,0,0,0
35297,0,0,0,0,0,0
35303,0,0,0,0,0,0
35308,0,0,0,0,0,0
35313,0,0,0,0,0,0
35319,0,0,0,0,0,0
35325,0,0,0,0,0,0
35331,0,0,0,0,0,0
35337,0,0,0,0,0,0
35342,0,0,0,0,0,0
35349,0,0,0,0,0,0
35355,0,0,0,0,0,0
35360,0,0,0,0,0,0
35366,0,0,0,0,0,0
35372,0,0,0,0,0,0
35378,0,0,0,0,0,0
35384,0,0,0,0,0,0
35390,0,0,0,0,0,0
35403,0,0,0,0,0,0
35409,0,0,0,0,0,0
35414,0,0,0,0,0,0
35420,0,0,0,0,0,0
35426,0,0,0,0,0,0
35432,0,0,0,0,0,0
35438,0,0,0,0,0,0
35444,0,0,0,0,0,0
35450,0,0,0,0,0,0
35456,0,0,0,0,0,0
35462,0,0,0,0,0,0
35468,0,0,0,0,0,0
35473,0,0,0,0,0,0
35480,0,0,0,0,1,0
35486,0,0,0,1,1,0
35492,0,0,0,2,2,0
35499,0,0,0,2,2,0
35510,0,0,0,0,0,0
35520,0,0,0,0,0,0
35526,0,0,0,0,0,0
35532,3,0,0,0,0,3
35540,0,0,0,0,0,0
35546,0,0,0,0,0,0
35556,0,0,0,0,0,0
35562,0,0,0,0,0,0
35568,0,0,0,0,0,0
35573,0,0,0,0,0,0
35579,0,0,0,0,0,0
35591,0,0,0,0,0,0
35597,0,0,0,0,0,0
35604,0,0,0,0,0,0
35610,0,0,0,0,0,0
35616,0,0,0,0,0,0
35621,0,0,0,0,0,0
35627,0,0,0,0,0,0
35633,0,0,0,0,0,0
35639,0,0,0,0,0,0
35645,0,0,0,0,0,0
35665,0,0,0,0,0,0
35671,0,0,0,0,0,0
35683,0,0,0,0,0,0
35689,0,0,0,0,0,0
35695,0,0,0,0,0,0
35701,0,0,0,0,0,0
35707,0,0,0,0,0,0
35713,0,0,0,0,0,0
35719,0,0,0,0,0,0
35725,0,0,0,0,0,0
35730,0,0,0,0,0,0
35738,0,0,0,0,0,0
35744,0,0,0,0,0,0
35751,0,0,0,0,0,0
35756,0,0,0,0,0,0
35762,0,0,0,0,0,0
35771,0,0,0,0,0,0
35777,0,0,0,0,0,0
35792,0,0,0,0,0,0
35798,0,0,0,0,0,0
35804,0,0,0,0,0,0
35813,0,0,0,0,0,0
35817,0,0,0,0,0,0
35824,0,0,0,0,0,0
35831,0,0,0,0,0,0
35837,0,0,0,0,0,0
35843,0,0,0,0,0,0
35849,0,0,0,0,0,0
35855,0,0,0,0,0,0
35861,0,0,0,0,0,0
35867,0,0,0,0,0,0
35874,0,0,0,0,0,0
35880,0,0,0,0,0,0
35886,0,0,0,0,0,0
35892,0,0,0,0,0,0
35898,0,0,0,0,0,0
35904,0,0,0,0,0,0
35910,0,0,0,0,0,0
35916,0,0,0,0,0,0
35922,0,0,0,0,0,0
35928,0,0,0,0,0,0
35934,0,0,0,0,0,0
35940,0,0,0,0,0,0
35946,0,0,0,0,0,0
35952,0,0,0,0,0,0
35958,0,0,0,0,0,0
35963,0,0,0,0,0,0
35969,0,0,0,0,0,0
35980,0,0,0,2,1,0
35986,0,0,0,0,0,0
35997,0,0,0,0,0,0
36003,0,0,0,0,0,0
36008,0,0,0,0,0,0
36014,0,0,0,0,0,0
36021,0,0,0,0,0,0
36025,0,0,0,0,0,0
36031,0,0,0,0,0,0
36042,0,0,0,0,0,0
36049,0,0,0,0,0,0
36052,0,0,0,0,0,0
36058,0,0,0,0,0,0
36065,0,0,0,0,0,0
36071,0,0,0,0,0,0
36077,0,0,0,0,0,0
36083,0,0,0,0,0,0
36089,0,0,0,0,0,0
36095,0,0,0,0,0,0
36101,0,0,0,0,0,0
36109,0,0,0,0,0,0
36115,0,0,0,0,0,0
36121,0,0,0,0,0,0
36126,0,0,0,0,0,0
36138,0,0,0,0,0,0
36143,0,0,0,0,0,0
36149,0,0,0,0,0,0
36155,0,0,0,0,0,0
36161,0,0,0,0,0,0
36167,0,0,0,0,0,0
36173,0,0,0,0,0,0
36179,0,0,0,0,0,0
36186,0,0,0,0,0,0
36192,0,0,0,0,0,0
36198,0,0,0,0,0,0
36202,0,0,0,0,0,0
36214,0,0,0,1,1,0
36220,0,0,0,0,0,0
36231,0,0,0,2,2,0
36237,0,0,0,0,0,0
36241,0,0,0,0,0,0
36247,0,0,0,0,0,0
36258,0,0,0,0,1,0
36263,0,0,0,0,0,0
36272,0,0,0,0,0,0
36280,0,0,0,0,0,0
36287,0,0,0,0,0,0
36293,0,0,0,0,0,0
36298,0,0,0,0,0,0
36304,0,0,0,0,0,0
36310,0,0,0,0,0,0
36316,0,0,0,0,0,0
36322,0,0,0,0,0,0
36328,0,0,0,0,0,0
36334,0,0,0,0,0,0
36341,0,0,0,0,0,0
36347,0,0,0,0,0,0
36353,0,0,0,0,0,0
36359,0,0,0,0,0,0
36365,0,0,0,0,0,0
36371,0,0,0,0,0,0
36383,0,0,0,0,0,0
36389,0,0,0,0,0,0
36401,0,0,0,0,0,0
36407,0,0,0,0,0,0
36420,0,0,0,0,0,0
36426,0,0,0,0,0,0
36432,0,0,0,0,0,0
36438,0,0,0,0,0,0
36443,0,0,0,0,0,0
36455,0,0,0,0,0,0
36461,0,0,0,0,0,0
36473,0,0,0,0,0,0
36479,0,0,0,0,0,0
36491,0,0,0,0,0,0
36500,0,0,0,0,0,0
36507,0,0,0,0,0,0
36517,0,0,0,0,0,0
36535,0,0,0,0,0,0
36540,0,0,0,0,0,0
36546,0,0,0,0,0,0
36552,0,0,0,0,0,0
36555,0,0,0,0,0,0
36561,0,0,0,0,0,0
36569,0,0,0,0,0,0
36574,0,0,0,0,0,0
36580,0,0,0,0,0,0
36586,0,0,0,0,0,0
36592,0,0,0,0,0,0
36598,0,0,0,0,0,0
36603,0,0,0,0,0,0
36610,0,0,0,0,0,0
36616,0,0,0,0,0,0
36622,0,0,0,0,0,0
36628,0,0,0,0,0,0
36634,0,0,0,0,0,0
36639,0,0,0,0,0,0
36645,0,0,0,0,0,0
36651,0,0,0,0,0,0
36657,0,0,0,0,0,0
36663,0,0,0,0,0,0
36669,0,0,0,0,0,0
36676,0,0,0,0,0,0
36682,0,0,0,0,0,0
36688,0,0,0,0,0,0
36706,0,0,0,0,0,0
36725,0,0,0,0,0,0
36731,0,0,0,0,0,0
36750,0,0,0,0,0,0
36759,0,0,0,0,0,0
36768,0,0,0,0,0,0
36774,0,0,0,0,0,0
36787,0,0,0,0,0,0
36792,0,0,0,0,0,0
36806,0,0,0,0,0,0
36812,0,0,0,0,0,0
36822,0,0,0,0,0,0
36828,0,0,0,0,0,0
36840,0,0,0,0,0,0
36851,0,0,0,0,0,0
36867,0,0,0,0,0,0
36873,0,0,0,0,0,0
36886,0,0,0,0,0,0
36891,0,0,0,0,0,0
36903,0,0,0,0,0,0
36909,0,0,0,0,0,0
36914,0,0,0,0,0,0
36919,0,0,0,0,0,0
36932,0,0,0,0,0,0
36936,0,0,0,0,0,0
36945,0,0,0,0,0,0
36957,0,0,0,0,0,0
36973,0,0,0,0,0,0
36983,0,0,0,0,0,0
36995,0,0,0,0,0,0
37001,0,0,0,0,0,0
37012,0,0,0,0,0,0
37036,0,0,0,0,0,0
37048,0,0,0,0,0,0
37054,0,0,0,0,0,0
37066,0,0,0,0,0,0
37082,0,0,0,0,0,0
37090,0,0,0,0,0,0
37116,0,0,0,0,0,0
37128,0,0,0,0,0,0
37143,0,0,0,0,0,0
37148,0,0,0,0,0,0
37153,0,0,0,0,0,0
37163,0,0,0,0,0,0
37173,0,0,0,0,0,0
37183,0,0,0,0,0,0
37192,0,0,0,0,0,0
37210,0,0,0,0,0,0
37219,0,0,0,0,0,0
37229,0,0,0,0,0,0
37239,0,0,0,0,0,0
37245,0,0,0,0,0,0
37250,0,0,0,0,0,0
37254,0,0,0,0,0,0
37259,0,0,0,0,0,0
37264,0,0,0,0,0,0
37269,0,0,0,0,0,0
37274,0,0,0,0,0,0
37279,0,0,0,0,0,0
37284,0,0,0,0,0,0
37289,0,0,0,0,0,0
37294,0,0,0,0,0,0
37299,0,0,0,0,0,0
37304,0,0,0,0,0,0
37309,0,0,0,0,0,0
37314,0,0,0,0,0,0
37319,0,0,0,0,0,0
37324,0,0,0,0,0,0
37330,0,0,0,0,0,0
37335,0,0,0,0,0,0
37340,0,0,0,0,0,0
37344,0,0,0,0,0,0
37354,0,0,0,0,0,0
37364,0,0,0,0,0,0
37369,0,0,0,0,0,0
37374,0,0,0,0,0,0
37379,0,0,0,0,0,0
37384,0,0,0,0,0,0
37389,0,0,0,0,0,0
37394,0,0,0,0,0,0
37399,0,0,0,0,0,0
37404,0,0,0,0,0,0
37409,0,0,0,0,0,0
37414,0,0,0,0,0,0
37419,0,0,0,0,0,0
37438,0,0,0,0,0,0
37443,0,0,0,2,2,0
37448,0,0,0,0,0,0
37453,0,0,0,0,0,0
37457,0,0,0,0,0,0
37463,0,0,0,0,0,0
37468,0,0,0,0,0,0
37473,0,0,0,0,0,0
37483,0,0,0,0,0,0
37488,0,0,0,0,0,0
37493,0,0,0,0,0,0
37498,0,0,0,0,0,0
37504,0,0,0,0,0,0
37508,0,0,0,0,0,0
37513,0,0,0,0,0,0
37518,0,0,0,0,0,0
37523,0,0,0,0,0,0
37528,0,0,0,0,0,0
37533,0,0,0,0,0,0
37538,0,0,0,0,0,0
37543,0,0,0,0,0,0
37548,0,0,0,0,0,0
37553,0,0,0,0,0,0
37558,0,0,0,0,0,0
37563,0,0,0,0,0,0
37568,0,0,0,0,0,0
37573,0,0,0,0,0,0
37578,0,0,0,0,0,0
37589,0,0,0,0,0,0
37599,0,0,0,0,0,0
37610,0,0,0,0,0,0
37615,0,0,0,0,0,0
37625,0,0,0,0,0,0
37635,0,0,0,0,0,0
37642,0,0,0,0,0,0
37652,0,0,0,0,0,0
37657,0,0,0,0,0,0
37662,0,0,0,0,0,0
37681,0,0,0,1,1,0
37686,0,0,0,2,2,0
37691,0,0,0,1,1,0
37696,0,0,0,0,0,0
37705,0,0,0,0,0,0
37710,0,0,0,0,0,0
37716,0,0,0,0,0,0
37721,0,0,0,0,0,0
37726,0,0,0,0,0,0
37731,0,0,0,0,0,0
37736,0,0,0,0,0,0
37741,0,0,0,0,0,0
37751,0,0,0,0,0,0
37756,0,0,0,0,0,0
37761,0,0,0,0,0,0
37766,0,0,0,0,0,0
37771,0,0,0,0,0,0
37776,0,0,0,0,0,0
37781,0,0,0,0,0,0
37786,0,0,0,0,0,0
37791,0,0,0,0,0,0
37796,0,0,0,0,0,0
37801,0,0,0,0,0,0
37806,0,0,0,0,0,0
37811,0,0,0,0,0,0
37815,0,0,0,0,0,0
37820,0,0,0,0,0,0
37825,0,0,0,0,0,0
37830,0,0,0,0,0,0
37834,0,0,0,0,0,0
37839,0,0,0,0,0,0
37843,0,0,0,0,0,0
37848,0,0,0,0,0,0
37853,0,0,0,0,0,0
37858,0,0,0,0,0,0
37862,0,0,0,0,0,0
37867,0,0,0,0,0,0
37877,0,0,0,0,0,0
37882,0,0,0,0,0,0
37887,0,0,0,0,0,0
37892,0,0,0,0,0,0
37898,0,0,0,0,0,0
37903,0,0,0,0,0,0
37907,0,0,0,0,0,0
37912,0,0,0,0,0,0
37916,0,0,0,0,0,0
37923,0,0,0,0,0,0
37931,0,0,0,0,0,0
37941,0,0,0,0,0,0
37950,0,0,0,0,0,0
37956,0,0,0,0,0,0
37960,0,0,0,0,0,0
37968,0,0,0,0,0,0
37977,0,0,0,0,0,0
37988,0,0,0,0,0,0
37993,0,0,0,0,0,0
37998,0,0,0,0,0,0
38003,0,0,0,0,0,0
38010,0,0,0,0,0,0
38015,0,0,0,0,0,0
38020,0,0,0,0,0,0
38025,0,0,0,0,0,0
38030,0,0,0,0,0,0
38035,0,0,0,0,0,0
38041,0,0,0,0,0,0
38046,0,0,0,0,0,0
38051,0,0,0,0,0,0
38056,0,0,0,0,0,0
38061,0,0,0,0,0,0
38066,0,0,0,0,0,0
38071,0,0,0,0,0,0
38076,0,0,0,0,0,0
38081,0,0,0,0,0,0
38086,0,0,0,0,0,0
38091,0,0,0,0,0,0
38096,0,0,0,0,0,0
38101,0,0,0,0,0,0
38106,0,0,0,0,0,0
38111,0,0,0,0,0,0
38116,0,0,0,0,0,0
38121,0,0,0,0,0,0
38126,0,0,0,0,0,0
38132,0,0,0,0,0,0
38137,0,0,0,0,0,0
38142,0,0,0,0,0,0
38147,0,0,0,0,0,0
38155,0,0,0,0,0,0
38164,0,0,0,0,0,0
38176,0,0,0,0,0,0
38181,0,0,0,0,0,0
38186,0,0,0,0,0,0
38191,0,0,0,0,0,0
38196,0,0,0,0,0,0
38202,0,0,0,0,0,0
38210,0,0,0,0,0,0
38218,0,0,0,0,0,0
38222,0,0,0,0,0,0
38227,0,0,0,0,0,0
38232,0,0,0,0,0,0
38238,0,0,0,0,0,0
38243,0,0,0,0,0,0
38248,0,0,0,0,0,0
38254,0,0,0,0,0,0
38259,0,0,0,0,0,0
38264,0,0,0,0,0,0
38275,0,0,0,0,0,0
38280,0,0,0,0,0,0
38283,0,0,0,0,0,0
38288,0,0,0,0,0,0
38295,0,0,0,0,0,0
38300,0,0,0,0,0,0
38305,0,0,0,0,0,0
38310,0,0,0,0,0,0
38315,0,0,0,0,0,0
38322,0,0,0,0,0,0
38326,0,0,0,0,0,0
38329,0,0,0,0,0,0
38333,0,0,0,0,0,0
38337,0,0,0,0,0,0
38341,0,0,0,0,0,0
38344,0,0,0,0,0,0
38348,0,0,0,0,0,0
38352,0,0,0,0,0,0
38356,0,0,0,0,0,0
38360,0,0,0,0,0,0
38365,0,0,0,0,0,0
38369,0,0,0,0,0,0
38373,0,0,0,0,0,0
38377,0,0,0,0,0,0
38381,0,0,0,0,0,0
38385,0,0,0,0,0,0
38389,0,0,0,0,0,0
38392,0,0,0,0,0,0
38397,0,0,0,0,0,0
38401,0,0,0,0,0,0
38407,0,0,0,0,0,0
38416,0,0,0,0,0,0
38419,0,0,0,0,0,0
38427,0,0,0,0,0,0
38429,0,0,0,0,0,0
38433,0,0,0,0,0,0
38437,0,0,0,0,0,0
38443,0,0,0,0,0,0
38447,0,0,0,0,0,0
38451,0,0,0,0,0,0
38455,0,0,0,0,0,0
38462,0,0,0,0,0,0
38470,0,0,0,0,0,0
38475,0,0,0,0,0,0
38488,0,0,0,0,0,0
38492,0,0,0,0,0,0
38496,0,0,0,0,0,0
38500,0,0,0,0,0,0
38504,0,0,0,0,0,0
38508,0,0,0,0,0,0
38512,0,0,0,0,0,0
38516,0,0,0,0,0,0
38520,0,0,0,0,0,0
38524,0,0,0,0,0,0
38528,0,0,0,0,0,0
38532,0,0,0,0,0,0
38536,0,0,0,0,0,0
38544,0,0,0,0,0,0
38547,0,0,0,0,0,0
38551,0,0,0,0,0,0
38555,0,0,0,0,0,0
38559,0,0,0,0,0,0
38571,0,0,0,0,0,0
38575,0,0,0,0,0,0
38579,0,0,0,0,0,0
38583,0,0,0,0,0,0
38587,0,0,0,0,0,0
38591,0,0,0,0,0,0
38595,0,0,0,0,0,0
38599,0,0,0,0,0,0
38603,0,0,0,0,0,0
38607,0,0,0,0,0,0
38611,0,0,0,0,0,0
38615,0,0,0,0,0,0
38619,0,0,0,0,0,0
38623,0,0,0,0,0,0
38627,0,0,0,0,0,0
38631,0,0,0,0,0,0
38634,0,0,0,0,0,0
38643,0,0,0,0,0,0
38660,0,0,0,0,0,0
38670,0,0,0,0,0,0
38671,0,0,0,0,0,0
38687,0,0,0,0,0,0
38694,0,0,0,0,0,0
38698,0,0,0,0,0,0
38706,0,0,0,0,0,0
38715,0,0,0,0,0,0
38725,0,0,0,0,0,0
38730,0,0,0,0,0,0
38735,0,0,0,0,0,0
38739,0,0,0,0,0,0
38742,0,0,0,0,0,0
38746,0,0,0,0,0,0
38752,0,0,0,0,0,0
38755,0,0,0,0,0,0
38760,0,0,0,0,0,0
38768,0,0,0,0,0,0
38772,0,0,0,0,0,0
38776,0,0,0,0,0,0
38780,0,0,0,0,0,0
38784,0,0,0,0,0,0
38786,0,0,0,0,0,0
38794,0,0,0,0,0,0
38798,0,0,0,0,0,0
38805,0,0,0,0,0,0
38809,0,0,0,0,0,0
38814,0,0,0,0,0,0
38819,0,0,0,0,0,0
38823,0,0,0,0,0,0
38826,0,0,0,0,0,0
38830,0,0,0,0,0,0
38834,0,0,0,0,0,0
38838,0,0,0,0,0,0
38841,0,0,0,0,0,0
38845,0,0,0,0,0,0
38849,0,0,0,0,0,0
38853,0,0,0,0,0,0
38857,0,0,0,0,0,0
38861,0,0,0,0,0,0
38865,0,0,0,0,0,0
38868,0,0,0,0,0,0
38873,0,0,0,0,0,0
38876,0,0,0,0,0,0
38883,0,0,0,0,0,0
38887,0,0,0,0,0,0
38892,0,0,0,0,0,0
38896,0,0,0,0,0,0
38902,0,0,0,0,0,0
38906,0,0,0,0,0,0
38912,0,0,0,0,0,0
38915,0,0,0,0,0,0
38920,0,0,0,0,0,0
38924,0,0,0,0,0,0
38928,0,0,0,0,0,0
38933,0,0,0,0,0,0
38939,0,0,0,0,0,0
38941,0,0,0,0,0,0
38949,0,0,0,0,0,0
38955,0,0,0,0,0,0
38959,0,0,0,0,0,0
38974,0,0,0,0,0,0
38978,0,0,0,0,0,0
38980,0,0,0,0,0,0
38985,0,0,0,0,0,0
38989,0,0,0,0,0,0
38993,0,0,0,0,0,0
39000,0,0,0,0,0,0
39002,0,0,0,0,0,0
39010,0,0,0,0,0,0
39014,0,0,0,0,0,0
39018,0,0,0,0,0,0
39020,0,0,0,0,0,0
39024,0,0,0,0,0,0
39028,0,0,0,0,0,0
39033,0,0,0,0,0,0
39037,0,0,0,0,0,0
39041,0,0,0,0,0,0
39053,0,0,0,0,0,0
39062,0,0,0,0,0,0
39066,0,0,0,0,0,0
39069,0,0,0,0,0,0
39073,0,0,0,0,0,0
39077,0,0,0,0,0,0
39081,0,0,0,0,0,0
39085,0,0,0,0,0,0
39089,0,0,0,0,0,0
39093,0,0,0,0,0,0
39097,0,0,0,0,0,0
39101,0,0,0,0,0,0
39105,0,0,0,0,0,0
39109,0,0,0,0,0,0
39114,0,0,0,0,0,0
39119,0,0,0,0,0,0
39138,0,0,0,0,0,0
39146,0,0,0,0,0,0
39155,0,0,0,0,0,0
39163,0,0,0,0,0,0
39166,0,0,0,0,0,0
39171,0,0,0,0,0,0
39175,0,0,0,0,0,0
39179,0,0,0,0,0,0
39185,0,0,0,0,0,0
39190,0,0,0,0,0,0
39194,0,0,0,0,0,0
39198,0,0,0,0,0,0
39201,0,0,0,0,0,0
39205,0,0,0,0,0,0
39213,0,0,0,0,0,0
39217,0,0,0,0,0,0
39222,0,0,0,0,0,0
39226,0,0,0,0,0,0
39234,0,0,0,0,0,0
39241,0,0,0,0,0,0
39245,0,0,0,0,0,0
39249,0,0,0,0,0,0
39253,0,0,0,0,0,0
39257,0,0,0,0,0,0
39261,0,0,0,0,0,0
39264,0,0,0,0,0,0
39267,0,0,0,0,0,0
39271,0,0,0,0,0,0
39279,0,0,0,0,0,0
39283,0,0,0,0,0,0
39295,0,0,0,0,0,0
39298,0,0,0,0,0,0
39306,0,0,0,0,0,0
39314,0,0,0,0,0,0
39321,0,0,0,0,0,0
39325,0,0,0,0,0,0
39330,0,0,0,0,0,0
39334,0,0,0,0,0,0
39342,0,0,0,0,0,0
39351,0,0,0,0,0,0
39358,0,0,0,0,0,0
39367,0,0,0,0,0,0
39372,0,0,0,1,1,0
39375,0,0,0,0,0,0
39380,0,0,0,1,1,0
39390,1,5,0,2,1,4
39393,0,0,0,0,0,0
39398,0,0,0,0,0,0
39402,0,0,0,0,0,0
39406,0,0,0,0,0,0
39410,0,0,0,0,0,0
39414,0,0,0,0,0,0
39418,0,0,0,0,0,0
39427,1,2,0,0,0,3
39435,5,4,0,0,0,6
39439,0,0,0,0,0,0
39442,0,0,0,0,0,0
39446,0,0,0,0,0,0
39450,0,0,0,0,0,0
39453,0,0,0,0,0,0
39457,0,0,0,0,0,0
39462,0,0,0,0,0,0
39466,0,0,0,0,0,0
39470,0,0,0,0,0,0
39475,0,0,0,0,0,0
39479,0,0,0,0,0,0
39482,0,0,0,0,0,0
39486,0,0,0,0,0,0
39490,0,0,0,0,0,0
39494,0,0,0,0,0,0
39498,0,1,0,0,0,0
39503,0,0,0,0,0,0
39507,0,2,0,0,0,0
39510,0,0,0,0,0,0
39514,0,0,0,0,0,0
39518,0,0,0,0,0,0
39522,0,0,0,0,0,0
39526,0,0,0,0,0,0
39530,0,0,0,0,0,0
39534,0,0,0,0,0,0
39542,0,0,0,0,0,0
39550,0,0,0,0,0,0
39554,0,0,0,0,0,0
39558,0,0,0,0,0,0
39562,0,0,0,0,0,0
39566,0,0,0,0,0,0
39570,0,0,2,0,0,0
39574,0,0,0,0,0,0
39578,0,0,0,0,0,0
39582,0,0,0,0,0,0
39586,0,0,0,0,0,0
39590,0,0,0,0,0,0
39594,0,0,0,0,0,0
39598,0,0,0,0,0,0
39602,0,0,0,0,0,0
39606,0,2,0,0,0,0
39610,0,0,0,1,1,0
39614,0,0,0,5,4,0
39618,0,0,0,0,0,0
39623,0,0,0,1,1,0
39628,0,0,0,0,1,0
39632,0,0,0,1,1,0
39636,0,0,0,0,0,0
39640,0,0,0,0,0,0
39644,0,0,0,1,1,0
39648,0,0,0,0,0,0
39652,0,0,0,2,2,0
39659,0,0,0,0,0,0
39663,0,0,0,0,0,0
39668,0,0,0,0,0,0
39672,0,0,0,0,0,0
39676,0,0,0,0,0,0
39680,0,0,0,0,0,0
39684,0,0,0,0,0,0
39688,0,0,0,0,0,0
39692,0,0,0,0,0,0
39696,0,0,0,0,0,0
39700,0,0,0,0,0,0
39704,0,0,0,0,0,0
39708,0,0,0,0,0,0
39712,0,0,0,0,0,0
39716,0,0,0,0,1,0
39720,0,0,0,0,0,0
39724,0,0,0,0,0,0
39728,0,0,0,0,0,0
39732,0,1,0,0,0,0
39736,0,0,0,0,0,0
39740,0,0,0,0,0,0
39745,0,0,0,0,0,0
39749,0,0,0,0,0,0
39753,0,0,0,0,0,0
39757,0,0,0,0,0,0
39761,0,0,0,0,0,0
39765,0,0,0,0,0,0
39769,0,0,0,0,0,0
39772,0,0,0,0,0,0
39776,0,0,0,0,0,0
39786,0,0,0,0,0,0
39794,0,0,0,0,0,0
39798,0,0,0,0,0,0
39802,0,0,0,0,0,0
39806,0,0,0,0,0,0
39810,0,0,0,0,0,0
39814,0,0,0,0,0,0
39818,0,0,0,0,0,0
39820,0,0,0,0,0,0
39824,0,0,0,0,0,0
39828,0,0,0,0,0,0
39832,0,0,0,0,0,0
39836,0,0,0,0,0,0
39840,0,2,0,0,0,0
39844,0,0,0,0,0,0
39848,0,0,0,0,0,0
39852,1,0,0,1,2,1
39856,0,0,0,4,4,0
39860,0,0,0,3,2,0
39864,0,0,0,2,2,0
39868,0,0,0,4,4,0
39877,0,0,0,5,3,0
39881,0,0,0,0,0,0
39886,0,0,0,2,2,0
39894,6,4,0,0,0,7
39898,0,0,0,1,1,0
39901,0,0,0,0,0,0
39904,0,0,0,0,0,0
39909,5,0,0,0,0,3
39912,11,2,0,0,0,7
39916,0,0,0,0,0,0
39921,14,0,0,0,0,8
39924,3,0,0,0,0,3
39929,0,0,0,0,0,0
39933,0,0,0,0,0,0
39937,0,0,0,0,0,0
39941,0,0,0,0,0,0
39945,0,0,0,0,0,0
39948,0,0,0,0,0,0
39951,0,0,0,0,0,0
39955,0,0,0,0,0,0
39959,0,0,0,0,0,0
39964,0,0,0,0,0,0
39967,0,0,0,0,0,0
39971,0,0,0,0,0,0
39976,0,0,0,0,0,0
39980,0,0,0,0,0,0
39984,0,3,0,0,0,3
39988,0,0,0,0,0,0
39992,0,0,0,0,0,0
39996,0,0,0,0,0,0
40000,0,0,0,0,0,0
40004,0,0,0,0,0,0
40008,0,0,0,0,0,0
40012,0,0,0,0,0,0
40015,0,0,0,0,0,0
43783,0,0,0,0,0,0
43792,0,0,0,0,0,0
43801,0,0,0,0,0,0
43822,0,0,0,0,0,0
43842,0,0,0,0,0,0
43855,0,0,0,0,0,0
43863,0,0,0,0,0,0
43869,0,0,0,0,0,0
43883,0,0,0,0,0,0
43893,0,0,0,0,0,0
43914,0,0,0,0,0,0
43923,0,0,0,0,0,0
43932,0,0,0,0,0,0
43942,0,0,0,0,0,0
43952,0,0,0,0,0,0
43962,0,0,0,0,0,0
43974,0,0,0,0,0,0
44009,0,0,0,1,1,0
44027,0,0,0,0,0,0
44039,0,0,0,0,0,0
44049,0,0,0,0,0,0
44059,0,0,0,0,0,0
44069,0,0,0,0,0,0
44079,0,0,0,0,0,0
44089,0,0,0,0,0,0
44099,0,0,0,0,0,0
44109,0,0,0,0,0,0
44130,0,0,0,0,0,0
44140,0,0,0,0,0,0
44148,0,0,0,0,0,0
44158,0,0,0,0,0,0
44167,0,0,0,0,0,0
44176,0,0,0,0,0,0
44184,0,0,0,0,0,0
44204,0,0,0,0,0,0
44213,0,0,0,0,0,0
44221,0,0,0,0,0,0
44233,0,0,0,1,1,0
44239,0,0,0,1,3,0
44252,0,0,0,1,1,0
44260,0,0,0,0,1,0
44278,0,0,0,1,1,0
44287,0,0,0,0,0,0
44296,0,0,0,0,0,0
44305,0,0,0,0,0,0
44314,0,0,0,0,0,0
44324,0,0,0,0,0,0
44332,0,0,0,0,0,0
44340,0,0,0,0,0,0
44349,0,0,0,0,0,0
44358,0,0,0,0,0,0
44366,0,0,0,0,0,0
44375,0,0,0,0,0,0
44384,0,0,0,0,0,0
44392,0,0,0,0,0,0
44400,0,0,0,0,0,0
44409,0,0,0,0,0,0
44416,0,0,0,0,0,0
44426,0,0,0,0,0,0
44434,0,0,0,0,0,0
44446,0,0,0,0,0,0
44455,0,0,0,0,0,0
44462,0,0,0,0,0,0
44473,0,0,0,0,0,0
44500,0,0,0,0,0,0
44527,0,0,0,0,0,0
44537,0,0,0,0,0,0
44549,0,0,0,0,0,0
44576,0,0,0,0,0,0
44583,0,0,0,0,0,0
44591,0,0,0,0,0,0
44601,0,0,0,0,0,0
44610,0,0,0,0,0,0
44616,0,0,0,0,0,0
44623,0,0,0,0,0,0
44633,0,0,0,0,0,0
44642,0,0,0,0,0,0
44649,0,0,0,0,0,0
44657,0,0,0,0,0,0
44665,0,0,0,0,0,0
44673,0,0,0,0,0,0
44681,0,0,0,0,0,0
44689,0,0,0,0,0,0
44697,0,0,0,0,0,0
44703,0,0,0,0,0,0
44711,0,0,0,0,0,0
44720,0,0,0,0,0,0
44727,0,0,0,0,0,0
44733,0,0,0,0,0,0
44774,0,0,0,0,0,0
44782,0,0,0,0,0,0
44788,0,0,0,0,0,0
44810,0,0,0,0,0,0
44818,0,0,0,0,0,0
44826,0,0,0,0,0,0
44834,0,0,0,0,0,0
44840,0,0,0,0,0,0
44851,0,0,0,0,0,0
44857,0,0,0,0,0,0
44873,0,0,0,0,0,0
44881,0,0,0,0,0,0
44889,0,0,0,0,0,0
44895,0,0,0,0,0,0
44900,0,0,0,0,0,0
44908,0,0,0,0,0,0
44916,0,0,0,0,0,0
44924,0,0,0,0,0,0
44932,0,0,0,0,0,0
44940,0,0,0,0,0,0
44947,0,0,0,0,0,0
44961,0,0,0,2,0,0
44969,0,0,0,0,0,0
44979,0,0,0,0,1,0
44985,0,0,0,0,0,0
44999,0,0,0,0,0,0
45007,0,0,0,0,0,0
45015,0,0,0,0,0,0
45026,0,0,0,0,0,0
45034,0,0,0,0,0,0
45040,0,0,0,0,0,0
45048,0,0,0,0,0,0
45061,0,0,0,0,0,0
45069,0,0,0,0,0,0
45077,0,0,0,0,0,0
45086,0,0,0,0,0,0
45095,0,0,0,0,0,0
45102,0,0,0,0,0,0
45109,0,0,0,0,0,0
45120,0,0,0,0,0,0
45126,0,0,0,0,0,0
45135,0,0,0,0,0,0
45143,0,0,0,0,0,0
45151,0,0,0,0,0,0
45159,0,0,0,0,0,0
45166,0,0,0,0,0,0
45176,0,0,0,0,0,0
45183,0,0,0,0,0,0
45188,0,0,0,0,0,0
45196,0,0,0,0,0,0
45210,0,0,0,0,0,0
45242,0,0,0,0,0,0
45248,0,0,0,0,0,0
45260,0,0,0,0,0,0
45265,0,0,0,0,0,0
45276,0,0,0,0,0,0
45292,0,0,0,0,0,0
45314,0,0,0,0,0,0
45331,0,0,0,0,0,0
45339,0,0,0,0,0,0
45345,0,0,0,0,0,0
45350,0,0,0,0,0,0
45359,0,0,0,0,0,0
45366,0,0,0,0,0,0
45379,0,0,0,0,0,0
45391,0,0,0,0,0,0
45397,0,0,0,0,0,0
45407,0,0,0,0,0,0
45416,0,0,0,0,0,0
45423,0,0,0,0,0,0
45431,0,0,0,0,0,0
45439,0,0,0,0,0,0
45447,0,0,0,0,0,0
45465,0,0,0,0,0,0
45484,0,0,0,0,0,0
45489,0,0,0,0,0,0
45512,0,0,0,0,0,0
45516,0,0,0,0,0,0
45534,0,0,0,0,0,0
45548,0,0,0,0,0,0
45556,0,0,0,0,0,0
45564,0,0,0,0,0,0
45572,0,0,0,0,0,0
45576,0,0,0,0,0,0
45586,0,0,0,0,0,0
45599,0,0,0,0,0,0
45604,0,0,0,0,0,0
45616,0,0,0,0,0,0
45623,0,0,0,0,0,0
45630,0,0,0,0,0,0
45654,0,0,0,0,0,0
45662,0,0,0,0,0,0
45671,0,0,0,0,0,0
45679,0,0,0,0,0,0
45705,0,0,0,0,0,0
45714,0,0,0,0,0,0
45724,0,0,0,0,0,0
45734,0,0,0,0,0,0
45742,0,0,0,0,0,0
45750,0,0,0,0,0,0
45762,0,0,0,0,0,0
45775,0,0,0,0,0,0
45786,0,0,0,0,0,0
45792,0,0,0,0,0,0
45803,0,0,0,0,0,0
45814,0,0,0,0,0,0
45819,0,0,0,0,0,0
45829,0,0,0,0,0,0
45840,0,0,0,0,0,0
45868,0,0,0,0,0,0
45874,0,0,0,0,0,0
45883,0,0,0,0,0,0
45892,0,0,0,0,0,0
45900,0,0,0,0,0,0
45909,0,0,0,0,0,0
45933,0,0,0,2,2,0
45941,0,0,0,1,1,0
45949,0,0,0,2,2,0
45955,0,0,0,0,0,0
45961,0,0,0,0,0,0
45969,4,5,0,0,0,8
45977,0,0,0,0,0,0
45985,0,0,0,0,0,0
45993,0,0,0,0,0,0
46007,0,0,0,0,0,0
46015,0,0,0,0,0,0
46023,0,0,0,0,0,0
46031,0,0,0,0,0,0
46039,0,0,0,0,0,0
46045,0,0,0,0,0,0
46054,0,0,0,0,0,0
46066,0,0,0,0,0,0
46072,0,0,0,0,0,0
46081,0,0,0,0,0,0
46097,0,0,0,0,0,0
46105,0,0,0,0,0,0
46112,0,0,0,0,0,0
46119,0,0,0,0,0,0
46126,0,0,0,0,0,0
46133,0,0,0,0,0,0
46140,0,0,0,0,0,0
46146,0,0,0,0,0,0
46154,0,0,0,0,0,0
46161,0,0,0,0,0,0
46167,0,2,0,0,0,0
46174,0,0,0,3,2,0
46179,0,0,0,1,1,0
46187,0,0,0,5,4,0
46193,0,0,0,1,2,0
46201,0,0,0,0,0,0
46207,0,0,0,0,0,0
46213,0,0,0,1,0,0
46220,0,0,0,0,0,0
46227,0,0,0,0,0,0
46234,0,0,0,0,0,0
46241,0,0,0,0,0,0
46248,10,0,0,0,0,6
46254,0,0,0,0,0,0
46260,0,0,0,0,0,0
46267,0,0,0,0,0,0
46274,0,0,0,0,0,0
46281,0,0,0,0,0,0
46288,0,0,0,0,0,0
46295,0,0,0,0,0,0
46302,0,2,0,1,0,2
46309,0,0,0,0,0,0
46316,0,0,0,0,0,0
46324,0,0,0,0,0,0
46331,0,0,0,0,0,0
46338,0,0,0,0,0,0
46345,0,0,0,0,0,0
46357,0,0,0,0,0,0
46364,0,0,0,0,0,0
46371,0,0,0,0,0,0
46378,0,0,0,0,0,0
46385,0,0,0,0,0,0
46392,0,2,0,0,0,0
46399,0,0,0,0,0,0
46406,0,0,0,0,0,0
46413,3,5,0,1,2,3
46420,0,0,0,5,3,0
46427,0,0,0,0,1,0
46434,0,0,0,2,2,0
46443,4,0,0,2,1,3
46449,3,0,0,0,0,3
46457,0,0,0,1,0,0
46464,9,2,0,1,1,5
46471,0,0,0,0,0,0
46478,0,0,0,0,0,0
46485,3,0,0,0,0,3
46492,0,0,0,0,0,0
46499,0,0,0,0,0,0
46506,0,0,0,0,0,0
46513,0,0,0,0,0,0
46520,0,0,0,1,1,0
46527,0,0,0,0,0,0
46534,0,0,0,0,0,0
46541,0,0,0,0,0,0
46548,0,0,0,0,0,0
46556,0,0,0,0,0,0
46562,0,0,0,0,0,0
46569,0,0,0,0,0,0
46582,0,0,0,0,0,0
46589,0,0,0,0,0,0
46608,0,0,0,0,0,0
46614,0,0,0,0,0,0
46619,0,0,0,0,0,0
46625,0,0,0,0,0,0
46631,0,0,0,0,0,0
46637,0,0,0,0,0,0
46643,0,0,0,0,0,0
46649,0,0,0,0,0,0
46655,0,0,0,0,0,0
46661,0,0,0,0,1,0
46671,0,0,0,0,0,0
46677,0,0,0,0,0,0
46682,0,0,0,0,1,0
46688,0,0,0,0,0,0
46694,0,0,0,0,0,0
46700,0,0,0,0,0,0
46706,0,0,0,0,0,0
46712,0,0,0,0,0,0
46721,0,0,0,0,0,0
46728,0,0,0,0,0,0
46734,0,4,0,0,0,4
46742,0,0,0,0,0,0
46748,0,0,0,0,0,0
46752,0,0,0,0,0,0
46758,0,0,0,0,0,0
46765,0,0,0,0,0,0
46772,0,0,0,0,0,0
46778,0,0,0,0,0,0
46784,0,0,0,0,0,0
46789,0,0,0,0,0,0
46795,0,0,0,0,0,0
46800,0,0,0,0,0,0
46806,0,1,0,0,0,0
46812,0,0,0,0,0,0
46819,0,0,0,0,0,0
46825,0,0,0,0,0,0
46831,0,0,0,0,0,0
46837,0,0,0,0,0,0
46844,0,0,0,0,0,0
46850,0,0,0,0,0,0
46854,0,0,0,0,0,0
46862,0,0,0,0,0,0
46867,0,0,0,0,0,0
46872,0,0,0,0,0,0
46880,0,0,0,0,0,0
46886,0,0,0,0,0,0
46892,0,0,0,0,0,0
46896,0,0,0,0,0,0
46902,0,0,0,1,1,0
46914,0,0,0,1,1,0
46920,0,0,0,2,3,0
46924,0,0,0,0,1,0
46931,0,0,0,0,0,0
46937,0,0,0,0,0,0
46945,0,0,0,0,0,0
46952,0,0,0,0,0,0
46958,0,0,0,0,0,0
46964,0,0,0,0,0,0
46973,0,0,0,0,0,0
46980,0,0,0,0,0,0
46986,0,0,0,0,0,0
46992,0,0,0,0,0,0
46998,0,0,0,0,0,0
47006,0,0,0,0,0,0
47012,0,0,0,0,0,0
47018,0,0,0,0,0,0
47024,0,0,0,0,0,0
47030,0,0,0,0,0,0
47036,0,0,0,0,0,0
47042,0,0,0,0,0,0
47048,0,0,0,0,0,0
47054,0,0,0,0,0,0
47060,0,0,0,0,0,0
47066,0,0,0,0,0,0
47072,0,0,0,0,0,0
47078,0,0,0,0,0,0
47084,0,0,0,0,0,0
47090,0,0,0,0,0,0
47096,0,0,0,0,0,0
47102,0,0,0,0,0,0
47108,0,0,0,0,0,0
47114,0,0,0,0,0,0
47119,0,0,0,0,0,0
47125,0,0,0,0,0,0
47132,0,0,0,0,0,0
47139,0,1,1,0,0,0
47147,0,0,0,1,1,0
47150,0,0,0,0,0,0
47155,0,0,0,2,2,0
47161,0,0,0,0,2,0
47169,0,0,0,0,0,0
47175,0,0,0,1,1,0
47183,0,0,0,0,0,0
47185,0,0,0,1,1,0
47191,0,0,0,0,0,0
47198,0,0,0,0,0,0
47206,0,0,0,0,0,0
47212,0,0,0,1,2,0
47219,0,0,0,0,0,0
47225,0,0,0,0,0,0
47231,0,0,0,0,0,0
47237,0,0,0,0,0,0
47243,0,0,0,0,0,0
47247,0,0,0,0,0,0
47254,0,0,0,0,0,0
47261,0,0,0,0,0,0
47267,0,0,0,0,0,0
47273,0,0,0,0,0,0
47279,0,0,0,0,0,0
47285,0,0,0,0,0,0
47292,0,2,0,0,0,0
47298,0,0,0,0,0,0
47304,0,0,0,0,0,0
47310,0,0,0,0,0,0
47316,0,0,0,0,0,0
47322,0,0,0,0,0,0
47328,0,0,0,0,0,0
47334,0,0,0,0,0,0
47340,0,0,0,0,0,0
47347,0,0,0,0,0,0
47354,0,0,0,0,0,0
47359,0,0,0,0,0,0
47365,0,0,0,0,0,0
47371,0,0,0,0,0,0
47377,0,0,0,0,0,0
47383,0,0,0,0,0,0
47402,0,0,0,0,0,0
47408,0,0,0,0,0,0
47414,0,0,0,0,0,0
47420,0,0,0,0,0,0
47426,0,0,0,0,0,0
47431,0,0,0,0,0,0
47436,0,0,0,0,0,0
47455,0,0,0,0,0,0
47461,0,0,0,0,0,0
47467,0,0,0,0,0,0
47473,0,0,0,0,0,0
47479,0,0,0,0,0,0
47484,0,0,0,0,0,0
47491,0,0,0,0,0,0
47496,0,0,0,0,0,0
47503,0,0,0,0,0,0
47509,0,0,0,0,0,0
47515,0,0,0,0,0,0
47520,0,0,0,0,0,0
47526,0,0,0,0,0,0
47534,0,0,0,0,0,0
47540,0,0,0,0,0,0
47546,0,0,0,0,0,0
47551,0,0,0,0,0,0
47557,0,0,0,0,0,0
47569,0,0,0,0,0,0
47575,0,0,0,0,0,0
47587,0,0,0,0,0,0
47593,0,0,0,0,0,0
47599,0,0,0,0,0,0
47607,0,0,0,0,0,0
47611,0,0,0,0,0,0
47618,0,0,0,0,0,0
47625,0,0,0,0,0,0
47635,0,0,0,0,0,0
47643,0,0,0,0,0,0
47649,0,0,0,0,0,0
47654,0,0,0,0,0,0
47661,0,0,0,0,0,0
47668,0,0,0,0,0,0
47676,0,0,0,0,0,0
47682,0,0,0,0,0,0
47688,0,0,1,0,0,0
47694,0,0,0,0,0,0
47700,0,0,0,0,0,0
47707,0,0,0,0,0,0
47712,0,0,0,0,0,0
47718,0,0,0,0,0,0
47724,0,0,0,0,0,0
47730,0,0,0,0,0,0
47736,0,0,0,0,0,0
47748,0,0,0,0,0,0
47754,0,0,0,0,0,0
47760,0,0,0,0,0,0
47766,0,0,0,0,0,0
47772,0,0,0,0,0,0
47778,0,0,1,0,0,0
47784,0,0,0,0,0,0
47790,0,0,0,0,0,0
47796,0,0,0,0,0,0
47802,0,0,0,0,0,0
47808,0,0,0,0,0,0
47814,0,0,0,0,0,0
47820,0,0,0,0,0,0
47826,0,0,0,0,0,0
47832,0,0,0,0,0,0
47838,0,0,0,0,0,0
47845,0,0,0,0,0,0
47851,0,0,0,0,0,0
47857,0,0,0,0,0,0
47864,0,0,0,0,0,0
47870,0,0,0,0,0,0
47876,0,0,0,0,0,0
47882,0,0,0,0,0,0
47888,0,0,0,0,0,0
47894,0,0,0,0,0,0
47900,0,0,0,0,0,0
47906,0,0,0,0,0,0
47911,0,0,0,0,0,0
47918,0,0,0,0,0,0
47924,0,0,0,0,0,0
47930,0,0,0,0,0,0
47936,0,0,0,0,0,0
47948,0,0,0,0,0,0
47954,0,0,0,0,0,0
47966,0,0,0,0,0,0
47972,0,0,0,0,0,0
47977,0,0,0,0,0,0
47983,0,0,0,0,0,0
47989,0,0,0,0,0,0
47993,0,0,0,0,0,0
47999,0,0,0,0,0,0
48005,0,0,0,0,0,0
48011,0,0,0,0,0,0
48017,0,0,0,0,0,0
48023,0,0,0,0,0,0
48027,0,0,0,0,0,0
48033,0,0,0,0,0,0
48047,0,0,0,0,0,0
48052,0,0,0,0,0,0
48058,0,0,0,0,0,0
48064,0,0,0,0,0,0
48070,0,0,0,0,0,0
48082,0,0,0,0,0,0
48088,0,0,0,0,0,0
48102,0,0,3,0,0,0
48108,0,0,0,0,0,0
48115,0,0,0,1,0,0
48121,0,0,0,1,0,0
48127,0,0,0,2,2,0
48133,0,0,0,2,2,0
48140,0,0,0,1,1,0
48147,0,0,0,0,0,0
48156,0,0,0,0,0,0
48162,0,0,0,0,0,0
48174,0,0,0,0,0,0
48180,0,0,0,0,0,0
48192,0,0,0,0,0,0
48198,0,0,0,0,0,0
48204,0,0,0,0,0,0
48210,0,0,0,0,0,0
48216,0,0,0,0,0,0
48221,0,0,0,0,0,0
48227,0,0,0,0,0,0
48232,0,0,0,0,0,0
48240,0,0,0,0,0,0
48246,0,0,0,0,0,0
48252,0,0,0,0,0,0
48257,0,0,0,0,0,0
48263,0,0,0,0,0,0
48269,0,0,0,0,0,0
48275,0,0,0,0,0,0
48281,0,0,0,0,0,0
48292,0,0,0,0,0,0
48298,0,0,0,0,0,0
48313,0,0,0,0,0,0
48319,0,0,0,0,0,0
48325,0,0,0,0,0,0
48329,0,0,0,0,0,0
48335,0,0,0,0,0,0
48341,0,0,0,0,0,0
48347,0,0,0,0,0,0
48353,0,0,0,0,0,0
48363,0,0,0,4,2,0
48368,0,0,0,1,2,0
48375,0,2,0,0,2,0
48383,0,0,0,2,2,0
48388,0,0,0,0,0,0
48401,0,0,0,0,0,0
48406,0,0,0,0,0,0
48426,0,0,0,0,0,0
48434,0,0,0,0,0,0
48437,0,0,0,0,0,0
48442,0,0,0,0,0,0
48450,0,0,0,0,0,0
48454,0,0,0,0,0,0
48460,0,0,0,0,0,0
48466,0,0,0,0,0,0
48472,0,0,0,0,0,0
48478,0,0,0,0,0,0
48484,0,0,0,0,0,0
48490,0,0,0,0,0,0
48496,0,0,0,0,0,0
48501,0,0,0,0,0,0
48507,0,0,0,0,0,0
48513,0,0,0,0,0,0
48525,0,0,0,0,0,0
48532,0,0,0,0,0,0
48536,0,0,0,0,0,0
48542,0,0,0,0,0,0
48548,0,0,0,0,0,0
48554,0,0,0,0,0,0
48560,0,0,0,0,0,0
48566,0,0,0,0,0,0
48572,0,0,0,0,0,0
48578,0,0,0,0,0,0
48584,0,0,0,0,0,0
48591,0,0,0,0,0,0
48597,0,0,0,0,0,0
48607,0,0,0,4,3,0
48613,0,0,0,0,3,0
48619,0,2,0,0,3,0
48626,0,0,0,2,2,0
48632,0,0,0,0,0,0
48643,0,0,0,1,1,0
48649,0,0,0,0,0,0
48661,0,0,0,0,0,0
48669,0,0,0,0,0,0
48676,0,0,0,0,0,0
48683,0,0,0,0,0,0
48690,0,0,0,0,0,0
48696,0,0,0,0,0,0
48711,0,0,0,0,0,0
48717,0,0,0,0,0,0
48723,0,0,0,0,0,0
48729,0,0,0,0,0,0
48735,0,0,0,0,0,0
48741,0,0,0,0,0,0
48748,0,0,0,0,0,0
48753,0,0,0,0,0,0
48761,0,0,0,0,0,0
48767,0,0,0,0,0,0
48786,0,0,0,0,0,0
48792,0,0,0,0,0,0
48795,0,0,0,0,0,0
48803,0,0,0,0,0,0
48809,0,0,0,0,0,0
48815,0,0,0,0,0,0
48821,0,0,0,0,0,0
48827,0,0,0,0,0,0
48841,0,0,0,0,0,0
48846,0,0,0,0,0,0
48852,0,0,0,0,0,0
48860,0,0,0,0,0,0
48866,0,0,0,0,0,0
48874,0,0,0,0,0,0
48885,0,0,0,0,0,0
48891,0,0,0,0,0,0
48897,0,0,0,0,0,0
48904,0,0,0,0,0,0
48909,0,0,0,0,0,0
48914,0,0,0,0,0,0
48920,0,0,0,0,0,0
48926,0,0,0,0,0,0
48935,0,0,0,0,0,0
48941,0,0,0,0,0,0
48947,0,0,0,0,0,0
48953,0,0,0,0,0,0
48958,0,0,0,0,0,0
48965,0,0,0,0,0,0
48971,0,0,0,0,0,0
48977,0,0,0,0,0,0
48983,0,0,0,0,0,0
48989,0,0,0,0,0,0
48994,0,0,0,0,0,0
49002,0,0,0,0,0,0
49007,0,0,0,0,0,0
49014,0,0,0,0,0,0
49020,0,0,0,0,0,0
49026,0,0,0,0,0,0
49030,0,0,0,0,0,0
49037,0,0,0,0,0,0
49043,0,0,0,0,0,0
49050,0,0,0,0,0,0
49055,0,0,0,0,0,0
49061,0,0,0,0,0,0
49067,0,0,0,0,0,0
49071,0,0,0,0,0,0
49077,0,0,0,0,0,0
49083,0,0,0,0,0,0
49089,0,0,0,0,0,0
49095,0,0,0,1,0,0
49112,0,0,0,2,2,0
49118,0,0,0,0,0,0
49130,0,0,0,0,0,0
49136,0,0,0,0,0,0
49148,0,0,0,0,0,0
49154,0,0,0,0,0,0
49161,0,0,0,0,0,0
49167,0,0,0,0,0,0
49173,0,0,0,0,0,0
49179,0,0,0,0,0,0
49185,0,0,0,0,0,0
49191,0,0,0,0,0,0
49197,0,0,0,0,0,0
49203,0,0,0,0,0,0
49209,0,0,0,0,0,0
49215,0,0,0,0,0,0
49221,0,0,0,0,0,0
49227,0,0,0,0,0,0
49233,0,0,0,0,0,0
49239,0,0,0,0,0,0
49245,0,0,0,0,0,0
49251,0,0,0,0,0,0
49257,0,0,0,0,0,0
49263,0,0,0,0,0,0
49269,0,0,0,0,0,0
49275,0,0,0,0,0,0
49281,0,0,0,0,0,0
49287,0,0,0,0,0,0
49293,0,0,0,0,0,0
49299,0,0,0,0,0,0
49305,0,0,0,0,0,0
49311,0,0,0,0,0,0
49317,0,0,0,0,0,0
49323,0,0,0,0,0,0
49329,0,0,0,0,3,0
49337,0,0,0,2,2,0
49343,0,0,0,1,2,0
49355,0,0,0,2,2,0
49361,0,0,0,0,0,0
49367,0,0,0,0,0,0
49374,0,0,0,0,0,0
49381,0,0,0,2,2,0
49386,0,0,0,0,0,0
49392,0,0,0,0,0,0
49398,0,0,0,0,0,0
49410,0,0,0,0,0,0
49416,0,0,0,0,0,0
49422,0,0,0,0,0,0
49428,0,0,0,0,0,0
49434,0,0,0,1,0,0
49440,0,0,0,0,0,0
49446,0,0,0,0,0,0
49452,0,0,0,0,0,0
49458,0,0,0,0,0,0
49464,0,0,0,0,0,0
49470,0,0,0,0,0,0
49476,0,0,0,0,0,0
49482,0,0,0,0,0,0
49488,0,0,0,0,0,0
49494,0,0,0,0,0,0
49505,0,0,0,0,0,0
49510,0,0,0,0,0,0
49517,0,0,0,1,0,0
49522,0,0,0,0,0,0
49528,0,0,0,0,0,0
49541,0,0,0,0,0,0
49547,0,0,0,0,0,0
49552,0,0,0,0,0,0
49558,0,0,0,0,0,0
49564,0,0,0,0,0,0
49570,0,0,0,0,0,0
49593,0,0,0,0,0,0
49603,0,0,0,0,0,0
49611,0,0,0,0,0,0
49629,0,0,0,0,0,0
49670,0,0,0,0,0,0
49679,0,0,0,0,0,0
49689,0,0,0,0,0,0
49699,0,0,0,0,0,0
49709,0,0,0,0,0,0
49725,0,0,0,0,0,0
49735,0,0,0,0,0,0
49745,0,0,0,0,0,0
49756,0,0,0,0,0,0
49768,0,0,0,0,0,0
49777,0,0,0,0,0,0
49787,0,0,0,0,0,0
49797,0,0,0,0,0,0
49808,0,0,0,0,0,0
49863,0,0,0,0,0,0
49872,0,0,0,0,0,0
49882,0,0,0,0,0,0
49891,0,0,0,0,0,0
49909,0,0,0,0,0,0
49932,0,0,0,0,0,0
49942,0,0,0,0,0,0
49962,0,0,0,0,0,0
49972,0,0,0,0,0,0
49980,0,0,0,0,0,0
50000,0,0,0,0,0,0
50014,0,0,0,0,0,0
50024,0,0,0,0,0,0
50034,0,0,0,0,0,0
50044,0,0,0,0,0,0
50054,0,0,0,0,0,0
50086,0,0,0,0,0,0
50096,0,0,0,0,0,0
50126,0,0,0,0,0,0
50139,0,0,0,0,0,0
50150,0,0,0,0,0,0
50159,0,0,0,0,0,0
50170,0,0,0,0,0,0
50178,0,0,0,0,0,0
50188,0,0,0,0,0,0
50198,0,0,0,0,0,0
50229,0,0,0,0,0,0
50239,0,0,0,0,0,0
50249,0,0,0,0,0,0
50259,0,0,0,0,0,0
50269,0,0,0,0,0,0
50288,0,0,0,0,0,0
50302,0,0,0,0,0,0
50314,0,0,0,1,1,0
50336,0,0,0,0,0,0
50349,0,0,0,0,0,0
50359,0,0,0,0,0,0
50379,0,0,0,0,0,0
50389,0,0,0,0,0,0
50414,0,0,0,0,0,0
50424,0,0,0,0,0,0
50431,0,0,0,0,0,0
50445,0,0,0,0,0,0
50457,0,0,0,0,0,0
50467,0,0,0,0,0,0
50476,0,0,0,0,0,0
50486,0,0,0,0,0,0
50496,0,0,0,0,0,0
50506,0,0,0,0,0,0
50515,0,0,0,0,0,0
50525,0,0,0,0,0,0
50534,0,0,0,0,0,0
50547,0,0,0,0,2,0
50559,0,0,0,2,2,0
50579,0,0,0,0,1,0
50607,0,0,0,0,0,0
50623,0,0,0,0,0,0
50632,0,0,0,0,0,0
50644,0,0,0,0,0,0
50653,0,0,0,0,0,0
50664,0,0,0,0,0,0
50680,0,0,0,0,0,0
50700,0,0,0,0,0,0
50711,0,0,0,0,0,0
50721,0,0,0,0,0,0
50731,0,0,0,0,0,0
50741,0,0,0,0,0,0
50761,0,0,0,0,0,0
50770,0,0,0,0,0,0
50779,0,0,0,0,0,0
50799,0,0,0,1,2,0
50809,0,0,0,1,3,0
50819,0,0,0,0,0,0
50840,0,0,0,1,1,0
50853,0,0,0,0,0,0
50862,0,0,0,0,0,0
50872,0,0,0,0,0,0
50882,0,0,0,0,0,0
50893,0,0,0,0,0,0
50903,0,0,0,0,0,0
50913,0,0,0,0,0,0
50923,0,0,0,0,0,0
50932,0,0,0,0,0,0
50954,0,0,0,0,0,0
50963,0,0,0,0,0,0
50973,0,0,0,0,0,0
50984,0,0,0,0,0,0
50993,0,0,0,0,0,0
51002,0,0,0,0,0,0
51011,0,0,0,0,0,0
51020,0,0,0,0,0,0
51029,0,0,0,0,0,0
51038,0,0,0,0,0,0
51048,0,0,0,0,0,0
51054,0,0,0,0,0,0
51063,0,0,0,0,0,0
51071,0,0,0,0,0,0
51111,0,0,0,0,0,0
51120,0,0,0,0,0,0
51134,0,0,0,0,0,0
51145,0,0,0,0,0,0
51152,0,0,0,0,0,0
51163,0,0,0,0,0,0
51169,0,0,0,0,0,0
51180,0,0,0,0,0,0
51187,0,0,0,0,0,0
51196,0,0,0,0,0,0
51207,0,0,0,0,0,0
51215,0,0,0,0,0,0
51224,0,0,0,0,0,0
51233,0,0,0,0,0,0
51241,0,0,0,0,0,0
51248,0,0,0,0,0,0
51260,0,0,0,0,0,0
51269,0,0,0,0,0,0
51277,0,0,0,0,0,0
51287,0,0,0,0,0,0
51299,0,0,0,0,0,0
51324,0,0,0,0,0,0
51335,0,0,0,0,0,0
51341,0,0,0,0,0,0
51354,0,0,0,0,0,0
51371,0,0,0,0,0,0
51380,0,0,0,0,0,0
51390,0,0,0,0,0,0
51406,0,0,0,0,0,0
51412,0,0,0,0,0,0
51423,0,0,0,0,0,0
51430,0,0,0,0,0,0
51439,0,0,0,0,0,0
51460,0,0,0,0,0,0
51468,0,0,0,0,0,0
51475,0,0,0,0,0,0
51485,0,0,0,0,0,0
51494,0,0,0,0,0,0
51500,0,0,0,0,0,0
51515,0,0,0,0,0,0
51523,0,0,0,2,1,0
51528,0,0,0,0,0,0
51538,0,0,0,0,0,0
51547,0,0,0,0,0,0
51559,0,0,0,0,0,0
51569,0,0,0,0,0,0
51576,0,0,0,0,0,0
51582,0,0,0,0,0,0
51593,0,0,0,0,0,0
51604,0,0,0,0,0,0
51613,0,0,0,0,0,0
51622,0,0,0,0,0,0
51632,0,0,0,0,0,0
51640,0,0,0,0,0,0
51647,0,0,0,0,0,0
51659,0,0,0,0,0,0
51665,0,0,0,0,0,0
51677,0,0,0,0,0,0
51684,0,0,0,0,0,0
51688,0,0,0,0,0,0
51702,0,0,0,0,0,0
51706,0,0,0,0,0,0
51722,0,0,0,0,0,0
51725,0,0,0,0,0,0
51739,0,0,0,0,0,0
51744,0,0,0,0,0,0
51755,0,0,0,0,0,0
51773,0,0,0,0,0,0
51810,0,0,0,0,0,0
51817,0,0,0,0,0,0
51838,0,0,0,0,0,0
51846,0,0,0,0,0,0
51856,0,0,0,0,0,0
51866,0,0,0,0,0,0
51879,0,0,0,0,0,0
51889,0,0,0,0,0,0
51910,0,0,0,0,0,0
51917,0,0,0,0,0,0
51927,0,0,0,0,0,0
51933,0,0,0,0,0,0
51943,0,0,0,0,0,0
51950,0,0,0,0,0,0
51961,0,0,0,0,0,0
51969,0,0,0,0,0,0
51975,0,0,0,0,0,0
51988,0,0,0,0,0,0
51996,0,0,0,0,0,0
52018,0,0,0,0,0,0
52026,0,0,0,0,0,0
52035,0,0,0,0,0,0
52041,0,0,0,0,0,0
52060,0,0,0,0,0,0
52079,0,0,0,0,0,0
52102,0,0,0,0,0,0
52112,0,0,0,0,0,0
52122,0,0,0,0,0,0
52130,0,0,0,0,0,0
52144,0,0,0,0,0,0
52156,0,0,0,0,0,0
52180,0,0,0,0,0,0
52186,0,0,0,0,0,0
52192,0,0,0,0,0,0
52204,0,0,0,0,0,0
52211,0,0,0,0,0,0
52221,0,0,0,0,0,0
52228,0,0,0,0,0,0
52240,0,0,0,0,0,0
52267,0,0,0,0,0,0
52278,0,0,0,0,0,0
52284,0,0,0,0,0,0
52298,0,0,0,0,0,0
52306,0,0,0,0,0,0
52313,0,0,0,0,0,0
52338,0,0,0,0,0,0
52349,0,0,0,0,0,0
52356,0,0,0,0,0,0
52364,0,0,0,0,0,0
52379,0,0,0,0,0,0
52382,0,0,0,0,0,0
52397,0,0,0,0,0,0
52404,0,0,0,0,0,0
52429,0,0,0,0,0,0
52436,0,0,0,0,0,0
52452,0,0,0,0,0,0
52462,0,0,0,0,0,0
52475,0,0,0,0,0,0
52481,0,0,0,0,0,0
52492,0,0,0,2,2,0
52500,0,0,0,2,2,0
52513,0,0,0,2,2,0
52523,0,0,0,0,0,0
52529,0,0,0,0,0,0
52534,0,0,0,0,0,0
52549,0,0,0,0,0,0
52555,0,0,0,0,0,0
52566,8,0,0,0,0,5
52575,0,0,0,0,0,0
52582,0,0,0,0,0,0
52588,0,0,0,0,0,0
52597,0,0,0,0,0,0
52612,0,0,0,0,0,0
52618,0,0,0,0,0,0
52625,0,0,0,0,0,0
52639,0,0,0,0,0,0
52646,0,0,0,0,0,0
52656,0,0,0,0,0,0
52666,0,0,0,0,0,0
52682,0,0,0,0,0,0
52693,0,0,0,0,0,0
52700,0,0,0,0,0,0
52707,0,0,0,0,0,0
52714,0,0,0,0,0,0
52726,0,0,0,0,0,0
52743,0,0,0,2,3,0
52756,0,0,0,4,4,0
52762,0,0,0,0,0,0
52770,0,0,0,1,2,0
52784,0,0,0,1,1,0
52788,1,0,0,0,0,0
52802,0,0,0,0,0,0
52808,0,0,0,0,0,0
52813,0,0,0,0,0,0
52826,0,0,0,0,0,0
52832,0,0,0,0,0,0
52843,0,0,0,0,0,0
52850,0,0,0,0,0,0
52862,0,0,0,0,0,0
52870,0,0,0,0,0,0
52877,0,0,0,0,0,0
52890,4,5,0,0,0,8
52901,0,0,0,0,0,0
52908,0,0,0,0,0,0
52916,0,0,0,0,0,0
52924,0,0,0,0,0,0
52932,0,0,0,0,0,0
52955,0,0,0,0,0,0
52964,0,0,0,0,0,0
52971,0,0,0,0,0,0
52979,0,0,0,1,2,0
53000,0,0,0,3,3,0
53009,0,0,0,1,0,0
53016,8,3,0,2,1,7
53024,0,0,0,0,0,0
53029,0,0,0,0,0,0
53038,0,0,0,0,0,0
53050,0,0,0,0,0,0
53059,0,0,0,0,0,0
53067,0,0,0,0,0,0
53075,0,0,0,1,2,0
53086,0,0,0,0,0,0
53098,0,0,0,0,0,0
53106,0,0,0,0,0,0
53116,0,0,0,0,0,0
53123,0,0,0,0,0,0
53129,0,0,0,0,0,0
53140,0,0,0,0,0,0
53148,0,0,0,0,0,0
53162,0,0,0,0,0,0
53169,0,0,0,0,0,0
53177,0,0,0,0,0,0
53184,0,0,0,0,0,0
53196,0,0,0,0,0,0
53202,0,0,0,0,0,0
53207,0,0,0,0,0,0
53213,0,0,0,0,0,0
53219,0,0,0,0,0,0
53235,0,0,0,0,0,0
53241,0,0,0,2,2,0
53247,0,0,0,0,0,0
53251,0,0,0,0,0,0
53256,0,0,0,0,0,0
53262,0,0,0,0,0,0
53268,0,0,0,2,2,0
53274,0,0,0,0,0,0
53278,0,0,0,0,0,0
53284,0,0,0,0,0,0
53297,0,0,0,0,0,0
53302,0,0,0,0,0,0
53308,0,0,0,0,0,0
53314,0,0,0,0,0,0
53320,0,0,0,0,0,0
53326,0,0,0,0,0,0
53332,0,0,0,0,0,0
53338,0,0,0,0,0,0
53345,0,0,0,0,0,0
53351,0,0,0,0,0,0
53357,0,0,0,0,0,0
53362,0,0,0,0,0,0
53368,0,0,0,0,0,0
53374,0,0,0,0,0,0
53380,0,0,0,0,0,0
53386,0,0,0,0,0,0
53392,0,0,0,0,0,0
53398,0,0,0,0,0,0
53404,0,0,0,0,0,0
53410,0,0,0,0,0,0
53416,0,0,0,0,0,0
53423,0,0,0,0,0,0
53429,0,0,0,0,0,0
53435,0,0,0,0,0,0
53441,0,0,0,0,0,0
53445,0,0,0,0,0,0
53453,0,0,0,0,0,0
53458,0,0,0,0,0,0
53464,0,0,0,2,2,0
53473,0,0,0,2,3,0
53484,0,0,0,2,2,0
53490,0,0,0,0,0,0
53496,0,0,0,0,0,0
53502,0,0,0,0,1,0
53508,0,0,0,0,0,0
53513,0,0,0,0,1,0
53519,0,0,0,0,0,0
53525,0,0,0,0,0,0
53533,0,0,0,0,0,0
53542,0,0,0,0,0,0
53548,0,0,0,0,0,0
53554,0,0,0,0,0,0
53559,0,0,0,0,0,0
53566,0,0,0,0,0,0
53572,0,0,0,0,0,0
53578,0,0,0,0,0,0
53584,0,0,0,0,0,0
53591,0,0,0,0,0,0
53596,0,0,0,0,0,0
53604,0,0,0,0,0,0
53610,0,1,0,0,0,0
53616,0,0,0,0,0,0
53622,0,0,0,0,0,0
53628,0,0,0,0,0,0
53635,0,0,0,0,0,0
53641,0,0,0,0,0,0
53649,0,0,0,0,0,0
53655,0,0,0,0,0,0
53661,0,0,0,0,0,0
53667,0,0,0,0,0,0
53672,0,0,0,0,0,0
53678,0,0,0,0,0,0
53684,0,0,0,0,0,0
53688,0,0,0,0,0,0
53695,0,0,0,0,0,0
53702,0,0,0,0,0,0
53708,0,0,0,3,3,0
53714,0,0,0,2,4,0
53720,0,0,0,1,1,0
53726,0,0,0,2,3,0
53732,0,0,0,0,0,0
53746,0,0,0,0,1,0
53752,0,0,0,2,2,0
53758,0,0,0,0,0,0
53765,0,0,0,1,0,0
53771,0,0,0,0,0,0
53777,0,0,0,0,0,0
53785,0,0,0,0,0,0
53791,0,0,0,0,0,0
53797,0,0,0,1,1,0
53803,0,0,0,0,0,0
53808,0,0,0,0,0,0
53814,0,0,0,0,0,0
53821,0,0,0,0,0,0
53827,0,0,0,0,0,0
53834,0,0,0,0,0,0
53840,0,0,0,0,0,0
53848,0,0,0,0,0,0
53854,0,0,0,0,0,0
53860,0,0,0,0,0,0
53866,0,0,0,0,0,0
53872,0,0,0,0,0,0
53878,0,0,0,0,0,0
53884,0,0,0,0,0,0
53889,0,0,0,0,0,0
53895,0,0,0,0,0,0
53902,0,0,0,0,0,0
53907,0,0,0,0,0,0
53914,0,0,0,0,0,0
53920,0,0,0,0,0,0
53927,0,0,0,0,0,0
53933,0,0,0,0,0,0
53939,0,0,0,0,0,0
53945,0,0,0,0,0,0
53957,0,0,0,0,0,0
53969,0,0,0,0,0,0
53981,0,0,0,0,0,0
53987,0,0,0,0,0,0
53993,0,0,0,0,0,0
53998,0,0,0,0,0,0
54004,0,0,0,0,0,0
54010,0,0,0,0,0,0
54015,0,0,0,0,0,0
54021,0,0,0,0,0,0
54027,0,0,0,0,0,0
54033,0,0,0,0,0,0
54039,0,0,0,0,0,0
54045,0,0,0,0,0,0
54059,0,0,0,0,0,0
54064,0,0,0,0,0,0
54071,0,0,0,0,0,0
54077,0,0,0,0,0,0
54081,0,0,0,0,0,0
54087,0,0,0,0,0,0
54093,0,0,0,0,0,0
54099,0,0,0,0,0,0
54105,0,0,0,0,0,0
54113,0,0,0,0,0,0
54118,0,0,0,0,0,0
54125,0,0,0,0,0,0
54132,0,0,0,0,0,0
54138,0,0,0,0,0,0
54144,0,0,0,0,0,0
54149,0,0,0,0,0,0
54155,0,0,0,0,0,0
54161,0,0,0,0,0,0
54170,0,0,0,0,0,0
54176,0,0,0,0,0,0
54182,0,0,0,0,0,0
54186,0,0,0,0,0,0
54192,0,0,0,0,0,0
54198,0,0,0,0,0,0
54206,0,0,0,0,0,0
54212,0,0,0,0,0,0
54215,0,0,0,0,0,0
54222,0,0,0,0,0,0
54230,0,0,0,0,0,0
54242,0,0,0,0,0,0
54246,0,0,0,0,0,0
54252,0,0,0,0,0,0
54265,0,0,0,0,0,0
54271,0,0,0,0,0,0
54278,0,0,0,0,0,0
54284,0,0,0,0,0,0
54290,0,0,0,0,0,0
54296,0,0,0,0,0,0
54302,0,0,0,0,0,0
54307,0,0,0,0,0,0
54313,0,0,0,0,0,0
54319,0,0,0,0,0,0
54326,0,0,0,0,0,0
54332,0,0,0,0,0,0
54337,0,0,0,0,0,0
54343,0,0,0,0,0,0
54349,0,0,0,0,0,0
54355,0,0,0,0,0,0
54362,0,0,0,0,0,0
54366,0,0,0,0,0,0
54372,0,0,0,0,0,0
54378,0,0,0,0,0,0
54384,0,0,0,0,0,0
54391,0,0,0,0,0,0
54396,0,0,0,0,0,0
54402,0,0,0,0,0,0
54409,0,0,0,0,0,0
54415,0,0,0,0,0,0
54421,0,0,0,0,0,0
54427,0,0,0,0,0,0
54433,0,0,0,0,0,0
54439,0,0,0,0,0,0
54445,0,0,0,0,1,0
54451,0,0,0,0,0,0
54470,0,0,0,0,0,0
54476,0,0,0,0,0,0
54482,0,0,0,0,0,0
54488,0,0,0,0,0,0
54494,0,0,0,0,0,0
54500,0,0,0,0,0,0
54506,0,0,0,0,0,0
54512,0,0,0,0,0,0
54516,0,0,0,0,0,0
54523,0,0,0,0,0,0
54536,0,0,0,0,0,0
54542,0,0,0,0,0,0
54548,0,0,0,0,0,0
54554,0,0,0,0,0,0
54560,0,0,0,0,0,0
54573,0,0,1,0,0,0
54581,0,0,0,0,0,0
54587,0,0,0,0,0,0
54593,0,0,0,0,0,0
54599,0,0,0,0,0,0
54604,0,0,0,0,0,0
54616,0,0,0,0,0,0
54621,0,0,0,0,0,0
54626,0,0,0,0,0,0
54632,0,0,0,0,0,0
54638,0,0,0,0,0,0
54644,0,0,0,0,0,0
54651,0,0,0,0,0,0
54657,0,0,0,0,0,0
54663,0,0,0,0,0,0
54671,0,0,0,0,0,0
54681,0,0,0,2,1,0
54687,0,0,0,2,2,0
54693,0,2,0,3,3,0
54701,0,0,0,2,1,0
54708,0,0,0,0,0,0
54716,0,0,0,0,0,0
54728,0,0,0,0,0,0
54734,0,0,0,0,0,0
54746,0,0,0,0,0,0
54752,0,0,0,0,0,0
54763,0,0,0,0,0,0
54769,0,0,0,0,0,0
54775,0,0,0,0,0,0
54787,0,0,0,0,0,0
54792,0,0,0,0,0,0
54798,0,0,0,0,0,0
54804,0,0,0,0,0,0
54808,0,0,0,0,0,0
54814,0,0,0,0,0,0
54820,0,0,0,0,0,0
54825,0,0,0,0,0,0
54831,0,0,0,0,0,0
54845,0,0,0,0,0,0
54851,0,0,0,0,0,0
54870,0,0,0,0,0,0
54876,0,0,0,0,0,0
54880,0,0,0,0,0,0
54886,0,0,0,0,0,0
54893,0,0,0,0,0,0
54898,0,0,0,0,0,0
54903,0,0,0,0,0,0
54907,0,0,0,0,0,0
54912,0,0,0,0,0,0
54917,0,0,0,0,0,0
54922,0,0,0,0,1,0
54927,0,4,0,0,3,0
54934,0,0,0,2,2,0
54939,0,2,0,4,4,0
54944,0,0,0,2,2,0
54949,0,0,0,0,0,0
54959,0,0,0,0,0,0
54963,0,0,0,0,0,0
54969,0,0,0,2,2,0
54978,0,0,0,0,0,0
54988,0,0,0,0,0,0
54993,0,0,0,0,0,0
54999,0,0,0,0,0,0
55003,0,0,0,0,0,0
55008,0,0,0,0,0,0
55013,0,0,0,0,0,0
55018,0,0,0,0,0,0
55022,0,0,0,0,0,0
55027,0,0,0,0,0,0
55032,0,0,0,0,0,0
55037,0,0,0,0,0,0
55042,0,0,0,0,0,0
55047,0,0,0,0,0,0
55052,0,0,0,0,0,0
55058,0,0,0,0,0,0
55063,0,0,0,0,0,0
55068,0,0,0,0,0,0
55073,0,0,0,0,0,0
55078,0,0,0,0,0,0
55083,0,0,0,0,0,0
55088,0,0,0,0,0,0
55093,0,0,0,0,0,0
55097,0,0,0,0,0,0
55105,0,0,0,0,0,0
55113,0,0,0,0,0,0
55121,0,0,0,0,0,0
55129,0,0,0,0,0,0
55133,0,0,0,0,0,0
55137,0,0,0,0,0,0
55141,0,0,0,0,0,0
55145,0,0,0,0,0,0
55149,0,0,0,0,0,0
55158,0,0,0,0,0,0
55165,0,0,0,0,2,0
55169,0,0,0,3,3,0
55173,0,0,0,1,3,0
55177,0,0,0,2,2,0
55184,0,0,0,2,3,0
55191,0,0,0,1,0,0
55195,0,0,0,0,1,0
55203,0,0,0,2,2,0
55211,0,0,0,0,0,0
55213,0,0,0,2,2,0
55218,2,0,0,0,0,0
55222,0,0,0,0,0,0
55230,3,0,0,1,0,3
55238,0,0,0,0,0,0
55242,0,0,0,0,0,0
55246,0,0,0,0,0,0
55254,0,0,0,0,0,0
55258,0,0,0,0,0,0
55262,0,0,0,1,2,0
55266,0,0,0,0,0,0
55270,0,0,0,0,0,0
55274,0,0,0,0,0,0
55278,0,0,0,0,0,0
55282,0,0,0,0,0,0
55286,0,0,0,0,0,0
55290,0,0,0,0,0,0
55294,0,0,0,0,0,0
55298,0,0,0,0,0,0
55302,0,0,0,0,0,0
55306,0,0,0,0,0,0
55310,0,0,0,0,0,0
55314,0,0,0,0,0,0
55318,0,0,0,0,0,0
55322,0,0,0,0,0,0
55326,0,0,0,0,0,0
55330,0,0,0,0,0,0
55339,0,0,0,0,0,0
55346,0,0,0,0,0,0
55355,0,0,0,0,0,0
55358,0,0,0,0,0,0
55362,0,0,0,0,0,0
55367,0,0,0,0,0,0
55371,0,0,0,0,0,0
55374,0,0,0,0,0,0
55379,0,0,0,0,0,0
55382,0,0,0,0,0,0
55390,0,0,0,0,0,0
55394,0,0,0,0,0,0
55398,0,0,0,0,0,0
55401,0,0,0,0,0,0
55404,0,0,0,0,0,0
55409,0,0,0,0,0,0
55412,0,0,0,0,0,0
55416,0,0,0,0,0,0
55419,0,0,0,0,0,0
55425,0,0,0,0,0,0
55428,0,0,0,0,0,0
55431,0,0,0,0,0,0
55436,0,0,0,0,0,0
55439,0,0,0,0,0,0
55443,0,0,0,0,0,0
55446,0,0,0,0,0,0
55452,0,0,0,0,0,0
55455,0,0,0,0,0,0
55458,0,0,0,0,0,0
55462,0,0,0,0,0,0
55465,0,0,0,0,0,0
55470,0,0,0,0,0,0
55473,0,0,0,0,0,0
55475,0,0,0,0,0,0
55480,0,0,0,0,0,0
55483,0,0,0,0,0,0
55489,0,0,0,0,0,0
55492,0,0,0,0,0,0
55495,0,0,0,0,0,0
55498,0,0,0,0,0,0
55501,0,0,0,0,0,0
55507,0,0,0,0,0,0
55510,0,0,0,0,0,0
55513,0,0,0,0,0,0
55516,0,0,0,0,0,0
55519,0,0,0,0,0,0
55522,0,0,0,0,0,0
55526,0,0,0,0,0,0
55529,0,0,0,0,0,0
55532,0,0,0,0,0,0
55535,0,0,0,0,0,0
55538,0,0,0,0,0,0
55541,0,0,0,0,0,0
55545,0,0,0,0,0,0
55548,0,0,0,0,0,0
55551,0,0,0,0,0,0
55554,0,0,0,0,0,0
55556,0,0,0,0,0,0
55560,0,0,0,0,0,0
55562,0,0,0,0,0,0
55565,0,0,0,0,0,0
55568,0,0,0,0,0,0
55571,0,0,0,0,0,0
55574,0,0,0,0,0,0
55577,0,0,0,0,0,0
55580,0,0,0,0,0,0
55587,0,0,0,0,0,0
55590,0,0,0,0,0,0
55593,0,0,0,0,0,0
55596,0,0,0,0,0,0
55599,0,0,0,0,0,0
55602,0,0,0,0,0,0
55606,0,0,0,0,0,0
55609,0,0,0,0,0,0
55612,0,0,0,0,0,0
55615,0,0,0,0,0,0
55618,0,0,0,0,0,0
55621,0,0,0,0,0,0
55624,0,0,0,0,0,0
55627,0,0,0,0,0,0
55630,0,0,0,0,0,0
55633,0,0,0,0,0,0
55636,0,0,0,0,0,0
55639,0,0,0,0,0,0
55642,0,0,0,0,0,0
55645,0,0,0,0,0,0
55651,0,0,0,0,1,0
55654,0,0,0,3,3,0
55659,0,0,0,0,1,0
55662,0,0,0,3,4,0
55665,0,0,0,0,0,0
55668,0,0,0,0,1,0
55671,0,0,0,1,1,0
55674,0,0,0,0,0,0
55679,0,0,0,0,0,0
55682,0,0,0,0,0,0
55688,0,0,0,0,0,0
55691,0,0,0,0,0,0
55696,0,0,0,0,0,0
55699,0,0,0,0,0,0
55705,0,0,0,0,0,0
55708,0,0,0,0,0,0
55714,0,0,0,0,0,0
55717,0,0,0,0,0,0
55723,0,0,0,0,0,0
55726,0,0,0,0,0,0
55729,0,0,0,0,0,0
55732,0,0,0,0,0,0
55735,0,0,0,0,0,0
55740,0,0,0,0,0,0
55743,0,0,0,0,0,0
55746,0,0,0,0,0,0
55749,0,0,0,0,0,0
55752,0,0,0,0,0,0
55755,0,0,0,0,0,0
55758,0,0,0,0,0,0
55760,0,0,0,0,0,0
55763,0,0,0,0,0,0
55766,0,0,0,0,0,0
55770,0,0,0,0,0,0
55773,0,0,0,0,0,0
55776,0,0,0,0,0,0
55779,0,0,0,0,0,0
55782,0,0,0,0,0,0
55785,0,0,0,0,0,0
55788,0,0,0,0,0,0
55791,0,0,0,0,0,0
55794,0,0,0,0,0,0
55796,0,0,0,0,0,0
55798,0,0,0,0,0,0
55804,0,0,0,0,0,0
55807,0,0,0,0,0,0
55810,0,0,0,0,0,0
55813,0,0,0,0,0,0
55816,0,0,0,0,0,0
55824,0,0,0,0,0,0
55832,0,0,0,0,0,0
55842,0,0,0,0,0,0
55851,0,0,0,0,0,0
55862,0,0,0,0,0,0
55871,0,0,0,0,0,0
55881,0,0,0,0,0,0
55898,0,0,0,3,3,0
55911,0,0,0,0,1,0
55921,0,0,0,1,1,0
55931,0,0,0,1,1,0
55942,0,0,0,2,2,0
55951,0,0,0,0,0,0
55961,0,0,0,0,0,0
55970,0,0,0,0,0,0
55979,0,0,0,1,1,0
55989,0,0,0,0,0,0
55999,0,0,0,0,0,0
56009,0,0,0,0,0,0
56021,0,0,0,0,0,0
56033,0,0,0,0,0,0
56043,0,0,0,0,0,0
56053,0,0,0,0,0,0
56063,0,0,0,1,0,0
56074,0,0,0,0,0,0
56084,0,0,0,0,0,0
56094,0,0,0,0,0,0
56105,0,0,0,0,0,0
56115,0,0,0,0,0,0
56125,0,0,0,0,0,0
56148,0,0,0,0,0,0
56162,0,0,0,0,0,0
56184,0,0,0,0,0,0
56193,0,0,0,0,0,0
56202,0,0,0,0,0,0
56212,0,0,0,0,0,0
56242,0,0,0,0,0,0
56252,0,0,0,0,0,0
56262,0,0,0,0,0,0
56270,0,0,0,0,0,0
56285,0,0,0,0,0,0
56293,0,0,0,0,0,0
56304,0,0,0,0,0,0
56314,0,0,0,0,0,0
56324,0,0,0,0,0,0
56334,0,0,0,0,0,0
56344,0,0,0,0,0,0
56354,0,0,0,0,0,0
56366,0,0,0,0,0,0
56399,0,0,0,0,0,0
56411,0,0,0,0,0,0
56424,0,0,0,0,0,0
56436,0,0,0,0,0,0
56447,0,0,0,0,0,0
56455,0,0,0,0,0,0
56486,0,0,0,0,0,0
56497,0,0,0,0,0,0
56508,0,0,0,0,0,0
56517,0,0,0,0,0,0
56525,0,0,0,0,0,0
56547,0,0,0,0,0,0
56557,0,0,0,0,0,0
56567,0,0,0,0,0,0
56577,0,0,0,0,0,0
56587,0,0,0,0,0,0
56597,0,0,0,0,0,0
56607,0,0,0,0,0,0
56617,0,0,0,0,0,0
56634,0,0,0,0,0,0
56645,0,0,0,0,1,0
56656,0,0,0,0,0,0
56670,0,0,0,0,0,0
56677,0,0,0,0,0,0
56689,0,0,0,0,0,0
56698,0,0,0,0,0,0
56704,0,0,0,0,0,0
56736,0,0,0,0,0,0
56746,0,0,0,0,0,0
56756,0,0,0,0,0,0
56778,0,0,0,0,0,0
56794,0,0,0,0,0,0
56856,0,0,0,0,0,0
56867,0,0,0,0,0,0
56892,0,0,0,0,0,0
56902,0,0,0,0,0,0
56937,0,0,0,0,0,0
56947,0,0,0,0,0,0
56957,0,0,0,0,0,0
56968,0,0,0,0,0,0
56991,0,0,0,0,0,0
57001,0,0,0,0,0,0
57010,0,0,0,0,0,0
57023,0,0,0,0,0,0
57040,0,0,0,0,0,0
57080,0,0,0,0,0,0
57091,0,0,0,0,0,0
57099,0,0,0,0,0,0
57109,0,0,0,0,1,0
57129,0,0,0,2,2,0
57171,0,0,0,0,0,0
57181,0,0,0,0,0,0
57208,0,0,0,0,0,0
57217,0,0,0,0,0,0
57227,0,0,0,0,0,0
57237,0,0,0,0,0,0
57247,0,0,0,0,0,0
57257,0,0,0,0,0,0
57279,0,0,0,0,0,0
57289,0,0,0,0,0,0
57299,0,0,0,0,0,0
57311,0,0,0,0,0,0
57331,0,0,0,0,0,0
57369,0,0,0,1,3,0
57379,0,0,0,0,0,0
57390,0,0,0,0,2,0
57406,0,0,0,0,0,0
57452,0,0,0,0,0,0
57464,0,0,0,0,0,0
57482,0,0,0,0,0,0
57492,0,0,0,0,0,0
57526,0,0,0,0,0,0
57535,0,0,0,0,0,0
57545,0,0,0,0,0,0
57553,0,0,0,0,0,0
57561,0,0,0,0,0,0
57569,0,0,0,0,0,0
57576,0,0,0,0,0,0
57584,0,0,0,0,0,0
57594,0,0,0,0,0,0
57607,0,0,0,0,0,0
57614,0,0,0,0,0,0
57624,0,0,0,0,0,0
57634,0,0,0,0,0,0
57652,0,0,0,0,0,0
57661,0,0,0,0,0,0
57670,0,0,0,0,0,0
57676,0,0,0,0,0,0
57685,0,0,0,0,0,0
57696,0,0,0,0,0,0
57708,0,0,0,0,0,0
57717,0,0,0,0,0,0
57727,0,0,0,0,0,0
57736,0,0,0,0,0,0
57745,0,0,0,0,0,0
57753,0,0,0,0,0,0
57769,0,0,0,0,0,0
57777,0,0,0,0,0,0
57785,0,0,0,0,0,0
57794,0,0,0,0,0,0
57802,0,0,0,0,0,0
57810,0,0,0,0,0,0
57818,0,0,0,0,0,0
57828,0,0,0,0,0,0
57851,0,0,0,0,0,0
57865,0,0,0,0,0,0
57877,0,0,0,0,0,0
57883,0,0,0,0,0,0
57892,0,0,0,0,0,0
57901,0,0,0,0,0,0
57915,0,0,0,0,0,0
57924,0,0,0,0,0,0
57932,0,0,0,0,0,0
57940,0,0,0,0,0,0
57948,0,0,0,0,0,0
57955,0,0,0,0,0,0
57974,0,0,0,0,0,0
57982,0,0,0,0,0,0
58005,0,0,0,0,0,0
58013,0,0,0,0,0,0
58021,0,0,0,0,0,0
58029,0,0,0,0,0,0
58037,0,0,0,0,0,0
58044,0,0,0,0,0,0
58052,0,0,0,0,0,0
58061,0,0,0,0,0,0
58071,0,0,0,0,0,0
58077,0,0,0,1,1,0
58095,0,0,0,0,0,0
58103,0,0,0,0,1,0
58111,0,0,0,0,0,0
58119,0,0,0,0,0,0
58127,0,0,0,0,0,0
58134,0,0,0,0,0,0
58143,0,0,0,0,0,0
58152,0,0,0,0,0,0
58163,0,0,0,0,0,0
58172,0,0,0,0,0,0
58181,0,0,0,0,0,0
58189,0,0,0,0,0,0
58200,0,0,0,0,0,0
58206,0,0,0,0,0,0
58214,0,0,0,0,0,0
58226,0,0,0,0,0,0
58235,0,0,0,0,0,0
58245,0,0,0,0,0,0
58253,0,0,0,0,0,0
58259,0,0,0,0,0,0
58270,0,0,0,0,0,0
58278,0,0,0,0,0,0
58285,0,0,0,0,0,0
58295,0,0,0,0,0,0
58306,0,0,0,0,0,0
58313,0,0,0,0,0,0
58335,0,0,0,0,0,0
58343,0,0,0,0,0,0
58355,0,0,0,0,0,0
58364,0,0,0,0,0,0
58388,0,0,0,0,0,0
58407,0,0,0,0,0,0
58415,0,0,0,0,0,0
58436,0,0,0,0,0,0
58445,0,0,0,0,0,0
58472,0,0,0,0,0,0
58492,0,0,0,0,0,0
58501,0,0,0,0,0,0
58510,0,0,0,0,0,0
58522,0,0,0,0,0,0
58527,0,0,0,0,0,0
58536,0,0,0,0,0,0
58545,0,0,0,0,0,0
58554,0,0,0,0,0,0
58570,0,0,0,0,0,0
58614,0,0,0,0,0,0
58641,0,0,0,0,0,0
58647,0,0,0,0,0,0
58659,0,0,0,0,0,0
58669,0,0,0,0,0,0
58679,0,0,0,0,0,0
58685,0,0,0,0,0,0
58696,0,0,0,0,0,0
58703,0,0,0,0,0,0
58710,0,0,0,0,0,0
58718,0,0,0,0,0,0
58731,0,0,0,0,0,0
58750,0,0,0,0,0,0
58758,0,0,0,0,0,0
58766,0,0,0,0,0,0
58775,0,0,0,0,0,0
58783,0,0,0,0,0,0
58791,0,0,0,0,0,0
58797,0,0,0,0,0,0
58813,0,0,0,1,1,0
58836,0,0,0,0,0,0
58867,0,0,0,0,0,0
58875,0,0,0,0,0,0
58903,0,0,0,0,0,0
58911,0,0,0,0,0,0
58917,0,0,0,0,0,0
58926,0,0,0,0,0,0
58935,0,0,0,0,0,0
58942,0,0,0,0,0,0
58956,0,0,0,0,0,0
58964,0,0,0,0,0,0
58980,0,0,0,0,0,0
58989,0,0,0,0,0,0
58997,0,0,0,0,0,0
59005,0,0,0,0,0,0
59013,0,0,0,0,0,0
59022,0,0,0,0,0,0
59030,0,0,0,0,0,0
59038,0,0,0,0,0,0
59046,0,0,0,0,0,0
