16,0,0,0,0,0,0
22,0,0,0,0,0,0
27,0,0,0,0,0,0
34,0,0,0,0,0,0
41,0,0,0,0,0,0
49,0,0,0,0,0,0
55,0,0,0,0,0,0
64,0,0,0,0,0,0
75,0,0,0,0,0,0
81,0,0,0,0,0,0
89,0,0,0,0,0,0
97,0,0,0,0,0,0
105,0,0,0,0,0,0
113,0,0,0,0,0,0
121,0,0,0,0,0,0
129,0,0,0,0,0,0
137,0,0,0,0,0,0
145,0,0,0,0,0,0
154,0,0,0,0,0,0
173,0,0,0,0,0,0
183,0,0,0,0,0,0
192,0,0,0,0,0,0
202,0,0,0,0,0,0
212,0,0,0,0,0,0
223,0,0,0,0,0,0
235,0,0,0,0,0,0
244,0,0,0,0,0,0
256,0,0,0,0,0,0
264,0,0,0,0,0,0
272,0,0,0,0,0,0
285,0,2,0,0,0,0
297,0,0,0,0,0,0
307,0,0,0,0,0,0
317,0,0,0,0,0,0
340,0,0,0,0,0,0
350,0,0,0,0,0,0
361,0,0,0,0,0,0
368,0,0,0,0,0,0
381,0,0,0,0,0,0
391,0,0,0,0,0,0
397,0,0,0,0,0,0
440,0,0,0,0,0,0
450,0,0,0,0,0,0
461,0,0,0,0,0,0
478,0,0,0,0,0,0
486,0,0,0,0,0,0
496,0,0,0,0,0,0
509,0,0,0,0,0,0
518,0,0,0,0,0,0
527,0,0,0,0,0,0
536,0,0,0,0,0,0
545,0,0,0,0,0,0
554,0,0,0,0,0,0
564,4,6,0,0,0,8
595,0,0,0,0,0,0
605,0,0,0,0,0,0
614,0,0,0,0,0,0
622,0,0,0,0,0,0
631,0,0,0,0,0,0
641,0,0,0,0,0,0
658,0,0,0,0,0,0
689,0,0,0,0,0,0
702,0,0,0,0,0,0
723,0,0,0,0,0,0
733,0,0,0,0,0,0
743,0,0,0,0,0,0
765,0,0,0,0,0,0
775,0,0,0,0,0,0
789,0,1,2,0,0,0
799,0,0,0,0,0,0
809,0,0,0,0,0,0
819,0,0,0,0,0,0
824,0,0,0,0,0,0
832,0,0,0,0,0,0
847,0,0,0,0,0,0
854,0,0,0,0,0,0
870,0,0,2,0,0,0
879,0,0,2,0,0,0
890,0,0,0,0,0,0
900,0,0,0,0,0,0
910,0,0,0,0,0,0
920,0,0,0,0,0,0
930,0,0,0,0,0,0
940,0,0,0,0,0,0
950,0,0,0,0,0,0
960,0,0,2,0,0,0
970,0,0,0,0,0,0
982,0,0,0,0,0,0
993,0,0,0,0,0,0
1000,0,0,0,0,0,0
1012,0,0,0,0,0,0
1021,0,0,0,0,0,0
1031,0,0,0,0,0,0
1040,0,0,0,0,0,0
1050,0,2,1,0,0,0
1067,0,0,0,0,0,0
1080,0,0,0,0,0,0
1144,0,0,0,0,0,0
1154,0,0,0,0,0,0
1163,0,0,0,0,0,0
1173,0,0,0,0,0,0
1182,0,0,0,0,0,0
1191,0,0,0,0,0,0
1200,0,0,0,0,0,0
1209,0,0,0,0,0,0
1218,0,0,0,0,0,0
1227,0,0,0,0,0,0
1236,0,0,0,0,0,0
1245,0,0,0,0,0,0
1254,0,0,0,0,0,0
1262,0,0,0,0,0,0
1273,0,0,0,0,0,0
1277,0,0,0,0,0,0
1284,0,1,1,0,0,0
1298,0,0,0,0,0,0
1318,0,0,0,0,0,0
1327,0,0,0,0,0,0
1335,0,0,0,0,0,0
1344,0,0,0,0,0,0
1353,0,0,0,0,0,0
1359,0,0,0,0,0,0
1369,0,0,0,0,0,0
1377,0,0,0,0,0,0
1387,0,0,0,0,0,0
1396,0,0,0,0,0,0
1404,0,0,0,0,0,0
1413,0,0,0,0,0,0
1422,0,0,0,0,0,0
1431,0,0,0,0,0,0
1452,0,0,0,0,0,0
1539,0,0,0,0,0,0
1548,0,0,0,0,0,0
1557,0,0,0,0,0,0
1576,0,0,0,0,0,0
1585,0,0,0,0,0,0
1594,0,0,0,0,0,0
1603,0,0,0,0,0,0
1612,0,0,0,0,0,0
1621,0,0,0,0,0,0
1629,0,0,0,0,0,0
1765,0,0,0,0,0,0
1854,0,0,0,0,0,0
1890,0,0,0,0,0,0
2161,0,0,0,0,0,0
2188,0,0,0,0,0,0
2195,0,0,0,0,0,0
2202,0,0,0,0,0,0
2209,0,0,0,0,0,0
2215,0,0,0,0,0,0
2221,0,0,0,0,0,0
2228,0,0,0,0,0,0
2236,0,0,0,0,0,0
2243,0,0,0,0,0,0
2258,0,0,0,0,0,0
2265,0,0,0,0,0,0
2271,0,0,0,0,0,0
2276,0,0,0,0,0,0
2283,0,0,0,0,0,0
2290,0,0,0,0,0,0
2297,0,0,0,0,0,0
2307,0,0,0,0,0,0
2312,0,0,0,0,0,0
2319,0,0,0,0,0,0
2326,0,0,0,0,0,0
2332,0,0,0,0,0,0
2340,0,0,0,0,0,0
2347,0,0,0,0,0,0
2354,0,0,0,0,0,0
2361,0,0,0,0,0,0
2367,0,0,0,0,0,0
2373,0,0,0,0,0,0
2380,0,0,0,0,0,0
2387,0,0,0,0,0,0
2394,0,0,0,0,0,0
2404,0,0,0,0,0,0
2409,0,0,0,0,0,0
2416,0,0,0,0,0,0
2425,0,0,0,0,0,0
2431,0,0,0,0,0,0
2437,0,0,0,0,0,0
2444,0,0,0,0,0,0
2451,0,0,0,0,0,0
2459,0,0,0,0,0,0
2466,0,0,0,0,0,0
2483,0,0,0,0,0,0
2490,0,0,0,0,0,0
2497,0,0,0,0,0,0
2502,0,0,0,0,0,0
2513,0,0,0,0,0,0
2520,0,0,0,0,0,0
2534,0,0,0,0,0,0
2541,0,0,0,0,0,0
2548,0,0,0,0,0,0
2555,0,0,0,0,0,0
2562,0,0,0,0,0,0
2569,0,0,0,0,0,0
2575,0,0,0,0,0,0
2582,0,0,0,0,0,0
2589,0,0,0,0,0,0
2612,0,0,0,0,0,0
2631,0,0,0,0,0,0
2637,0,0,0,0,0,0
2660,0,0,0,0,0,0
2668,0,0,0,0,0,0
2675,0,0,0,0,0,0
2682,0,0,0,0,0,0
2692,0,0,0,0,0,0
2697,0,0,0,0,0,0
2704,0,0,0,0,0,0
2711,0,0,0,0,0,0
2719,0,0,0,0,0,0
2726,0,0,0,0,0,0
2732,0,0,0,0,0,0
2740,0,0,0,0,0,0
2747,0,0,0,0,0,0
2754,0,0,0,0,0,0
2768,0,0,0,0,0,0
2776,0,0,0,0,0,0
2781,0,0,0,0,0,0
2795,0,0,0,0,0,0
2802,0,0,0,0,0,0
2807,0,0,0,0,0,0
2822,0,0,0,0,0,0
2827,0,0,0,0,0,0
2864,0,0,0,0,0,0
2882,0,0,0,0,0,0
2894,0,0,0,0,0,0
2902,0,0,0,0,0,0
2908,0,0,0,0,0,0
2920,0,0,0,0,0,0
2924,0,0,0,0,0,0
2930,0,0,0,0,0,0
2937,0,0,0,0,0,0
2942,0,0,0,0,0,0
2948,0,0,0,0,0,0
2954,0,0,0,0,0,0
2960,0,0,0,0,0,0
2965,0,0,0,0,0,0
2971,0,0,0,0,0,0
2979,0,0,0,0,0,0
2985,0,0,0,0,0,0
2991,0,0,0,0,0,0
2996,0,0,0,0,0,0
3002,0,0,0,0,0,0
3008,0,0,0,0,0,0
3019,0,0,0,0,0,0
3025,0,0,0,0,0,0
3030,0,0,0,0,0,0
3036,0,0,0,0,0,0
3042,0,0,0,0,0,0
3048,0,0,0,0,0,0
3054,0,0,0,0,0,0
3060,0,0,0,0,0,0
3066,0,0,0,0,0,0
3072,0,0,0,0,0,0
3078,0,0,0,0,0,0
3090,0,0,0,0,0,0
3096,0,0,0,0,0,0
3107,0,0,0,0,0,0
3127,0,0,0,0,0,0
3133,0,0,0,0,0,0
3139,0,0,0,0,0,0
3144,0,0,0,0,0,0
3150,0,0,0,0,0,0
3156,0,0,0,0,0,0
3162,0,0,0,0,0,0
3168,0,0,0,0,0,0
3180,0,0,0,0,0,0
3191,0,0,0,0,0,0
3197,0,0,0,0,0,0
3205,0,0,0,0,0,0
3211,0,0,0,0,0,0
3216,0,0,0,0,0,0
3222,0,0,0,0,0,0
3236,0,0,0,0,0,0
3242,0,0,0,0,0,0
3260,0,0,0,0,0,0
4483,0,0,0,0,0,0
4495,0,0,0,0,0,0
4503,0,0,0,0,0,0
4512,0,0,0,0,0,0
4521,0,0,0,0,0,0
4531,0,0,0,0,0,0
4554,0,0,0,0,0,0
4565,0,0,0,0,0,0
4574,0,0,0,0,0,0
4587,0,0,0,0,0,0
4595,0,0,0,0,0,0
4605,0,0,0,0,0,0
4615,0,0,0,0,0,0
4625,0,0,0,0,0,0
4635,0,0,0,0,0,0
4647,0,0,0,0,0,0
4657,0,0,0,0,0,0
4667,0,0,0,0,0,0
4678,0,0,0,0,0,0
4686,0,0,0,0,0,0
4697,0,0,0,0,0,0
4706,0,0,0,0,0,0
4717,0,0,0,0,0,0
4727,0,0,0,0,0,0
4740,0,0,0,0,0,0
4749,0,0,0,0,0,0
4759,0,0,0,0,0,0
4769,0,0,0,0,0,0
4792,0,0,0,0,0,0
4802,0,0,0,0,0,0
4812,0,0,0,0,0,0
4820,0,0,0,0,0,0
4832,0,0,0,0,0,0
4842,0,0,0,0,0,0
4852,0,0,0,0,0,0
4863,0,0,0,0,0,0
4873,0,0,0,0,0,0
4882,0,0,0,0,0,0
4892,0,0,0,0,0,0
4902,0,0,0,0,0,0
4913,0,0,0,0,0,0
4924,0,0,0,0,0,0
4943,0,0,0,0,0,0
4954,0,0,0,0,0,0
4965,0,0,0,0,0,0
4974,0,0,0,0,0,0
4983,0,0,0,0,0,0
4992,0,0,0,0,0,0
5003,0,0,0,0,0,0
5013,0,0,0,0,0,0
5033,0,0,0,0,0,0
5051,0,0,0,0,0,0
5062,0,0,0,0,0,0
5070,0,0,0,0,0,0
5079,0,0,0,0,0,0
5087,0,0,0,0,0,0
5096,0,0,0,0,0,0
5103,0,0,0,0,0,0
5112,0,0,0,0,0,0
5128,0,0,0,0,0,0
5135,0,0,0,0,0,0
5145,0,0,0,0,0,0
5151,0,0,0,0,0,0
5165,0,0,0,0,0,0
5172,0,0,0,0,0,0
5184,0,0,0,0,0,0
5192,0,0,0,0,0,0
5200,0,0,0,0,0,0
5208,0,0,0,0,0,0
5216,0,0,0,0,0,0
5224,0,0,0,0,0,0
5232,0,0,0,0,0,0
5238,0,0,0,0,0,0
5247,0,0,0,0,0,0
5256,0,0,0,0,0,0
5266,0,0,0,0,0,0
5273,0,0,0,0,0,0
5281,0,0,0,0,0,0
5289,0,0,0,0,0,0
5297,0,0,0,0,0,0
5305,0,0,0,0,0,0
5312,0,0,0,0,0,0
5322,0,0,0,0,0,0
5327,0,0,0,0,0,0
5335,0,0,0,0,0,0
5343,0,0,0,0,0,0
5359,0,0,0,0,0,0
5368,0,0,0,0,0,0
5376,0,0,0,0,0,0
5390,0,0,0,0,0,0
5398,0,0,0,0,0,0
5406,0,0,0,0,0,0
5412,0,0,0,0,0,0
5421,0,0,0,0,0,0
5430,0,0,0,0,0,0
5436,0,0,0,0,0,0
5452,0,0,0,0,0,0
5460,0,0,0,0,0,0
5468,0,0,0,0,0,0
5476,0,0,0,0,0,0
5484,0,0,0,0,0,0
5489,0,0,0,0,0,0
5497,0,0,0,0,0,0
5505,0,0,0,0,0,0
5522,0,0,0,0,0,0
5531,0,0,0,0,0,0
5539,0,0,0,0,0,0
5546,0,0,0,0,0,0
5555,0,0,0,0,0,0
5563,0,0,0,0,0,0
5571,0,0,0,0,0,0
5579,0,0,0,0,0,0
5587,0,0,0,0,0,0
5595,0,0,0,0,0,0
5601,0,0,0,0,0,0
5616,0,0,0,0,0,0
5625,0,0,0,0,0,0
5635,0,0,0,0,0,0
5644,0,0,0,0,0,0
5657,0,0,0,0,0,0
5666,0,0,0,0,0,0
5684,0,0,0,0,0,0
5691,0,0,0,0,0,0
5697,0,0,0,0,0,0
5706,0,0,0,0,0,0
5722,0,0,0,0,0,0
5738,0,0,0,0,0,0
5746,0,0,0,0,0,0
5752,0,0,0,0,0,0
5760,0,0,0,0,0,0
5791,0,0,0,0,0,0
5800,0,0,0,0,0,0
5808,0,0,0,0,0,0
5814,0,0,0,0,0,0
5853,0,0,0,0,0,0
5861,0,0,0,0,0,0
5881,0,0,0,0,0,0
5888,0,0,0,0,0,0
5902,0,0,0,0,0,0
5908,0,0,0,0,0,0
5922,0,0,0,0,0,0
5933,0,0,0,0,0,0
5944,0,0,0,0,0,0
5949,0,0,0,0,0,0
5959,0,0,0,0,0,0
5969,0,0,0,0,0,0
5980,0,0,0,0,0,0
5985,0,0,0,0,0,0
5995,0,0,0,0,0,0
6006,0,0,0,0,0,0
6014,0,0,0,0,0,0
6021,0,0,0,0,0,0
6044,0,0,0,0,0,0
6053,0,0,0,0,0,0
6061,0,0,0,0,0,0
6066,0,0,0,0,0,0
6074,0,0,0,0,0,0
6104,0,0,0,0,0,0
6121,0,0,0,0,0,0
6134,0,0,0,0,0,0
6140,0,0,0,0,0,0
6152,0,0,0,0,0,0
6159,0,0,0,0,0,0
6168,0,0,0,0,0,0
6176,0,0,0,0,0,0
6184,0,0,0,0,0,0
6194,0,0,0,0,0,0
6201,0,0,0,0,0,0
6211,0,0,0,0,0,0
6219,0,0,0,0,0,0
6266,0,0,0,0,0,0
6274,0,0,0,0,0,0
6282,0,0,0,0,0,0
6295,0,0,0,0,0,0
6310,0,0,0,0,0,0
6339,0,0,0,0,0,0
6366,0,0,0,0,0,0
6419,0,0,0,0,0,0
6544,0,0,0,0,0,0
6552,0,0,0,0,0,0
6568,0,0,0,0,0,0
6576,0,0,0,0,0,0
6584,0,0,0,0,0,0
6592,0,0,0,0,0,0
6597,0,0,0,0,0,0
6605,0,0,0,0,0,0
6613,0,0,0,0,0,0
6621,1,7,0,0,0,7
6629,0,0,0,0,0,0
6637,0,0,0,0,0,0
6644,0,0,0,0,0,0
6652,0,0,0,0,0,0
6660,0,0,0,0,0,0
6668,0,0,0,0,0,0
6677,0,0,0,0,0,0
6687,0,0,0,0,0,0
6692,0,0,0,0,0,0
6700,0,0,0,0,0,0
6705,0,0,0,0,0,0
6713,0,0,0,0,0,0
6721,0,0,0,0,0,0
6729,0,0,0,0,0,0
6738,0,0,0,0,0,0
6746,0,0,0,0,0,0
6753,0,0,0,0,0,0
6762,0,0,0,0,0,0
6769,0,0,0,0,0,0
6777,0,0,0,0,0,0
6780,0,0,0,0,0,0
6790,0,0,0,0,0,0
6800,0,0,0,0,0,0
6808,0,0,0,0,0,0
6815,0,0,0,0,0,0
6826,0,0,0,0,0,0
6833,0,0,0,0,0,0
6843,0,0,0,0,0,0
6850,0,0,0,0,0,0
6857,0,0,0,0,0,0
6865,0,1,0,0,0,1
6873,4,6,0,0,0,8
6881,0,0,0,0,0,0
6889,0,0,0,0,0,0
6897,0,0,0,0,0,0
6905,0,0,0,0,0,0
6914,0,0,0,0,0,0
6922,0,0,0,0,0,0
6927,0,1,1,0,0,0
6936,0,0,0,0,0,0
6945,0,2,0,0,0,0
6955,0,0,0,0,0,0
6962,0,0,0,0,0,0
6969,0,0,0,0,0,0
6978,0,0,0,0,0,0
6984,0,0,0,0,0,0
6992,0,0,0,0,0,0
7002,0,0,0,0,0,0
7009,0,0,0,0,0,0
7017,0,0,0,0,0,0
7025,0,0,0,0,0,0
7032,0,0,0,0,0,0
7042,0,0,0,0,0,0
7050,0,0,0,0,0,0
7057,0,0,0,0,0,0
7069,0,0,0,0,0,0
7074,0,0,0,0,0,0
7086,0,0,0,0,0,0
7091,0,0,0,0,0,0
7099,0,0,0,0,0,0
7105,0,0,0,0,0,0
7112,0,0,0,0,0,0
7125,5,4,0,0,0,6
7132,0,0,0,0,0,0
7140,0,0,0,0,0,0
7148,0,0,0,0,0,0
7156,0,0,0,0,0,0
7164,0,0,0,0,0,0
7171,0,0,0,0,0,0
7180,0,0,0,0,0,0
7186,0,0,0,0,0,0
7195,0,0,0,0,0,0
7203,0,0,0,0,0,0
7250,0,0,0,0,0,0
7258,0,0,0,0,0,0
7266,0,0,0,0,0,0
7274,0,0,0,0,0,0
7282,0,0,0,0,0,0
7290,0,0,0,0,0,0
7298,0,0,0,0,0,0
7306,0,0,0,0,0,0
7314,0,0,0,0,0,0
7322,0,0,0,0,0,0
7330,0,0,0,0,0,0
7335,0,0,0,0,0,0
7347,0,0,0,0,0,0
7352,0,0,0,0,0,0
7360,0,0,0,0,0,0
7367,0,0,0,0,0,0
7373,0,0,0,0,0,0
7384,0,0,0,0,0,0
7392,0,0,0,0,0,0
7401,0,0,0,0,0,0
7406,0,0,0,0,0,0
7417,0,0,0,0,0,0
7422,0,0,1,0,0,0
7432,0,0,0,0,0,0
7439,0,0,0,0,0,0
7447,0,0,0,0,0,0
7455,0,0,0,0,0,0
7463,0,0,0,0,0,0
7471,0,0,0,0,0,0
7479,0,0,0,0,0,0
7486,0,0,0,0,0,0
7495,0,0,0,0,0,0
7503,0,0,0,0,0,0
7511,0,0,0,0,0,0
7519,0,0,0,0,0,0
7527,0,0,0,0,0,0
7535,0,0,0,0,0,0
7543,0,0,0,0,0,0
7550,0,0,0,0,0,0
7557,0,0,3,0,0,0
7566,0,0,2,0,0,0
7576,0,0,0,0,0,0
7583,0,0,0,0,0,0
7591,0,0,0,0,0,0
7599,0,0,0,0,0,0
7605,0,0,0,0,0,0
7613,0,0,0,0,0,0
7637,0,0,0,0,0,0
7645,0,0,0,0,0,0
7653,0,0,0,0,0,0
7660,0,0,0,0,0,0
7665,0,0,2,0,0,0
7674,0,0,2,0,0,0
7685,0,0,0,0,0,0
7691,0,0,0,0,0,0
7707,0,0,0,0,0,0
7715,0,0,0,0,0,0
7723,0,0,0,0,0,0
7731,0,0,0,0,0,0
7740,0,0,0,0,0,0
7756,0,0,0,0,0,0
7765,0,0,0,0,0,0
7774,0,0,0,0,0,0
7792,0,0,0,0,0,0
7798,0,0,0,0,0,0
7806,0,0,0,0,0,0
7813,0,0,0,0,0,0
7823,0,0,0,0,0,0
7832,0,0,0,0,0,0
7841,0,0,0,0,0,0
7848,0,0,0,0,0,0
7856,0,0,0,0,0,0
7879,0,0,0,0,0,0
7888,0,0,0,0,0,0
7894,0,0,0,0,0,0
7910,0,0,0,0,0,0
7919,0,0,0,0,0,0
7925,0,0,0,0,0,0
7933,0,0,0,0,0,0
7950,0,0,0,0,0,0
7958,0,0,0,0,0,0
7966,0,0,0,0,0,0
7974,0,0,0,0,0,0
8001,0,0,0,0,0,0
8015,0,0,0,0,0,0
8047,0,0,0,0,0,0
8109,0,0,0,0,0,0
8157,0,0,0,0,0,0
8164,0,0,0,0,0,0
8172,0,0,0,0,0,0
8181,0,0,0,0,0,0
8192,0,0,0,0,0,0
8221,0,0,0,0,0,0
8249,0,0,0,0,0,0
8257,0,0,0,0,0,0
8370,0,0,0,0,0,0
8442,0,0,0,0,0,0
8451,0,0,0,0,0,0
8471,0,0,0,0,0,0
8478,0,0,0,0,0,0
8490,0,0,0,0,0,0
8497,0,0,0,0,0,0
8631,0,0,0,0,0,0
8658,0,0,0,0,0,0
8704,0,0,0,0,0,0
8740,0,0,0,0,0,0
8754,0,0,0,0,0,0
8760,0,0,0,0,0,0
8765,0,0,0,0,0,0
8772,0,0,0,0,0,0
8779,0,0,0,0,0,0
8785,0,0,0,0,0,0
8791,0,0,0,0,0,0
8798,0,0,0,0,0,0
8805,0,0,0,0,0,0
8812,0,0,0,0,0,0
8818,0,0,0,0,0,0
8825,0,0,0,0,0,0
8831,0,0,0,0,0,0
8839,0,0,0,0,0,0
8846,0,0,0,0,0,0
8852,0,0,0,0,0,0
8859,0,0,0,0,0,0
8865,0,0,0,0,0,0
8872,0,0,0,0,0,0
8879,0,0,0,0,0,0
8886,0,0,0,0,0,0
8891,0,0,0,0,0,0
8898,0,0,0,0,0,0
8905,0,0,0,0,0,0
8911,0,0,0,0,0,0
8918,0,0,0,0,0,0
8925,0,0,0,0,0,0
8932,0,0,0,0,0,0
8939,0,0,0,0,0,0
8948,0,0,0,0,0,0
8955,0,0,0,0,0,0
8962,0,0,0,0,0,0
8969,0,0,0,0,0,0
8978,0,0,0,0,0,0
8986,0,0,0,0,0,0
8991,0,0,0,0,0,0
9000,0,0,0,0,0,0
9008,0,0,0,0,0,0
9015,0,0,0,0,0,0
9023,0,0,0,0,0,0
9030,0,0,0,0,0,0
9037,0,0,0,0,0,0
9043,0,0,0,0,0,0
9050,0,0,0,0,0,0
9058,0,0,0,0,0,0
9076,0,0,0,0,0,0
9081,0,0,0,0,0,0
9088,0,0,0,0,0,0
9095,0,0,0,0,0,0
9102,0,0,0,0,0,0
9108,0,0,0,0,0,0
9115,0,0,0,0,0,0
9122,0,0,0,0,0,0
9128,0,0,0,0,0,0
9137,0,0,0,0,0,0
9146,0,0,0,0,0,0
9167,0,0,0,0,0,0
9174,0,0,0,0,0,0
9181,0,0,0,0,0,0
9189,0,0,0,0,0,0
9202,0,0,0,0,0,0
9209,0,0,0,0,0,0
9216,0,0,0,0,0,0
9223,0,0,0,0,0,0
9230,0,0,0,0,0,0
9237,0,0,0,0,0,0
9244,0,0,0,0,0,0
9250,0,0,0,0,0,0
9257,0,0,0,0,0,0
9264,0,0,0,0,0,0
9270,0,0,0,0,0,0
9278,0,0,0,0,0,0
9285,0,0,0,0,0,0
9292,0,0,0,0,0,0
9299,0,0,0,0,0,0
9306,0,0,0,0,0,0
9314,0,0,0,0,0,0
9328,0,0,0,0,0,0
9335,0,0,0,0,0,0
9342,0,0,0,0,0,0
9356,0,0,0,0,0,0
9363,0,0,0,0,0,0
9368,0,0,0,0,0,0
9375,0,0,0,0,0,0
9382,0,0,0,0,0,0
9389,0,0,0,0,0,0
9419,0,0,0,0,0,0
9435,0,0,0,0,0,0
9442,0,0,0,0,0,0
9451,0,0,0,0,0,0
9460,0,0,0,0,0,0
9471,0,0,0,0,0,0
9480,0,0,0,0,0,0
9489,0,0,0,0,0,0
9498,0,0,0,0,0,0
9509,0,0,0,0,0,0
9519,0,0,0,0,0,0
9529,0,0,0,0,0,0
9539,0,0,0,0,0,0
9559,0,0,0,0,0,0
9569,0,0,0,0,0,0
9584,0,0,0,0,0,0
9594,0,0,0,0,0,0
9604,0,0,0,0,0,0
9614,0,0,0,0,0,0
9626,0,0,0,0,0,0
9635,0,0,0,0,0,0
9642,0,0,0,0,0,0
9652,0,0,0,0,0,0
9661,0,0,0,0,0,0
9671,0,0,0,0,0,0
9680,0,0,0,0,0,0
9690,0,0,0,0,0,0
9702,0,0,0,0,0,0
9710,0,0,0,0,0,0
9723,0,0,0,0,0,0
9731,0,0,0,0,0,0
9746,0,0,0,0,0,0
9752,0,0,0,0,0,0
9761,0,0,0,0,0,0
9770,0,0,0,0,0,0
9779,0,0,0,0,0,0
9787,0,0,0,0,0,0
9798,0,0,0,0,0,0
9803,0,0,0,0,0,0
9823,0,0,0,0,0,0
9845,0,0,0,0,0,0
9855,0,0,0,0,0,0
9862,0,0,0,0,0,0
9871,0,0,0,0,0,0
9882,0,0,0,0,0,0
9892,0,0,0,0,0,0
9902,0,0,0,0,0,0
9914,0,0,0,0,0,0
9928,0,0,0,0,0,0
9936,0,0,0,0,0,0
9957,0,0,0,0,0,0
9975,0,0,0,0,0,0
9992,0,0,0,0,0,0
10008,0,0,0,0,0,0
10018,0,0,0,0,0,0
10031,0,0,0,0,0,0
10043,0,0,0,0,0,0
10056,0,0,0,0,0,0
10075,0,0,0,0,0,0
10108,0,0,0,0,0,0
10118,0,0,0,0,0,0
10146,0,0,0,0,0,0
10191,0,0,0,0,0,0
10201,0,0,0,0,0,0
10341,0,0,0,0,0,0
10351,0,0,0,0,0,0
10418,0,0,0,0,0,0
10432,0,0,0,0,0,0
10442,0,0,0,0,0,0
10566,0,0,0,0,0,0
10575,0,0,0,0,0,0
10584,0,0,0,0,0,0
10593,0,0,0,0,0,0
10602,0,0,0,0,0,0
10611,0,0,0,0,0,0
10620,0,0,0,0,0,0
10629,0,0,0,0,0,0
10710,0,0,0,0,0,0
10765,0,0,0,0,0,0
10801,0,0,0,0,0,0
10809,0,0,0,0,0,0
10847,0,0,0,0,0,0
10855,0,0,0,0,0,0
10938,0,0,0,0,0,0
10945,0,0,0,0,0,0
10956,0,0,0,0,0,0
10969,0,0,0,0,0,0
10977,0,0,0,0,0,0
10985,0,0,0,0,0,0
10992,0,0,0,0,0,0
11006,0,0,0,0,0,0
11013,0,0,0,0,0,0
11029,0,0,0,0,0,0
11037,0,0,0,0,0,0
11045,0,0,0,0,0,0
11053,0,0,0,0,0,0
11061,0,0,0,0,0,0
11069,0,0,0,0,0,0
11080,0,0,0,0,0,0
11089,0,0,0,0,0,0
11097,0,0,0,0,0,0
11105,0,0,0,0,0,0
11113,0,0,0,0,0,0
11121,0,0,0,0,0,0
11129,0,0,0,0,0,0
11139,0,0,0,0,0,0
11147,0,0,0,0,0,0
11158,0,0,0,0,0,0
11168,0,0,0,0,0,0
11196,0,0,0,0,0,0
11208,0,0,0,0,0,0
11219,0,0,0,0,0,0
11229,0,0,0,0,0,0
11239,0,0,0,0,0,0
11249,0,0,0,0,0,0
11259,0,0,0,0,0,0
11269,0,0,0,0,0,0
11280,0,0,0,0,0,0
11290,0,0,0,0,0,0
11300,0,0,0,0,0,0
11310,0,0,0,0,0,0
11320,0,0,0,0,0,0
11330,0,0,0,0,0,0
11350,0,0,0,0,0,0
11360,0,0,0,0,0,0
11370,0,0,0,0,0,0
11378,0,0,0,0,0,0
11388,0,0,0,0,0,0
11399,0,0,0,0,0,0
11409,0,0,0,0,0,0
11418,0,0,0,0,0,0
11428,0,0,0,0,0,0
11439,0,0,0,0,0,0
11460,0,0,0,0,0,0
11471,0,0,0,0,0,0
11481,0,0,0,0,0,0
11491,0,0,0,0,0,0
11502,0,0,0,0,0,0
11513,0,0,0,0,0,0
11522,0,0,0,0,0,0
11534,0,0,0,0,0,0
11544,0,0,0,0,0,0
11553,0,0,0,0,0,0
11564,0,0,0,0,0,0
11574,0,0,0,0,0,0
16233,0,0,0,0,0,0
16243,0,0,0,0,0,0
16253,0,0,0,0,0,0
16264,0,0,0,0,0,0
16274,0,0,0,0,0,0
16284,0,0,0,0,0,0
16292,0,0,0,0,0,0
16306,0,0,0,0,0,0
16316,0,0,0,0,0,0
16325,0,0,0,0,0,0
16335,0,0,0,0,0,0
16346,0,0,0,0,0,0
16360,0,0,0,0,0,0
16367,0,0,0,0,0,0
16377,0,0,0,0,0,0
16387,0,0,0,0,0,0
16394,0,0,0,0,0,0
16404,0,0,0,0,0,0
16413,0,0,0,0,0,0
16423,0,0,0,0,0,0
16432,0,0,0,0,0,0
16442,0,0,0,0,0,0
16452,0,0,0,0,0,0
16462,0,0,0,0,0,0
16473,0,0,0,0,0,0
16483,0,0,0,0,0,0
16493,0,0,0,0,0,0
16503,0,0,0,0,0,0
16513,0,0,0,0,0,0
16523,0,0,0,0,0,0
16533,0,0,0,0,0,0
16544,0,0,0,0,0,0
16558,0,0,0,0,0,0
16567,0,0,0,0,0,0
16576,0,0,0,0,0,0
16586,0,0,0,0,0,0
16595,0,0,0,0,0,0
16603,0,0,0,0,0,0
16608,0,0,0,0,0,0
16619,0,0,0,0,0,0
16650,0,0,0,0,0,0
16660,0,0,0,0,0,0
16671,0,0,0,0,0,0
16678,0,0,0,0,0,0
16722,0,0,0,0,0,0
16732,0,0,0,0,0,0
16742,0,0,0,0,0,0
16752,0,0,0,0,0,0
16762,0,0,0,0,0,0
16794,0,0,0,0,0,0
16803,0,0,0,0,0,0
16825,0,0,0,0,0,0
16833,0,0,0,0,0,0
16839,0,0,0,0,0,0
16860,0,0,0,0,0,0
16866,0,0,0,0,0,0
16918,0,0,0,0,0,0
16927,0,0,0,0,0,0
16960,0,0,0,0,0,0
16970,0,0,0,0,0,0
16978,0,0,0,0,0,0
16988,0,0,0,0,0,0
16996,0,0,0,0,0,0
17006,0,0,0,0,0,0
17039,0,0,0,0,0,0
17048,0,0,0,0,0,0
17140,0,0,0,0,0,0
17147,0,0,0,0,0,0
17158,0,0,0,0,0,0
17167,0,0,0,0,0,0
17190,0,0,0,0,0,0
17201,0,0,0,0,0,0
17210,0,0,0,0,0,0
17219,0,0,0,0,0,0
17228,0,0,0,0,0,0
17237,0,0,0,0,0,0
17245,0,0,0,0,0,0
17318,0,0,0,0,0,0
17434,0,0,0,0,0,0
17462,0,0,0,0,0,0
17470,0,0,0,0,0,0
17478,0,0,0,0,0,0
17502,0,0,0,0,0,0
17509,0,0,0,0,0,0
17518,0,0,0,0,0,0
17526,0,0,0,0,0,0
17534,0,0,0,0,0,0
17544,0,0,0,0,0,0
17558,0,0,0,0,0,0
17567,0,0,0,0,0,0
17576,0,0,0,0,0,0
17583,0,0,0,0,0,0
17590,0,0,0,0,0,0
17598,0,0,0,0,0,0
17616,0,0,0,0,0,0
17625,0,0,0,0,0,0
17632,0,0,0,0,0,0
17640,0,0,0,0,0,0
17648,0,0,0,0,0,0
17656,0,0,0,0,0,0
17664,0,0,0,0,0,0
17672,0,0,0,0,0,0
17680,0,0,0,0,0,0
17688,0,0,0,0,0,0
17692,0,0,0,0,0,0
17700,0,0,0,0,0,0
17708,0,0,0,0,0,0
17716,0,0,0,0,0,0
17724,0,0,0,0,0,0
17732,0,0,0,0,0,0
17748,0,0,0,0,0,0
17757,0,0,0,0,0,0
17792,0,0,0,0,0,0
17801,0,0,0,0,0,0
17810,0,0,0,0,0,0
17818,0,0,0,0,0,0
17824,0,0,0,0,0,0
17832,0,0,0,0,0,0
17839,0,0,0,0,0,0
17847,0,0,0,0,0,0
17854,0,0,0,0,0,0
17862,0,0,0,0,0,0
17870,0,0,0,0,0,0
17880,0,0,0,0,0,0
17885,0,0,0,0,0,0
17893,0,0,0,0,0,0
17909,0,0,0,0,0,0
17917,0,0,0,0,0,0
17924,0,0,0,0,0,0
17931,0,0,0,0,0,0
17938,0,0,0,0,0,0
17953,0,0,0,0,0,0
17960,0,0,0,0,0,0
17967,0,0,0,0,0,0
17988,0,0,0,1,0,0
17997,0,0,0,0,0,0
18003,0,0,0,0,0,0
18012,0,0,0,0,0,0
18017,0,0,0,0,0,0
18025,0,0,0,0,0,0
18033,0,0,0,0,0,0
18040,0,0,0,0,0,0
18047,0,0,0,0,0,0
18054,0,0,0,0,0,0
18061,0,0,0,0,0,0
18068,0,0,0,0,0,0
18076,0,0,0,0,0,0
18083,0,0,0,0,0,0
18089,0,0,0,0,0,0
18096,0,0,0,0,0,0
18103,0,0,0,0,0,0
18110,0,0,0,0,0,0
18117,0,0,0,0,0,0
18124,0,0,0,0,0,0
18131,0,0,0,0,0,0
18138,0,0,0,0,0,0
18159,0,0,0,0,0,0
18166,0,0,0,0,0,0
18173,0,0,0,0,0,0
18181,0,0,0,0,0,0
18188,0,0,0,0,0,0
18195,0,0,0,0,0,0
18202,0,0,0,0,0,0
18209,0,0,0,0,0,0
18217,0,0,0,0,0,0
18223,0,0,0,0,0,0
18230,0,0,0,0,0,0
18238,0,0,0,0,0,0
18251,0,0,0,0,0,0
18258,0,0,0,0,0,0
18264,0,0,0,0,0,0
18271,0,0,0,0,0,0
18284,0,0,0,0,0,0
18293,0,0,0,0,0,0
18302,0,0,0,0,0,0
18310,0,0,0,0,0,0
18325,0,0,0,0,0,0
18332,0,0,0,0,0,0
18339,0,0,0,0,0,0
18346,0,0,0,0,0,0
18364,0,0,0,0,0,0
18369,0,0,0,0,0,0
18376,0,0,0,0,0,0
18383,0,0,0,0,0,0
18390,0,0,0,0,0,0
18396,0,0,0,0,0,0
18403,0,0,0,0,0,0
18410,0,0,0,0,0,0
18417,0,0,0,0,0,0
18423,0,0,0,0,0,0
18430,0,0,0,0,0,0
18437,0,0,0,0,0,0
18445,0,0,0,0,0,0
18452,0,0,0,0,0,0
18459,0,0,0,0,0,0
18467,0,0,0,0,0,0
18475,0,0,0,0,0,0
18481,0,0,0,0,0,0
18489,0,0,0,0,0,0
18504,0,0,0,0,0,0
18511,0,0,0,0,0,0
18518,0,0,0,0,0,0
18525,0,0,0,0,0,0
18549,0,0,0,0,0,0
18557,0,0,0,0,0,0
18570,0,0,0,0,0,0
18576,0,0,0,0,0,0
18582,0,0,0,0,0,0
18588,0,0,0,0,0,0
18592,0,0,0,0,0,0
18598,0,0,0,0,0,0
18604,0,0,0,0,0,0
18611,0,0,0,0,0,0
18617,0,0,0,0,0,0
18623,0,0,0,0,0,0
18631,0,0,0,0,0,0
18637,0,0,0,0,0,0
18643,0,0,0,0,0,0
18649,0,0,0,0,0,0
18655,0,0,0,0,0,0
18661,0,0,0,0,0,0
18667,0,0,0,0,0,0
18674,0,0,0,0,0,0
18680,0,0,0,0,0,0
18686,0,0,0,0,0,0
18694,0,0,0,0,0,0
18700,0,0,0,0,0,0
18706,0,0,0,0,0,0
18718,0,0,0,0,0,0
18723,0,0,0,0,0,0
18729,0,0,0,0,0,0
18736,0,0,0,0,0,0
18742,0,0,0,0,0,0
18753,0,0,0,0,0,0
18759,0,0,0,0,0,0
18763,0,0,0,0,0,0
18769,0,0,0,0,0,0
18781,0,0,0,0,0,0
18787,0,0,0,0,0,0
18793,0,0,0,0,0,0
18799,0,0,0,0,0,0
18805,0,0,0,0,0,0
18811,0,0,0,0,0,0
18818,0,0,0,0,0,0
18823,0,0,0,0,0,0
18829,0,0,0,0,0,0
18836,0,0,0,0,0,0
18841,0,0,0,0,0,0
18847,0,0,0,0,0,0
18855,0,0,0,0,0,0
18861,0,0,0,0,0,0
18866,0,0,0,0,0,0
18873,0,0,0,0,0,0
18886,0,0,0,0,0,0
18892,0,0,0,0,0,0
18897,0,0,0,0,0,0
18902,0,0,0,0,0,0
18913,0,0,0,0,0,0
18916,0,0,0,0,0,0
18922,0,0,0,0,0,0
18927,0,0,0,0,0,0
18932,0,0,0,0,0,0
18937,0,0,0,0,0,0
18942,0,0,0,0,0,0
18947,0,0,0,0,0,0
18952,0,0,0,0,0,0
18967,0,0,0,0,0,0
18976,0,0,0,0,0,0
18987,0,0,0,0,0,0
18988,0,0,0,0,0,0
18994,0,0,0,0,0,0
19002,0,0,0,0,0,0
19013,0,0,0,0,0,0
19024,0,0,0,0,0,0
19031,0,0,0,0,0,0
19042,0,0,0,0,0,0
19048,0,0,0,0,0,0
19051,0,0,0,0,0,0
19057,0,0,0,0,0,0
19060,0,0,0,0,0,0
19065,0,0,0,0,0,0
19069,0,0,0,0,0,0
19074,0,0,0,0,0,0
19078,0,0,0,0,0,0
19083,0,0,0,0,0,0
19087,0,0,0,0,0,0
19093,0,0,0,0,0,0
19097,0,0,0,0,0,0
19102,0,0,0,0,0,0
19104,0,0,0,0,0,0
19110,0,0,0,0,0,0
19113,0,0,0,0,0,0
19123,0,0,0,0,0,0
19128,0,0,0,0,0,0
19131,0,0,0,0,0,0
19136,0,0,0,0,0,0
19143,0,0,0,0,0,0
19148,0,0,0,0,0,0
19153,0,0,0,0,0,0
19158,0,0,0,0,0,0
19163,0,0,0,0,0,0
19168,0,0,0,0,0,0
19173,0,0,0,0,0,0
19177,0,0,0,0,0,0
19182,0,0,0,0,0,0
19187,0,0,0,0,0,0
19192,0,0,0,0,0,0
19200,0,0,0,0,0,0
22581,0,0,0,0,0,0
22591,0,0,0,0,0,0
22601,0,0,0,0,0,0
22614,0,0,0,0,0,0
22627,0,0,0,0,0,0
22639,0,0,0,0,0,0
22649,0,0,0,0,0,0
22659,0,0,0,0,0,0
22667,0,0,0,0,0,0
22679,0,0,0,0,0,0
22697,0,0,0,0,0,0
22707,0,0,0,0,0,0
22717,0,0,0,0,0,0
22727,0,0,0,0,0,0
22737,0,0,0,0,0,0
22746,0,0,0,0,0,0
22754,0,0,0,0,0,0
22783,0,0,0,0,0,0
22793,0,0,0,0,0,0
22815,0,0,0,0,0,0
22821,0,0,0,0,0,0
22835,0,0,0,0,0,0
22844,0,0,0,0,0,0
22854,0,0,0,0,0,0
22865,0,0,0,0,0,0
22877,0,0,0,0,0,0
22885,0,0,0,0,0,0
22898,0,0,0,0,0,0
22912,0,0,0,0,0,0
22945,0,0,0,0,0,0
22959,0,0,0,0,0,0
23014,0,0,0,0,0,0
23033,0,0,0,0,0,0
23062,0,0,0,0,0,0
23079,0,0,0,0,0,0
23089,0,0,0,0,0,0
23099,0,0,0,0,0,0
23109,0,0,0,0,1,0
23129,0,0,0,0,0,0
23139,0,0,0,0,0,0
23149,0,0,0,0,0,0
23164,0,0,0,0,0,0
23178,0,0,0,0,0,0
23197,0,0,0,0,0,0
23230,0,0,0,0,0,0
23240,0,0,0,0,0,0
23295,0,0,0,0,0,0
23306,0,0,0,0,0,0
23322,0,0,0,0,0,0
23347,0,0,0,0,0,0
23364,0,0,0,0,0,0
23374,0,0,0,0,0,0
23446,0,0,0,0,0,0
23456,0,0,0,0,0,0
23466,0,0,0,0,0,0
23477,0,0,0,0,0,0
23513,0,0,0,0,0,0
23553,0,0,0,0,0,0
23562,0,0,0,0,0,0
23571,0,0,0,0,0,0
23627,0,0,0,0,0,0
23724,0,0,0,0,0,0
23778,0,0,0,0,0,0
23788,0,0,0,0,0,0
23798,0,0,0,0,0,0
24080,0,0,0,0,0,0
24092,0,0,0,0,0,0
24101,0,0,0,0,0,0
24135,0,0,0,0,0,0
24145,0,0,0,0,0,0
24155,0,0,0,0,0,0
24165,0,0,0,0,0,0
24175,0,0,0,0,0,0
24185,0,0,0,0,0,0
24201,0,0,0,0,0,0
24211,0,0,0,0,0,0
24220,0,0,0,0,0,0
24230,0,0,0,0,0,0
24242,0,0,0,0,0,0
24251,0,0,0,0,0,0
24261,0,0,0,0,0,0
24271,0,0,0,0,0,0
24282,0,0,0,0,0,0
24292,0,0,0,0,0,0
24308,0,0,0,0,0,0
24331,0,0,0,0,0,0
24341,0,0,0,0,0,0
24350,0,0,0,0,0,0
24359,0,0,0,0,0,0
24369,0,0,0,0,0,0
24379,0,0,0,0,0,0
24391,0,0,0,0,0,0
24401,0,0,0,0,0,0
24411,0,0,0,0,0,0
24420,0,0,0,0,0,0
24430,0,0,0,0,0,0
24440,0,0,0,0,0,0
24450,0,0,0,0,0,0
24460,0,0,0,0,0,0
24490,0,0,0,0,0,0
24500,0,0,0,0,0,0
24515,0,0,0,0,0,0
24525,0,0,0,0,0,0
24535,0,0,0,0,0,0
24546,0,0,0,0,1,0
24556,0,0,0,1,1,0
24566,0,0,0,1,1,0
24578,0,0,0,0,0,0
24609,0,0,0,0,0,0
24619,0,0,0,0,0,0
24629,0,0,0,0,0,0
24643,0,0,0,0,0,0
24651,0,0,0,0,0,0
24665,0,0,0,0,0,0
24675,0,0,0,0,0,0
24685,0,0,0,0,0,0
24694,0,0,0,0,0,0
24715,0,0,0,0,0,0
24726,0,0,0,0,0,0
24734,0,0,0,0,0,0
24750,0,0,0,0,0,0
24760,0,0,0,0,0,0
24772,0,0,0,0,0,0
24782,0,0,0,0,0,0
24792,0,0,0,0,0,0
24800,0,0,0,0,0,0
24813,0,0,0,0,0,0
24826,0,0,0,0,0,0
24836,0,0,0,0,0,0
24847,0,0,0,0,0,0
24856,0,0,0,0,0,0
24864,0,0,0,0,0,0
24873,0,0,0,0,0,0
24884,0,0,0,0,0,0
24893,0,0,0,0,0,0
24900,0,0,0,0,0,0
24911,0,0,0,0,0,0
24921,0,0,0,0,0,0
24931,0,0,0,0,0,0
24941,0,0,0,0,0,0
24950,0,0,0,0,0,0
24975,0,0,0,0,0,0
24985,0,0,0,0,0,0
24995,0,0,0,0,0,0
25005,0,0,0,0,0,0
25014,0,0,0,0,0,0
25024,0,0,0,0,0,0
25046,0,0,0,0,0,0
25061,0,0,0,0,0,0
25073,0,0,0,0,0,0
25089,0,0,0,0,0,0
25097,0,0,0,0,0,0
25112,0,0,0,0,0,0
25122,0,0,0,0,0,0
25131,0,0,0,0,0,0
25140,0,0,0,0,0,0
25149,0,0,0,0,0,0
25159,0,0,0,0,0,0
25171,0,0,0,0,0,0
25181,0,0,0,0,0,0
25191,0,0,0,0,0,0
25201,0,0,0,0,0,0
25211,0,0,0,0,0,0
25227,0,0,0,0,0,0
25237,0,0,0,0,0,0
25247,0,0,0,0,0,0
25259,0,0,0,0,0,0
25269,0,0,0,0,0,0
25279,0,0,0,0,0,0
25289,0,0,0,0,0,0
25299,0,0,0,0,0,0
25315,0,0,0,0,0,0
25326,0,0,0,0,0,0
25338,0,0,0,0,0,0
25348,0,0,0,0,0,0
25366,0,0,0,0,0,0
25375,0,0,0,0,0,0
25385,0,0,0,0,0,0
25394,0,0,0,0,0,0
25404,0,0,0,0,0,0
25415,0,0,0,0,0,0
25425,0,0,0,0,0,0
25435,0,0,0,0,0,0
25445,0,0,0,0,0,0
25465,0,0,0,0,0,0
25497,0,0,0,0,0,0
25507,0,0,0,0,0,0
25546,0,0,0,0,0,0
25567,0,0,0,0,0,0
25589,0,0,0,0,0,0
25599,0,0,0,0,0,0
25619,0,0,0,0,0,0
25630,0,0,0,0,0,0
25640,0,0,0,0,0,0
25650,0,0,0,0,0,0
25662,0,0,0,0,0,0
25669,0,0,0,0,0,0
25690,0,0,0,0,0,0
25709,0,0,0,0,0,0
25731,0,0,0,0,0,0
25741,0,0,0,0,0,0
25754,0,0,0,0,0,0
25780,0,0,0,0,0,0
25809,0,0,0,0,0,0
25818,0,0,0,0,0,0
25828,0,0,0,0,0,0
25838,0,0,0,0,0,0
25848,0,0,0,0,0,0
25858,0,0,0,0,0,0
25868,0,0,0,0,0,0
25884,0,0,0,0,0,0
25894,0,0,0,0,0,0
25906,0,0,0,0,0,0
25914,0,0,0,0,0,0
25923,0,0,0,0,0,0
25938,0,0,0,0,0,0
25948,0,0,0,0,0,0
25957,0,0,0,0,0,0
25967,0,0,0,0,0,0
26050,0,0,0,0,0,0
26076,0,0,0,0,0,0
26085,0,0,0,0,0,0
26112,0,0,0,0,0,0
26120,0,0,0,0,0,0
26136,0,0,0,0,0,0
26148,0,0,0,0,0,0
26184,0,0,0,0,0,0
26211,0,0,0,0,0,0
26250,0,0,0,0,1,0
26259,0,0,0,1,1,0
26268,0,3,0,1,1,3
26276,0,0,0,0,0,0
26288,0,0,0,0,0,0
26295,4,5,0,0,0,8
26306,0,0,0,0,0,0
26314,0,0,0,0,0,0
26322,8,0,0,0,0,6
26331,0,0,0,0,0,0
26341,0,0,0,0,0,0
26352,0,0,0,0,0,0
26363,0,0,0,0,0,0
26373,0,0,0,0,0,0
26382,0,0,0,0,0,0
26393,0,0,0,0,0,0
26403,0,3,0,0,0,1
26413,0,0,0,0,0,0
26423,0,0,0,0,0,0
26433,0,0,0,0,0,0
26443,0,0,0,0,0,0
26452,0,0,0,0,0,0
26462,0,0,0,0,0,0
26472,0,0,0,0,0,0
26482,0,0,0,0,0,0
26492,0,0,0,0,0,0
26502,0,1,0,1,1,1
26512,0,0,0,2,2,0
26522,0,0,0,0,0,0
26531,0,0,0,0,0,0
26537,0,0,0,0,0,0
26549,0,0,0,0,0,0
26555,0,0,0,0,0,0
26567,0,0,0,0,0,0
26576,0,0,0,0,0,0
26586,0,0,0,0,0,0
26596,0,0,0,0,0,0
26606,0,0,0,0,0,0
26616,0,0,0,0,0,0
26626,0,0,0,0,0,0
26635,0,0,0,0,0,0
26645,0,0,0,0,0,0
26655,0,0,0,0,0,0
26665,0,0,0,0,0,0
26675,0,0,0,0,0,0
26685,0,0,0,0,0,0
26694,0,0,0,0,0,0
26704,0,0,0,0,0,0
26714,0,0,0,0,0,0
26723,0,0,0,0,0,0
26730,0,0,0,1,1,0
26749,0,0,0,0,1,0
26768,0,0,0,0,0,0
26784,0,0,0,0,0,0
26806,0,0,0,0,0,0
26817,0,0,0,0,0,0
26826,0,0,0,0,0,0
26836,0,0,0,0,0,0
26847,0,0,0,0,0,0
26856,0,0,0,0,0,0
26866,0,0,0,0,0,0
26875,0,0,0,0,0,0
26885,0,0,0,0,0,0
26906,0,0,0,0,0,0
26915,0,0,0,0,0,0
26923,0,0,0,0,0,0
26932,0,0,0,0,0,0
26941,0,0,0,0,0,0
26948,0,0,0,0,0,0
26956,0,0,0,0,0,0
26961,0,2,0,0,0,0
26971,0,0,0,0,0,0
26979,0,0,0,0,0,0
26986,0,0,0,0,0,0
26994,0,0,0,0,0,0
26999,0,0,0,0,0,0
27009,0,0,0,0,0,0
27020,0,0,0,0,0,0
27030,0,0,0,0,0,0
27035,0,0,0,0,0,0
27043,0,0,0,0,0,0
27048,0,0,0,0,0,0
27053,0,0,0,0,0,0
27061,0,0,0,0,0,0
27069,0,0,0,0,0,0
27077,0,0,0,0,0,0
27085,0,0,0,0,0,0
27093,0,0,0,0,0,0
27101,0,0,0,0,0,0
27109,0,0,0,0,0,0
27117,0,0,0,0,0,0
27123,0,1,1,0,0,0
27131,0,0,0,0,0,0
27139,0,0,0,0,0,0
27147,0,0,0,0,0,0
27155,0,0,0,0,0,0
27163,0,0,0,0,0,0
27171,0,0,0,0,0,0
27179,0,0,0,0,0,0
27187,0,0,0,0,0,0
27196,0,0,0,0,0,0
27207,0,0,0,0,0,0
27211,0,0,0,0,0,0
27223,0,0,0,0,0,0
27228,0,0,0,0,0,0
27236,0,0,0,0,0,0
27247,0,0,0,0,0,0
27252,0,0,0,0,0,0
27263,0,0,0,0,0,0
27272,0,0,0,0,0,0
27281,0,0,0,0,0,0
27291,0,0,0,0,0,0
27296,0,0,0,0,0,0
27304,0,0,0,0,0,0
27312,0,0,0,0,0,0
27320,0,0,0,0,0,0
27328,0,0,0,0,0,0
27336,0,0,0,0,0,0
27344,0,0,0,0,0,0
27352,0,0,0,0,0,0
27360,0,0,0,0,0,0
27366,0,1,2,0,0,0
27377,0,0,0,0,0,0
27395,0,0,0,0,0,0
27405,0,0,0,0,0,0
27415,0,0,0,0,0,0
27425,0,0,0,0,0,0
27438,0,0,2,0,0,0
27451,0,0,0,0,0,0
27457,0,0,0,0,0,0
27468,0,0,0,0,0,0
27481,0,0,0,0,1,0
27488,0,0,0,0,0,0
27500,0,0,0,0,0,0
27506,0,0,0,0,0,0
27518,0,0,0,0,0,0
27527,0,0,0,0,0,0
27535,0,0,0,0,0,0
27543,0,0,0,0,0,0
27553,0,0,0,0,0,0
27567,0,0,0,0,0,0
27574,0,0,0,0,0,0
27585,0,0,0,0,0,0
27593,0,0,0,0,0,0
27607,0,0,0,0,0,0
27616,0,0,0,0,0,0
27624,0,0,0,0,0,0
27634,0,0,0,0,0,0
27644,0,0,0,0,0,0
27661,0,0,0,0,0,0
27686,0,0,0,0,0,0
27694,0,0,0,0,0,0
27702,0,0,0,0,0,0
27733,0,0,0,0,0,0
27743,0,0,0,0,0,0
27750,0,0,0,0,0,0
27761,0,0,0,0,0,0
27792,0,0,0,0,0,0
27802,0,0,0,0,0,0
27812,0,0,0,0,0,0
27821,0,0,0,0,0,0
27831,0,0,0,0,0,0
27839,0,0,0,0,0,0
27847,0,0,0,0,0,0
27859,0,0,0,0,0,0
27869,0,0,0,0,0,0
27887,0,0,0,0,0,0
27899,0,0,0,0,0,0
27909,0,0,0,0,0,0
27920,0,0,0,0,0,0
27928,0,0,0,0,0,0
27934,0,0,0,0,0,0
27954,0,0,0,0,0,0
27964,0,0,0,0,0,0
28008,0,0,0,0,0,0
28018,0,0,0,0,0,0
28028,0,0,0,0,0,0
28048,0,0,0,0,0,0
28063,0,0,0,0,0,0
28083,0,0,0,0,0,0
28092,0,0,0,0,0,0
28101,0,0,0,0,0,0
28119,0,0,0,0,0,0
28139,0,0,0,0,0,0
28153,0,0,0,0,0,0
28162,0,0,0,0,0,0
28180,0,0,0,0,0,0
28233,0,0,0,0,0,0
28243,0,0,0,0,0,0
28253,0,0,0,0,0,0
28263,0,0,0,0,0,0
28281,0,0,0,0,0,0
28332,0,0,0,0,0,0
28342,0,0,0,0,0,0
28423,0,0,0,0,0,0
28434,0,0,0,0,0,0
28446,0,0,0,0,0,0
28454,0,0,0,0,0,0
28463,0,0,0,0,0,0
28475,0,0,0,0,0,0
28483,0,0,0,0,0,0
28490,0,0,0,0,0,0
28502,0,0,0,0,0,0
28511,0,0,0,0,0,0
28521,0,0,0,0,0,0
28531,0,0,0,0,0,0
28541,0,0,0,0,0,0
28553,0,0,0,0,0,0
28563,0,0,0,0,0,0
28573,0,0,0,0,0,0
28581,0,0,0,0,0,0
28592,0,0,0,0,0,0
28599,0,0,0,0,0,0
28610,0,0,0,0,0,0
28620,0,0,0,0,0,0
28629,0,0,0,0,0,0
28638,0,0,0,0,0,0
28647,0,0,0,0,0,0
28656,0,0,0,0,0,0
28665,0,0,0,0,0,0
28675,0,0,0,0,0,0
28686,0,0,0,2,2,0
28701,0,0,0,0,0,0
28714,0,0,0,0,0,0
28720,0,0,0,0,0,0
28734,0,0,0,0,0,0
28737,0,0,0,0,0,0
28753,0,0,0,0,0,0
28759,0,0,0,0,0,0
28768,0,0,0,0,0,0
28775,0,0,0,0,0,0
28786,0,0,0,0,0,0
28793,0,0,0,0,0,0
28806,0,0,0,0,0,0
28815,0,0,0,0,0,0
28824,0,0,0,0,0,0
28833,0,0,0,0,0,0
28849,0,0,0,0,0,0
28856,0,0,0,0,0,0
28870,0,0,0,0,0,0
28878,0,0,0,0,0,0
28887,0,0,0,0,0,0
28894,0,0,0,0,0,0
28901,0,0,0,0,0,0
28913,0,0,0,0,0,0
28920,0,0,0,0,1,0
28930,0,0,0,1,2,0
28940,0,0,0,2,1,0
28950,0,0,0,0,0,0
28962,0,0,0,0,0,0
28972,0,0,0,0,0,0
28981,0,0,0,0,0,0
28989,0,0,0,0,0,0
29002,0,0,0,0,0,0
29009,0,0,0,0,0,0
29021,0,0,0,0,0,0
29029,0,0,0,0,0,0
29036,0,0,0,0,0,0
29050,0,0,0,0,0,0
29059,0,0,0,0,0,0
29068,0,0,0,0,0,0
29077,0,0,0,0,0,0
29108,0,0,0,0,0,0
29118,0,0,0,0,0,0
29129,0,0,0,0,0,0
29158,0,0,0,0,0,0
29177,0,0,0,0,0,0
29190,0,0,0,0,0,0
29193,0,0,0,0,0,0
29216,0,0,0,0,0,0
29231,0,0,0,0,0,0
29238,0,0,0,0,0,0
29245,0,0,0,0,0,0
29256,0,0,0,0,0,0
29267,0,0,0,0,0,0
29276,0,0,0,0,0,0
29286,0,0,0,0,0,0
29296,0,0,0,0,0,0
29306,0,0,0,0,0,0
29319,0,0,0,0,0,0
29329,0,0,0,0,0,0
29339,0,0,0,0,0,0
29349,0,0,0,0,0,0
29359,0,0,0,0,0,0
29369,0,0,0,0,0,0
29380,0,0,0,0,0,0
29391,0,0,0,0,0,0
29402,0,0,0,0,0,0
29429,0,0,0,0,0,0
29456,0,0,0,0,0,0
29465,0,0,0,0,0,0
29475,0,0,0,0,0,0
29487,0,0,0,0,0,0
29496,0,0,0,0,0,0
29505,0,0,0,0,0,0
29514,0,0,0,0,0,0
29525,0,0,0,0,0,0
29536,0,0,0,0,0,0
29546,0,0,0,0,0,0
29555,0,0,0,0,0,0
29566,0,0,0,0,0,0
29576,0,0,0,0,0,0
29586,0,0,0,0,0,0
29596,0,0,0,0,0,0
29630,0,0,0,0,0,0
29636,0,0,0,0,0,0
29657,0,0,0,0,0,0
29669,0,0,0,0,0,0
29682,0,0,0,0,0,0
29693,0,0,0,0,0,0
29706,0,0,0,0,0,0
29715,0,0,0,0,0,0
29722,0,0,0,0,0,0
29741,0,0,0,0,0,0
29750,0,0,0,0,0,0
29759,0,0,0,0,0,0
29778,0,0,0,0,0,0
29799,0,0,0,0,0,0
29848,0,0,0,0,0,0
29881,0,0,0,0,0,0
29901,0,0,0,0,0,0
29909,0,0,0,0,0,0
29925,0,0,0,0,0,0
29935,0,0,0,0,0,0
29970,0,0,0,0,0,0
29980,0,0,0,0,0,0
29990,0,0,0,0,0,0
30015,0,0,0,0,0,0
30027,0,0,0,0,0,0
30035,0,0,0,0,0,0
30046,0,0,0,0,0,0
30055,0,0,0,0,0,0
30073,0,0,0,0,0,0
30089,0,0,0,0,0,0
30097,0,0,0,0,0,0
30107,0,0,0,0,0,0
30117,0,0,0,0,0,0
30127,0,0,0,0,0,0
30152,0,0,0,0,0,0
30181,0,0,0,0,0,0
30207,0,0,0,0,0,0
30244,0,0,0,0,0,0
30285,0,0,0,0,0,0
30295,0,0,0,0,0,0
30305,0,0,0,0,0,0
30317,0,0,0,0,0,0
30353,0,0,0,0,0,0
30393,0,0,0,0,0,0
30403,0,0,0,0,0,0
30423,0,0,0,0,0,0
30431,0,0,0,0,0,0
30519,0,0,0,0,0,0
30529,0,0,0,0,0,0
30609,0,0,0,0,0,0
30619,0,0,0,0,0,0
30631,0,0,0,0,0,0
30650,0,0,0,0,0,0
30693,0,0,0,0,0,0
30703,0,0,0,0,0,0
30713,0,0,0,0,0,0
30723,0,0,0,0,0,0
30733,0,0,0,0,0,0
30743,0,0,0,0,0,0
30753,0,0,0,0,0,0
30763,0,0,0,0,0,0
30783,0,0,0,0,0,0
30790,0,0,0,0,0,0
30801,0,0,0,0,0,0
30809,0,0,0,0,0,0
30822,0,0,0,0,0,0
30833,0,0,0,0,0,0
30843,0,0,0,0,0,0
30853,0,0,0,0,0,0
30865,0,0,0,0,0,0
30878,0,0,0,0,0,0
30894,0,0,0,0,0,0
30905,0,0,0,0,0,0
30927,0,0,0,0,0,0
30937,0,0,0,0,0,0
30947,0,0,0,0,0,0
30957,0,0,0,0,0,0
30967,0,0,0,0,0,0
30978,0,0,0,0,0,0
30987,0,0,0,0,0,0
30998,0,0,0,0,0,0
31008,0,0,0,0,0,0
31018,0,0,0,0,0,0
31038,0,0,0,0,0,0
31048,0,0,0,0,0,0
31058,0,0,0,0,0,0
31078,0,0,0,0,0,0
31088,0,0,0,0,0,0
31099,0,0,0,0,0,0
31129,0,0,0,1,1,0
31138,0,0,0,0,0,0
31148,0,0,0,0,0,0
31158,0,0,0,0,0,0
31170,0,0,0,0,0,0
31180,0,0,0,0,0,0
31190,0,0,0,0,0,0
31201,0,0,0,0,0,0
31211,0,0,0,0,0,0
31221,0,0,0,0,0,0
31231,0,0,0,0,0,0
31240,0,0,0,0,0,0
31250,0,0,0,0,0,0
31260,0,0,0,0,0,0
31271,0,0,0,0,0,0
31304,0,0,0,0,0,0
31324,0,0,0,0,0,0
31335,0,0,0,0,0,0
31345,0,0,0,0,0,0
31355,0,0,0,0,0,0
31370,0,0,0,0,0,0
31405,0,0,0,0,0,0
31416,0,0,0,0,0,0
31425,0,0,0,0,0,0
31442,0,0,0,0,0,0
31454,0,0,0,0,0,0
31463,0,0,0,0,0,0
31473,0,0,0,0,0,0
31483,0,0,0,0,0,0
31501,0,0,0,0,0,0
31511,0,0,0,0,0,0
31521,0,0,0,0,0,0
31531,0,0,0,0,0,0
31541,0,0,0,0,0,0
31551,0,0,0,0,0,0
31562,0,0,0,0,0,0
31572,0,0,0,0,0,0
31606,0,0,0,0,0,0
31624,0,0,0,0,0,0
31635,0,0,0,0,0,0
31648,0,0,0,0,0,0
31658,0,0,0,0,0,0
31671,0,0,0,0,0,0
31682,0,0,0,0,0,0
31692,0,0,0,0,0,0
31705,0,0,0,0,0,0
31715,0,0,0,0,0,0
31720,0,0,0,0,0,0
31734,0,0,0,0,0,0
31745,0,0,0,0,0,0
31756,0,0,0,0,0,0
31765,0,0,0,0,0,0
31773,0,0,0,0,0,0
31780,0,0,0,0,0,0
31792,0,0,0,0,0,0
31799,0,0,0,0,0,0
31814,0,0,0,0,0,0
31823,0,0,0,0,0,0
31828,0,0,0,0,0,0
31851,0,0,0,0,0,0
31887,0,0,0,0,0,0
31905,0,0,0,0,0,0
31916,0,0,0,0,0,0
31924,0,0,0,0,0,0
31935,0,0,0,0,0,0
31957,0,0,0,0,0,0
31966,0,0,0,0,0,0
31972,0,0,0,0,0,0
31978,0,0,0,0,0,0
31990,0,0,0,0,0,0
32006,0,0,0,0,0,0
32037,0,0,0,0,0,0
32046,0,0,0,0,0,0
32052,0,0,0,0,0,0
32059,0,0,0,0,0,0
32073,0,0,0,0,0,0
32097,0,0,0,0,0,0
32108,0,0,0,0,0,0
32138,0,0,0,0,0,0
32146,0,0,0,0,0,0
32152,0,0,0,0,0,0
32163,0,0,0,0,0,0
32174,0,0,0,0,0,0
32183,0,0,0,0,0,0
32190,0,0,0,0,0,0
32198,0,0,0,0,0,0
32203,0,0,0,0,0,0
32217,0,0,0,0,0,0
32221,0,0,0,0,0,0
32236,0,0,0,0,0,0
32244,0,0,0,0,0,0
32254,0,0,0,0,0,0
32260,0,0,0,0,0,0
32267,0,0,0,0,0,0
32279,0,0,0,0,0,0
32285,0,0,0,0,0,0
32298,0,0,0,0,0,0
32307,0,0,0,0,0,0
32314,0,0,0,0,0,0
32348,0,0,0,0,0,0
32370,0,0,0,0,0,0
32377,0,0,0,0,0,0
32397,0,0,0,0,0,0
32413,0,0,0,0,0,0
32423,0,0,0,0,0,0
32431,0,0,0,0,0,0
32437,0,0,0,0,0,0
32449,0,0,0,0,0,0
32455,0,0,0,0,0,0
32469,0,0,0,0,0,0
32474,0,0,0,0,0,0
32502,0,0,0,0,0,0
32508,0,0,0,0,0,0
32518,0,0,0,0,0,0
32530,0,0,0,0,0,0
32537,0,0,0,0,0,0
32549,0,0,0,0,0,0
32553,0,0,0,0,0,0
32585,0,0,0,0,0,0
32591,0,0,0,0,0,0
32628,0,0,0,0,0,0
32639,0,0,0,0,0,0
32656,0,0,0,0,0,0
32671,0,0,0,0,0,0
32691,0,0,0,0,0,0
32697,0,0,0,0,0,0
32718,0,0,0,0,0,0
32724,0,0,0,0,0,0
32734,0,0,0,0,0,0
32747,0,0,0,0,0,0
32754,0,0,0,0,0,0
43796,0,0,0,0,0,0
43815,0,0,0,0,0,0
43825,0,0,0,0,0,0
43835,0,0,0,0,0,0
43852,0,0,0,0,0,0
43861,0,0,0,0,0,0
43871,0,0,0,0,0,0
43881,0,0,0,0,0,0
43889,0,0,0,0,0,0
43900,0,0,0,0,0,0
43909,0,0,0,0,0,0
43919,0,0,0,0,0,0
43929,0,0,0,0,0,0
43939,0,0,0,0,0,0
43949,0,0,0,0,0,0
43958,0,0,0,0,0,0
43969,0,0,0,0,0,0
43981,0,0,0,0,0,0
43991,0,0,0,1,1,0
44017,0,0,0,0,0,0
44045,0,0,0,0,0,0
44062,0,0,0,0,0,0
44072,0,0,0,0,0,0
44082,0,0,0,0,0,0
44092,0,0,0,0,0,0
44102,0,0,0,0,0,0
44114,0,0,0,0,0,0
44124,0,0,0,0,0,0
44133,0,0,0,0,0,0
44143,0,0,0,0,0,0
44153,0,0,0,0,0,0
44173,0,0,0,0,0,0
44183,0,0,0,0,0,0
44194,0,0,0,0,0,0
44199,0,0,0,0,0,0
44210,0,0,0,0,0,0
44217,0,0,0,0,0,0
44270,0,0,0,1,1,0
44284,0,0,0,0,0,0
44301,0,0,0,0,0,0
44310,0,0,0,0,0,0
44319,0,0,0,0,0,0
44330,0,0,0,0,0,0
44339,0,0,0,0,0,0
44348,0,0,0,0,0,0
44357,0,0,0,0,0,0
44367,0,0,0,0,0,0
44376,0,0,0,0,0,0
44385,0,0,0,0,0,0
44393,0,0,0,0,0,0
44402,0,0,0,0,0,0
44411,0,0,0,0,0,0
44420,0,0,0,0,0,0
44429,0,0,0,0,0,0
44437,0,0,0,0,0,0
44443,0,0,0,0,0,0
44451,0,0,0,0,0,0
44463,0,0,0,0,0,0
44477,0,0,0,0,0,0
44486,0,0,0,0,0,0
44504,0,0,0,0,0,0
44518,0,0,0,0,0,0
44528,0,0,0,0,0,0
44540,0,0,0,0,0,0
44548,0,0,0,0,0,0
44553,0,0,0,0,0,0
44564,0,0,0,0,0,0
44584,0,0,0,0,0,0
44592,0,0,0,0,0,0
44596,0,0,0,0,0,0
44607,0,0,0,0,0,0
44614,0,0,0,0,0,0
44631,0,0,0,0,0,0
44640,0,0,0,0,0,0
44647,0,0,0,0,0,0
44655,0,0,0,0,0,0
44663,0,0,0,0,0,0
44671,0,0,0,0,0,0
44679,0,0,0,0,0,0
44684,0,0,0,0,0,0
44692,0,0,0,0,0,0
44700,0,0,0,0,0,0
44708,0,0,0,0,0,0
44715,0,0,0,0,0,0
44729,0,0,0,0,0,0
44737,0,0,0,0,0,0
44744,0,0,0,0,0,0
44753,0,0,0,0,0,0
44763,0,0,0,0,0,0
44770,0,0,0,0,0,0
44779,0,0,0,0,0,0
44789,0,0,0,0,0,0
44799,0,0,0,0,0,0
44805,0,0,0,0,0,0
44827,0,0,0,0,0,0
44835,0,0,0,0,0,0
44842,0,0,0,0,0,0
44849,0,0,0,0,0,0
44861,0,0,0,0,0,0
44869,0,0,0,0,0,0
44877,0,0,0,0,0,0
44883,0,0,0,0,0,0
44891,0,0,0,0,0,0
44899,0,0,0,0,0,0
44907,0,0,0,0,0,0
44915,0,0,0,0,0,0
44923,0,0,0,0,0,0
44929,0,0,0,0,0,0
44938,0,0,0,0,0,0
44946,0,0,0,0,0,0
44954,0,0,0,0,0,0
44964,0,0,0,1,1,0
44973,0,0,0,1,0,0
44982,0,0,0,0,0,0
44991,0,0,0,0,0,0
45043,0,0,0,0,0,0
45051,0,0,0,0,0,0
45059,0,0,0,0,0,0
45068,0,0,0,0,0,0
45076,0,0,0,0,0,0
45089,0,0,0,0,0,0
45097,0,0,0,0,0,0
45103,0,0,0,0,0,0
45111,0,0,0,0,0,0
45117,0,0,0,0,0,0
45141,0,0,0,0,0,0
45149,0,0,0,0,0,0
45157,0,0,0,0,0,0
45165,0,0,0,0,0,0
45172,0,0,0,0,0,0
45181,0,0,0,0,0,0
45190,0,0,0,0,0,0
45204,0,0,0,0,0,0
45214,0,0,0,0,0,0
45221,0,0,0,0,0,0
45233,0,0,0,0,0,0
45249,0,0,0,0,0,0
45275,0,0,0,0,0,0
45287,0,0,0,0,0,0
45295,0,0,0,0,0,0
45304,0,0,0,0,0,0
45341,0,0,0,0,0,0
45349,0,0,0,0,0,0
45356,0,0,0,0,0,0
45360,0,0,0,0,0,0
45370,0,0,0,0,0,0
45378,0,0,0,0,0,0
45388,0,0,0,0,0,0
45396,0,0,0,0,0,0
45406,0,0,0,0,0,0
45415,0,0,0,0,0,0
45421,0,0,0,0,0,0
45429,0,0,0,0,0,0
45437,0,0,0,0,0,0
45467,0,0,0,0,0,0
45479,0,0,0,0,0,0
45494,0,0,0,0,0,0
45499,0,0,0,0,0,0
45508,0,0,0,0,0,0
45517,0,0,0,0,0,0
45528,0,0,0,0,0,0
45542,0,0,0,0,0,0
45554,0,0,0,0,0,0
45573,0,0,0,0,0,0
45581,0,0,0,0,0,0
45589,0,0,0,0,0,0
45595,0,0,0,0,0,0
45606,0,0,0,0,0,0
45612,0,0,0,0,0,0
45621,0,0,0,0,0,0
45632,0,0,0,0,0,0
45642,0,0,0,0,0,0
45655,0,0,0,0,0,0
45663,0,0,0,0,0,0
45670,0,0,0,0,0,0
45678,0,0,0,0,0,0
45700,0,0,0,0,0,0
45709,0,0,0,0,0,0
45713,0,0,0,0,0,0
45733,0,0,0,0,0,0
45744,0,0,0,0,0,0
45763,0,0,0,0,0,0
45768,0,0,0,0,0,0
45776,1,8,1,0,0,2
45785,0,0,0,0,0,0
45796,0,0,0,0,0,0
45816,0,0,0,0,0,0
45824,0,0,0,0,0,0
45830,0,0,0,0,0,0
45841,0,0,0,0,0,0
45846,0,0,0,0,0,0
45856,0,0,0,0,0,0
45866,0,0,0,0,0,0
45875,0,0,0,0,0,0
45882,0,0,0,0,0,0
45913,0,0,0,0,0,0
45921,0,0,0,0,0,0
45928,0,0,0,0,0,0
45935,0,0,0,2,2,0
45943,0,0,0,3,1,0
45951,0,3,0,3,3,2
45960,1,7,0,0,0,7
45967,0,0,0,0,0,0
45975,0,0,0,0,0,0
45983,0,0,0,0,0,0
45991,0,0,0,0,0,0
46002,0,0,0,0,0,0
46013,0,0,0,0,0,0
46020,0,0,0,0,0,0
46025,0,0,0,0,0,0
46034,0,0,0,0,0,0
46042,0,0,0,0,0,0
46050,0,0,0,0,0,0
46058,0,0,0,0,0,0
46065,0,0,0,0,0,0
46071,0,0,0,0,0,0
46079,0,0,0,0,0,0
46087,0,0,0,0,0,0
46095,0,0,0,0,0,0
46101,0,0,0,0,0,0
46124,0,0,0,0,0,0
46131,0,0,0,0,0,0
46137,0,0,0,0,0,0
46144,0,0,0,0,0,0
46151,0,0,0,0,0,0
46157,0,0,0,0,0,0
46164,0,0,0,0,0,0
46171,0,0,0,1,1,0
46177,0,0,0,3,2,0
46184,0,0,0,1,2,0
46191,0,0,0,2,3,0
46199,0,0,0,0,0,0
46206,1,0,0,0,0,1
46215,0,0,0,0,0,0
46223,0,0,0,0,0,0
46230,9,0,0,0,0,5
46237,0,0,0,0,0,0
46244,0,0,0,0,0,0
46251,0,0,0,0,0,0
46258,0,0,0,0,0,0
46265,0,0,0,0,0,0
46272,0,0,0,0,0,0
46277,0,0,0,1,0,0
46284,0,0,0,0,0,0
46290,0,0,0,0,0,0
46296,0,0,0,0,0,0
46303,0,0,0,0,0,0
46310,0,0,0,0,0,0
46317,0,0,0,0,0,0
46323,0,0,0,0,0,0
46330,0,0,0,0,0,0
46337,0,0,0,0,0,0
46344,0,0,0,0,0,0
46349,0,0,0,0,0,0
46356,0,0,0,0,0,0
46363,0,0,0,0,0,0
46370,0,0,0,0,0,0
46384,0,0,0,0,0,0
46390,0,0,0,0,0,0
46397,0,0,0,0,0,0
46404,0,0,0,0,0,0
46409,0,0,0,0,0,0
46429,0,0,0,5,3,0
46436,0,0,0,1,2,0
46441,0,0,0,1,1,0
46448,0,0,0,1,2,0
46455,8,3,0,1,1,8
46462,0,0,0,0,0,0
46469,0,0,0,0,0,0
46476,3,0,0,0,0,3
46483,0,0,0,0,0,0
46490,0,0,0,0,0,0
46497,0,0,0,0,0,0
46502,0,0,0,0,0,0
46509,0,0,0,0,0,0
46515,0,0,0,0,0,0
46522,0,0,0,0,0,0
46529,0,0,0,0,0,0
46536,0,0,0,0,0,0
46543,0,0,0,0,0,0
46550,0,0,0,0,0,0
46558,0,0,0,0,0,0
46564,0,0,0,0,0,0
46570,0,0,0,0,0,0
46591,0,0,0,0,0,0
46597,0,0,0,0,0,0
46609,0,0,0,0,0,0
46615,0,0,0,0,0,0
46628,0,0,0,0,0,0
46634,0,0,0,0,0,0
46640,0,0,0,0,0,0
46646,0,0,0,0,0,0
46652,0,0,0,0,0,0
46657,0,0,0,0,0,0
46663,0,0,0,0,0,0
46669,0,0,0,1,1,0
46675,0,0,0,0,0,0
46683,0,0,0,0,0,0
46689,0,0,0,1,1,0
46695,0,0,0,0,0,0
46699,0,0,0,0,0,0
46705,0,0,0,0,0,0
46711,0,0,0,0,0,0
46719,0,0,0,0,0,0
46725,0,2,0,0,0,2
46732,0,0,0,0,0,0
46736,0,0,0,0,0,0
46741,0,0,0,0,0,0
46746,0,0,0,0,0,0
46754,0,0,0,0,0,0
46760,0,0,0,0,0,0
46766,0,0,0,0,0,0
46770,0,0,0,0,0,0
46776,0,0,0,0,0,0
46782,0,0,0,0,0,0
46787,0,0,0,0,0,0
46793,0,0,0,0,0,0
46798,0,0,0,0,0,0
46804,0,0,0,0,0,0
46810,0,0,0,0,0,0
46816,0,0,0,0,0,0
46822,0,0,0,0,0,0
46828,0,0,0,0,0,0
46834,0,0,0,0,0,0
46840,0,0,0,0,0,0
46846,0,0,0,0,0,0
46852,0,0,0,0,0,0
46858,0,0,0,0,0,0
46863,0,0,0,0,0,0
46869,0,0,0,0,0,0
46875,0,0,0,0,0,0
46883,0,0,0,0,0,0
46887,0,0,1,0,0,0
46893,0,0,0,0,0,0
46899,0,0,0,0,1,0
46905,0,0,0,0,0,0
46911,0,0,0,2,3,0
46923,0,0,0,0,1,0
46929,0,0,0,0,0,0
46932,0,0,0,0,1,0
46938,0,0,0,0,0,0
46942,0,0,0,1,0,0
46948,0,0,0,0,0,0
46953,0,0,0,0,0,0
46959,0,1,0,1,0,0
46965,0,0,0,0,0,0
46968,0,3,0,2,0,2
46974,0,0,0,0,0,0
46978,0,0,0,0,0,0
46983,0,0,0,0,0,0
46991,0,0,0,0,0,0
46995,0,0,0,0,0,0
47001,0,0,0,0,0,0
47007,0,0,0,0,0,0
47014,0,0,0,0,0,0
47021,0,0,0,0,0,0
47027,0,0,0,0,0,0
47033,0,0,0,0,0,0
47039,0,0,0,0,0,0
47045,0,0,0,0,0,0
47051,0,0,0,0,0,0
47058,0,1,0,0,0,0
47064,0,0,0,0,0,0
47070,0,0,0,0,0,0
47076,0,0,0,0,0,0
47082,0,0,0,0,0,0
47087,0,0,0,0,0,0
47093,0,0,0,0,0,0
47099,0,0,0,0,0,0
47105,0,0,0,0,0,0
47111,0,0,0,0,0,0
47117,0,0,0,0,0,0
47122,0,0,0,0,0,0
47128,0,0,0,0,0,0
47134,0,0,0,0,0,0
47140,0,0,0,0,0,0
47145,0,0,0,1,1,0
47151,0,0,0,1,3,0
47157,0,0,0,1,1,0
47163,0,0,0,2,3,0
47167,0,0,0,0,1,0
47173,0,0,0,0,0,0
47179,0,0,0,0,0,0
47186,0,0,0,0,0,0
47192,0,0,0,0,0,0
47197,0,0,0,0,0,0
47207,0,0,0,0,0,0
47213,0,0,0,1,0,0
47218,0,0,0,0,0,0
47223,0,0,0,0,0,0
47229,0,0,0,0,0,0
47235,0,0,0,0,0,0
47241,0,0,0,0,0,0
47248,0,0,0,0,0,0
47253,0,0,0,0,0,0
47259,0,0,0,0,0,0
47265,0,1,1,0,0,0
47271,0,0,0,0,0,0
47277,0,0,0,0,0,0
47281,0,0,0,0,0,0
47287,0,0,0,0,0,0
47293,0,0,0,0,0,0
47299,0,0,0,0,0,0
47305,0,0,0,0,0,0
47311,0,0,0,0,0,0
47317,0,0,0,0,0,0
47323,0,0,0,0,0,0
47329,0,0,0,0,0,0
47335,0,0,0,0,0,0
47341,0,0,0,0,0,0
47346,0,0,0,0,0,0
47352,0,0,0,0,0,0
47358,0,0,0,0,0,0
47364,0,0,1,0,0,0
47370,0,0,0,0,0,0
47376,0,0,0,0,0,0
47382,0,1,0,0,0,0
47388,0,0,0,0,0,0
47400,0,0,0,0,0,0
47406,0,0,0,0,0,0
47412,0,0,0,0,0,0
47418,0,0,0,0,0,0
47424,0,0,0,0,0,0
47428,0,0,0,0,0,0
47433,0,0,0,0,0,0
47447,0,0,0,0,0,0
47451,0,0,0,0,0,0
47457,0,0,0,0,0,0
47463,0,0,0,0,0,0
47469,0,0,0,0,0,0
47476,0,0,0,0,0,0
47481,0,0,0,0,0,0
47487,0,0,0,0,0,0
47493,0,0,0,0,0,0
47498,0,0,0,0,0,0
47504,0,0,0,0,0,0
47510,0,0,0,0,0,0
47516,0,0,0,0,0,0
47522,0,0,0,0,0,0
47528,0,0,0,0,0,0
47533,0,0,0,0,0,0
47539,0,0,0,0,0,0
47552,0,0,0,0,0,0
47558,0,0,0,0,0,0
47564,0,0,0,0,0,0
47570,0,0,0,0,0,0
47576,0,0,0,0,0,0
47582,0,0,0,0,0,0
47590,0,0,0,0,0,0
47596,0,0,0,0,0,0
47602,0,0,0,0,0,0
47605,0,0,0,0,0,0
47613,0,0,0,0,0,0
47619,0,0,0,0,0,0
47623,0,0,0,0,0,0
47630,0,0,0,0,0,0
47646,0,0,0,0,0,0
47652,0,0,0,0,0,0
47659,0,0,0,0,0,0
47665,0,0,0,0,0,0
47671,0,0,0,0,0,0
47684,0,0,0,0,0,0
47691,0,0,0,0,0,0
47697,0,0,0,0,0,0
47704,0,0,0,0,0,0
47710,0,0,0,0,0,0
47716,0,0,0,0,0,0
47722,0,0,0,0,0,0
47728,0,0,0,0,0,0
47733,0,0,0,0,0,0
47740,0,0,0,0,0,0
47746,0,0,0,0,0,0
47752,0,0,0,0,0,0
47758,0,0,0,0,0,0
47764,0,0,0,0,0,0
47770,0,0,0,0,0,0
47775,0,0,0,0,0,0
47780,0,0,0,0,0,0
47786,0,0,0,0,0,0
47792,0,0,0,0,0,0
47798,0,0,0,0,0,0
47804,0,0,0,0,0,0
47810,0,0,0,0,0,0
47816,0,0,0,0,0,0
47821,0,0,0,0,0,0
47827,0,0,0,0,0,0
47833,0,0,0,0,0,0
47839,0,0,0,0,0,0
47844,0,0,0,0,0,0
47849,0,0,0,0,0,0
47855,0,0,0,0,0,0
47861,0,0,0,0,0,0
47867,0,0,0,0,0,0
47873,0,0,0,0,0,0
47879,0,0,0,0,0,0
47885,0,0,0,0,0,0
47890,0,0,0,0,0,0
47896,0,0,0,0,0,0
47902,0,0,0,0,0,0
47909,0,0,0,0,0,0
47921,0,0,0,0,0,0
47927,0,0,0,0,0,0
47932,0,0,1,0,0,0
47941,0,0,1,0,0,0
47947,0,0,0,0,0,0
47953,0,0,0,0,0,0
47963,0,0,0,0,0,0
47975,0,0,0,0,0,0
47981,0,0,0,0,0,0
47996,0,0,0,0,0,0
48000,0,0,0,0,0,0
48006,0,0,0,0,0,0
48012,0,0,3,0,0,0
48019,0,0,0,0,0,0
48025,0,0,0,0,0,0
48031,0,0,0,0,0,0
48038,0,0,0,0,0,0
48043,0,0,0,0,0,0
48055,0,0,0,0,0,0
48061,0,0,0,0,0,0
48072,0,0,0,0,0,0
48078,0,0,0,0,0,0
48083,0,0,0,0,0,0
48089,0,0,0,0,0,0
48104,0,0,0,0,0,0
48110,0,0,0,0,0,0
48120,0,0,0,1,0,0
48126,0,0,0,2,2,0
48138,0,0,0,2,1,0
48145,0,0,0,0,0,0
48149,0,0,0,0,0,0
48155,0,0,0,0,0,0
48167,0,0,0,0,0,0
48173,0,0,0,0,0,0
48184,0,0,0,0,0,0
48190,0,0,0,0,0,0
48196,0,0,0,0,0,0
48202,0,0,0,0,0,0
48208,0,0,0,0,0,0
48214,0,0,0,0,0,0
48226,0,0,0,0,0,0
48238,0,0,0,0,0,0
48245,0,0,0,0,0,0
48251,0,0,0,0,0,0
48258,0,0,0,0,0,0
48265,0,0,0,0,0,0
48271,0,0,0,0,0,0
48283,0,0,0,0,0,0
48289,0,0,0,0,0,0
48301,0,0,0,0,0,0
48307,0,0,0,0,0,0
48318,0,0,0,0,0,0
48324,0,0,0,0,0,0
48330,0,0,0,0,0,0
48336,0,0,0,0,0,0
48342,0,0,0,0,0,0
48348,0,0,0,0,0,0
48354,0,0,0,0,0,0
48360,0,0,0,0,2,0
48372,0,0,0,2,2,0
48379,0,0,0,1,2,0
48392,0,0,0,0,0,0
48398,0,0,0,0,0,0
48409,0,0,0,2,1,0
48414,0,0,0,0,0,0
48421,0,0,0,0,0,0
48428,0,0,0,0,0,0
48433,0,0,0,0,0,0
48440,0,0,0,0,0,0
48446,0,0,0,0,0,0
48452,0,0,0,0,0,0
48457,0,0,0,0,0,0
48463,0,0,0,0,0,0
48469,0,0,0,0,0,0
48474,0,0,0,0,0,0
48480,0,0,0,0,0,0
48486,0,0,0,0,0,0
48491,0,0,0,0,0,0
48497,0,0,0,0,0,0
48503,0,0,0,0,0,0
48511,0,0,0,0,0,0
48515,0,0,0,0,0,0
48535,0,0,0,0,0,0
48541,0,0,0,0,0,0
48553,0,0,0,0,0,0
48559,0,0,0,0,0,0
48563,0,0,0,0,0,0
48569,0,0,0,0,0,0
48575,0,0,0,0,0,0
48583,0,0,0,0,0,0
48589,0,0,0,0,0,0
48595,0,0,0,0,0,0
48601,0,0,0,1,2,0
48608,0,0,0,5,4,0
48614,0,0,0,1,2,0
48625,0,0,0,2,2,0
48631,0,0,0,0,0,0
48642,0,0,0,2,1,0
48648,0,0,0,1,0,0
48654,2,0,0,0,0,2
48662,0,0,0,0,0,0
48668,0,0,0,0,0,0
48673,0,0,0,0,0,0
48678,3,0,0,0,0,2
48684,0,0,0,0,0,0
48689,0,0,0,0,0,0
48695,0,0,0,0,0,0
48700,0,0,0,0,1,0
48705,0,0,0,0,0,0
48713,0,0,0,0,0,0
48719,0,0,0,0,0,0
48725,0,0,0,0,0,0
48731,0,0,0,0,0,0
48737,0,0,0,0,0,0
48743,0,0,0,0,0,0
48749,0,0,0,0,0,0
48759,0,0,0,0,0,0
48765,0,0,0,0,0,0
48783,0,0,0,0,0,0
48788,0,0,0,0,0,0
48794,0,0,0,0,0,0
48800,0,0,0,0,0,0
48806,0,0,0,0,0,0
48812,0,0,0,0,0,0
48818,0,0,0,0,0,0
48824,0,0,0,0,0,0
48830,0,0,0,0,0,0
48836,0,0,0,0,0,0
48842,0,0,0,0,0,0
48847,0,0,0,0,0,0
48859,0,0,0,0,0,0
48864,0,0,0,0,0,0
48878,0,0,0,0,0,0
48884,0,0,0,0,0,0
48894,0,0,0,0,0,0
48901,0,0,0,0,0,0
48912,0,0,0,0,0,0
48919,0,0,0,0,0,0
48925,0,0,0,0,0,0
48937,0,0,0,0,0,0
48946,0,0,0,0,0,0
48951,0,0,0,0,0,0
48959,0,0,0,0,0,0
48964,0,0,0,0,0,0
48975,0,0,0,0,0,0
48982,0,0,0,0,0,0
48988,0,0,0,0,0,0
48995,0,0,0,0,0,0
49000,0,0,0,0,0,0
49006,0,0,0,0,0,0
49013,0,0,0,0,0,0
49019,0,0,0,0,0,0
49024,0,0,0,0,0,0
49032,0,0,0,0,0,0
49038,0,0,0,0,0,0
49044,0,0,0,0,0,0
49048,0,0,0,0,0,0
49053,0,0,0,0,0,0
49059,0,0,0,0,0,0
49066,0,0,0,0,0,0
49074,0,0,0,0,0,0
49080,0,0,0,0,0,0
49085,0,0,0,0,0,0
49090,0,0,0,0,0,0
49102,0,0,0,2,2,0
49108,0,0,0,0,0,0
49120,0,0,0,0,1,0
49126,0,0,0,0,0,0
49138,0,0,0,0,0,0
49144,0,0,0,0,0,0
49151,0,0,0,0,0,0
49166,0,0,0,0,0,0
49172,0,0,0,0,0,0
49176,0,0,0,0,0,0
49184,0,0,0,0,0,0
49190,0,0,0,0,0,0
49195,0,0,0,0,0,0
49201,0,0,0,0,0,0
49207,0,0,0,0,0,0
49210,0,0,0,0,0,0
49217,0,0,0,0,0,0
49223,0,0,0,0,0,0
49232,0,0,0,0,0,0
49238,0,0,0,0,0,0
49244,0,0,0,0,0,0
49248,0,0,0,0,0,0
49260,0,0,0,0,0,0
49265,0,0,0,0,0,0
49270,0,0,0,0,0,0
49276,0,0,0,0,0,0
49283,0,0,0,0,0,0
49289,0,0,0,0,0,0
49294,0,0,0,0,0,0
49301,0,0,0,0,0,0
49307,0,0,0,0,0,0
49313,0,0,0,0,0,0
49320,0,0,0,0,0,0
49326,0,0,0,0,0,0
49332,0,0,0,1,2,0
49338,0,0,0,1,2,0
49345,0,0,0,2,3,0
49351,0,0,0,1,1,0
49362,0,0,0,2,2,0
49368,0,0,0,1,1,0
49373,0,0,0,1,1,0
49379,0,0,0,1,1,0
49387,0,0,0,0,0,0
49399,0,0,0,0,0,0
49405,0,0,0,0,0,0
49409,0,0,0,0,0,0
49415,0,0,0,0,0,0
49420,0,0,0,0,0,0
49427,0,0,0,0,0,0
49433,0,0,0,0,0,0
49438,0,0,0,0,0,0
49444,0,0,0,0,0,0
49450,0,0,0,0,0,0
49456,0,0,0,0,0,0
49462,0,0,0,0,0,0
49468,0,0,0,0,0,0
49473,0,0,0,0,0,0
49479,0,0,0,0,0,0
49485,0,0,0,0,0,0
49489,0,0,0,0,0,0
49495,0,0,0,0,0,0
49501,0,0,0,0,0,0
49513,0,0,0,0,0,0
49519,0,0,0,0,0,0
49531,0,0,0,0,0,0
49537,0,0,0,0,0,0
49542,0,0,0,0,0,0
49548,0,0,0,0,0,0
49554,0,0,0,0,0,0
49560,0,0,0,0,0,0
49566,0,0,0,0,0,0
49576,0,0,0,0,0,0
49585,0,0,0,0,0,0
49596,0,0,0,0,0,0
49607,0,0,0,0,0,0
49613,0,0,0,0,0,0
49623,0,0,0,0,0,0
49632,0,0,0,0,0,0
49641,0,0,0,0,0,0
49651,0,0,0,0,0,0
49680,0,0,0,0,0,0
49690,0,0,0,0,0,0
49704,0,0,0,0,0,0
49720,0,0,0,0,0,0
49738,0,0,0,0,0,0
49748,0,0,0,0,0,0
49757,0,0,0,0,0,0
49766,0,0,0,0,0,0
49776,0,0,0,0,0,0
49798,0,0,0,0,0,0
49809,0,0,0,0,0,0
49819,0,0,0,0,0,0
49826,0,0,0,0,0,0
49842,0,0,0,0,0,0
49852,0,0,0,0,0,0
49869,0,0,0,0,0,0
49880,0,0,0,0,0,0
49893,0,0,0,0,0,0
49899,0,0,0,0,0,0
49919,0,0,0,0,0,0
49941,0,0,0,0,0,0
49951,0,0,0,0,0,0
49961,0,0,0,0,0,0
49986,0,0,0,0,0,0
49996,0,0,0,0,0,0
50006,0,0,0,0,0,0
50016,0,0,0,0,0,0
50026,0,0,0,0,0,0
50036,0,0,0,0,0,0
50067,0,0,0,0,0,0
50077,0,0,0,0,0,0
50099,0,0,0,0,0,0
50112,0,0,0,0,0,0
50123,0,0,0,0,0,0
50133,0,0,0,0,0,0
50152,0,0,0,0,0,0
50193,0,0,0,0,0,0
50203,0,0,0,0,0,0
50212,0,0,0,0,0,0
50241,0,0,0,0,0,0
50261,0,0,0,0,0,0
50283,0,0,0,0,0,0
50292,0,0,0,0,0,0
50309,0,0,0,0,0,0
50340,0,0,0,0,0,0
50350,0,0,0,0,0,0
50360,0,0,0,0,0,0
50372,0,0,0,0,0,0
50383,0,0,0,0,0,0
50392,0,0,0,0,0,0
50403,0,0,0,0,0,0
50411,0,0,0,0,0,0
50425,0,0,0,0,0,0
50433,0,0,0,0,0,0
50442,0,0,0,0,0,0
50450,0,0,0,0,0,0
50462,0,0,0,0,0,0
50471,0,0,0,0,0,0
50480,0,0,0,0,0,0
50500,0,0,0,0,0,0
50510,0,0,0,0,0,0
50520,0,0,0,0,0,0
50529,0,0,0,0,0,0
50538,0,0,0,0,0,0
50550,0,0,0,1,1,0
50558,0,0,0,1,2,0
50569,0,0,0,2,1,0
50592,0,0,0,0,0,0
50602,0,0,0,0,0,0
50628,0,0,0,0,0,0
50638,0,0,0,0,0,0
50647,0,0,0,0,0,0
50659,0,0,0,0,0,0
50668,0,0,0,0,0,0
50678,0,0,0,0,0,0
50689,0,0,0,0,0,0
50727,0,0,0,0,0,0
50739,0,0,0,0,0,0
50749,0,0,0,0,0,0
50758,0,0,0,0,0,0
50767,0,0,0,0,0,0
50777,0,0,0,0,0,0
50795,0,0,0,1,2,0
50831,0,0,0,1,1,0
50863,0,0,0,0,0,0
50873,0,0,0,0,0,0
50892,0,0,0,0,0,0
50902,0,0,0,0,0,0
50912,0,0,0,0,0,0
50922,0,0,0,0,0,0
50943,0,0,0,0,0,0
50953,0,0,0,0,0,0
50964,0,0,0,0,0,0
50974,0,0,0,0,0,0
50983,0,0,0,0,0,0
50991,0,0,0,0,0,0
51000,0,0,0,0,0,0
51009,0,0,0,0,0,0
51018,0,0,0,0,0,0
51027,0,0,0,0,0,0
51034,0,0,0,0,0,0
51042,0,0,0,0,0,0
51052,0,0,0,0,0,0
51079,0,0,0,0,0,0
51090,0,0,0,0,0,0
51117,0,0,0,0,0,0
51125,0,0,0,0,0,0
51135,0,0,0,0,0,0
51144,0,0,0,0,0,0
51151,0,0,0,0,0,0
51162,0,0,0,0,0,0
51170,0,0,0,0,0,0
51183,0,0,0,0,0,0
51204,0,0,0,0,0,0
51213,0,0,0,0,0,0
51221,0,0,0,0,0,0
51231,0,0,0,0,0,0
51239,0,0,0,0,0,0
51251,0,0,0,0,0,0
51257,0,0,0,0,0,0
51268,0,0,0,0,0,0
51291,0,0,0,0,0,0
51313,0,0,0,0,0,0
51322,0,0,0,0,0,0
51352,0,0,0,0,0,0
51360,0,0,0,0,0,0
51369,0,0,0,0,0,0
51375,0,0,0,0,0,0
51386,0,0,0,0,0,0
51398,0,0,0,0,0,0
51404,0,0,0,0,0,0
51417,0,0,0,0,0,0
51426,0,0,0,0,0,0
51435,0,0,0,0,0,0
51444,0,0,0,0,0,0
51453,0,0,0,0,0,0
51463,0,0,0,0,0,0
51473,0,0,0,0,0,0
51488,0,0,0,0,0,0
51492,0,0,0,0,0,0
51499,0,0,0,0,0,0
51514,0,0,0,0,0,0
51521,0,0,0,1,1,0
51529,0,0,0,0,0,0
51542,0,0,0,0,1,0
51548,0,0,0,0,0,0
51567,0,0,0,0,0,0
51600,0,0,0,0,0,0
51610,0,0,0,0,0,0
51619,0,0,0,0,0,0
51628,0,0,0,0,0,0
51639,0,0,0,0,0,0
51646,0,0,0,0,0,0
51658,0,0,0,0,0,0
51664,0,0,0,0,0,0
51674,0,0,0,0,0,0
51685,0,0,0,0,0,0
51694,0,0,0,0,0,0
51701,0,0,0,0,0,0
51708,0,0,0,0,0,0
51714,0,0,0,0,0,0
51723,0,0,0,0,0,0
51733,0,0,0,0,0,0
51745,0,0,0,0,0,0
51750,0,0,0,0,0,0
51763,0,0,0,0,0,0
51776,0,0,0,0,0,0
51790,0,0,0,0,0,0
51808,0,0,0,0,0,0
51839,0,0,0,0,0,0
51861,0,0,0,0,0,0
51873,0,0,0,0,0,0
51897,0,0,0,0,0,0
51906,0,0,0,0,0,0
51922,0,0,0,0,0,0
51930,0,0,0,0,0,0
51939,0,0,0,0,0,0
51967,0,0,0,0,0,0
51980,0,0,0,0,0,0
51987,0,0,0,0,0,0
51994,0,0,0,0,0,0
52005,0,0,0,0,0,0
52019,0,0,0,0,0,0
52042,0,0,0,0,0,0
52061,0,0,0,0,0,0
52077,0,0,0,0,0,0
52090,0,0,0,0,0,0
52104,0,0,0,0,0,0
52113,0,0,0,0,0,0
52123,0,0,0,0,0,0
52133,0,0,0,0,0,0
52153,0,0,0,0,0,0
52158,0,0,0,0,0,0
52165,0,0,0,0,0,0
52199,0,0,0,0,0,0
52207,0,0,0,0,0,0
52217,0,0,0,0,0,0
52224,0,0,0,0,0,0
52231,0,0,0,0,0,0
52238,0,0,0,0,0,0
52260,0,0,0,0,1,0
52268,0,0,0,0,0,0
52295,0,0,0,0,0,0
52311,0,0,0,0,0,0
52337,0,0,0,0,0,0
52347,0,0,0,0,0,0
52354,0,0,0,0,0,0
52370,0,0,0,0,0,0
52376,0,0,0,0,0,0
52384,0,0,0,0,0,0
52391,0,0,0,0,0,0
52406,0,0,0,0,0,0
52426,0,0,0,0,0,0
52438,0,0,0,0,0,0
52453,0,0,0,0,0,0
52464,0,0,0,0,0,0
52473,0,0,0,0,0,0
52479,0,0,0,0,0,0
52497,0,2,0,2,2,0
52507,0,0,0,1,3,0
52515,3,0,0,0,0,3
52530,4,4,0,0,0,5
52538,0,0,0,0,0,0
52545,0,0,0,0,0,0
52559,0,0,0,0,0,0
52564,0,0,0,0,0,0
52576,0,0,0,0,0,0
52583,0,0,0,0,0,0
52591,0,0,0,0,0,0
52602,0,0,0,0,0,0
52609,0,0,0,0,0,0
52616,0,0,0,0,0,0
52631,0,0,0,0,0,0
52640,0,0,0,0,0,0
52647,1,4,0,0,0,5
52655,0,0,0,0,0,0
52662,0,0,0,0,0,0
52671,0,0,0,0,0,0
52698,0,0,0,0,0,0
52705,0,0,0,0,0,0
52716,0,0,0,0,0,0
52723,0,0,0,0,0,0
52735,0,0,0,0,2,0
52744,0,0,0,0,3,0
52750,0,2,0,0,3,0
52761,0,0,0,1,1,0
52774,0,0,0,1,1,0
52785,3,0,0,0,0,3
52800,10,0,0,0,0,6
52812,0,0,0,0,0,0
52821,0,0,0,0,0,0
52830,0,0,0,0,0,0
52839,0,0,0,0,0,0
52848,0,0,0,0,0,0
52857,0,0,0,0,0,0
52867,0,0,0,0,0,0
52875,0,0,0,0,0,0
52885,0,0,0,0,0,0
52974,6,5,0,1,1,3
52983,3,6,0,1,2,3
52996,0,0,0,1,3,0
53003,0,0,0,1,1,0
53010,3,0,0,0,0,3
53023,0,0,0,1,1,0
53035,0,0,0,0,0,0
53044,0,0,0,0,0,0
53047,0,0,0,0,0,0
53057,0,0,0,0,0,0
53071,0,0,0,1,1,0
53076,0,0,0,0,0,0
53084,0,0,0,0,0,0
53095,0,0,0,0,0,0
53104,0,0,0,0,0,0
53115,1,5,0,0,0,5
53124,4,5,0,0,0,8
53132,0,0,0,0,0,0
53141,0,0,0,0,0,0
53151,0,0,0,0,0,0
53157,0,0,0,0,0,0
53180,0,0,0,0,0,0
53187,0,0,0,0,0,0
53193,0,0,0,0,0,0
53205,0,0,0,0,0,0
53211,0,0,0,0,0,0
53216,0,0,0,0,0,0
53222,0,0,0,0,0,0
53234,0,0,0,1,1,0
53240,0,0,0,0,0,0
53246,0,0,0,0,0,0
53259,0,0,0,0,1,0
53266,0,0,0,0,0,0
53272,0,0,0,0,0,0
53279,0,0,0,0,0,0
53285,0,0,0,0,0,0
53291,0,0,0,0,0,0
53300,0,0,0,0,0,0
53306,0,0,0,0,0,0
53312,0,0,0,0,0,0
53318,0,0,0,0,0,0
53325,0,0,0,0,0,0
53331,0,0,0,0,0,0
53337,0,0,0,0,0,0
53343,0,0,0,0,0,0
53349,0,0,0,0,0,0
53355,0,0,0,0,0,0
53363,0,0,0,0,0,0
53369,0,0,0,0,0,0
53375,0,0,0,0,0,0
53381,0,0,0,0,0,0
53387,0,0,0,0,0,0
53393,0,0,0,0,0,0
53399,0,0,0,0,0,0
53403,0,0,0,0,0,0
53409,0,0,0,0,0,0
53415,0,0,0,0,0,0
53421,0,0,0,0,0,0
53427,0,0,0,0,0,0
53433,0,0,0,0,0,0
53439,0,0,0,0,0,0
53446,0,0,0,0,0,0
53452,0,0,0,0,0,0
53459,0,0,0,0,0,0
53465,0,0,0,2,3,0
53475,0,0,0,1,1,0
53481,0,0,0,1,2,0
53486,0,0,0,2,2,0
53492,0,0,0,0,0,0
53504,0,0,0,0,0,0
53510,0,0,0,0,0,0
53516,0,0,0,0,0,0
53524,0,0,0,0,0,0
53531,0,0,0,0,0,0
53537,0,0,0,0,0,0
53543,0,0,0,0,0,0
53549,0,0,0,0,0,0
53555,0,0,0,0,1,0
53561,0,0,0,0,0,0
53567,0,0,0,0,0,0
53573,0,0,0,0,0,0
53579,0,0,0,0,0,0
53585,0,0,0,0,0,0
53590,0,0,0,0,0,0
53597,0,0,0,0,0,0
53602,0,0,0,0,0,0
53608,0,0,0,0,0,0
53614,0,0,0,0,0,0
53620,0,0,0,0,0,0
53626,0,0,0,0,0,0
53632,0,0,0,0,0,0
53638,0,0,0,0,0,0
53644,0,0,0,0,1,0
53650,0,0,0,0,0,0
53657,0,0,0,0,0,0
53663,0,0,0,0,0,0
53668,0,0,0,0,0,0
53675,0,0,0,0,0,0
53681,0,0,0,0,0,0
53687,0,0,0,0,0,0
53692,0,0,0,0,0,0
53698,0,0,0,0,0,0
53704,0,0,0,1,4,0
53710,0,0,0,3,1,0
53716,0,0,0,2,2,0
53727,0,0,0,2,2,0
53733,0,0,0,0,2,0
53737,0,0,0,1,0,0
53743,0,0,0,2,2,0
53749,0,0,0,0,0,0
53756,0,0,0,0,1,0
53762,0,0,0,0,0,0
53768,0,0,0,0,0,0
53776,0,0,0,0,0,0
53783,0,0,0,0,0,0
53789,0,0,0,0,1,0
53795,0,0,0,0,0,0
53799,0,0,0,0,0,0
53805,0,0,0,0,0,0
53812,0,0,0,0,0,0
53818,0,0,0,0,0,0
53824,0,0,0,0,0,0
53830,0,0,0,0,0,0
53836,0,0,0,0,0,0
53842,0,0,0,0,0,0
53846,0,0,0,0,0,0
53852,0,0,0,0,0,0
53856,0,0,0,0,0,0
53862,0,1,0,0,0,0
53869,0,0,0,0,0,0
53875,0,0,0,0,0,0
53880,0,0,0,0,0,0
53886,0,0,0,0,0,0
53893,0,0,0,0,0,0
53900,0,0,0,0,0,0
53906,0,0,0,0,0,0
53912,0,0,0,0,0,0
53918,0,0,0,0,0,0
53924,0,0,0,0,0,0
53930,0,0,0,0,0,0
53936,0,0,0,0,0,0
53941,0,0,0,0,0,0
53947,0,0,0,0,0,0
53954,0,0,0,0,0,0
53958,0,0,0,0,0,0
53963,0,0,0,0,0,0
53968,0,0,0,0,0,0
53974,0,0,0,0,0,0
53980,0,0,0,0,0,0
53985,0,0,0,0,0,0
53988,0,0,0,0,0,0
53994,0,0,0,0,0,0
54000,0,0,0,0,0,0
54008,0,0,0,0,0,0
54013,0,0,0,0,0,0
54019,0,0,0,0,0,0
54026,0,0,0,0,0,0
54032,0,0,0,0,0,0
54044,0,0,0,0,0,0
54050,0,0,0,0,0,0
54056,0,0,0,0,0,0
54061,0,0,0,0,0,0
54067,0,0,0,0,0,0
54073,0,0,0,0,0,0
54078,0,0,0,0,0,0
54084,0,0,0,0,0,0
54089,0,0,0,0,0,0
54095,0,0,0,0,0,0
54101,0,0,0,0,0,0
54106,0,0,0,0,0,0
54112,0,0,0,0,0,0
54119,0,0,0,0,0,0
54123,0,0,0,0,0,0
54129,0,0,0,0,0,0
54136,0,0,0,0,0,0
54142,0,0,0,0,0,0
54148,0,0,0,0,0,0
54154,0,0,0,0,0,0
54160,0,0,0,0,0,0
54169,0,0,0,0,0,0
54175,0,0,0,0,0,0
54181,0,0,0,0,0,0
54188,0,0,0,0,0,0
54194,0,0,0,0,0,0
54200,0,0,0,0,0,0
54205,0,0,0,0,0,0
54211,0,0,0,0,0,0
54214,0,0,0,0,0,0
54227,0,0,0,0,0,0
54235,0,0,0,0,0,0
54240,0,0,0,0,0,0
54247,0,0,0,0,0,0
54253,0,0,0,0,0,0
54259,0,0,0,0,0,0
54264,0,0,0,0,0,0
54270,0,0,0,0,0,0
54276,0,0,0,0,0,0
54282,0,0,0,0,0,0
54288,0,0,0,0,0,0
54300,0,0,0,0,0,0
54306,0,0,0,0,0,0
54312,0,0,0,0,0,0
54318,0,0,0,0,0,0
54325,0,0,0,0,0,0
54331,0,0,0,0,0,0
54336,0,0,0,0,0,0
54342,0,0,0,0,0,0
54348,0,0,0,0,0,0
54354,0,0,0,0,0,0
54360,0,0,0,0,0,0
54367,0,0,0,0,0,0
54373,0,0,0,0,0,0
54379,0,0,0,0,0,0
54385,0,0,0,0,0,0
54390,0,0,0,0,0,0
54397,0,0,0,0,0,0
54403,0,0,0,0,0,0
54408,0,0,0,0,0,0
54414,0,0,0,0,0,0
54420,0,0,0,0,0,0
54426,0,0,0,0,0,0
54432,0,0,0,0,0,0
54450,0,0,0,0,0,0
54458,0,0,0,0,0,0
54472,0,0,0,0,0,0
54478,0,0,0,0,0,0
54491,0,0,0,0,0,0
54497,0,0,0,0,0,0
54502,0,0,0,0,0,0
54508,0,0,0,0,0,0
54514,0,0,0,0,0,0
54526,0,0,0,0,0,0
54532,0,0,0,0,0,0
54543,0,0,0,0,0,0
54549,0,0,0,0,0,0
54555,0,0,0,0,0,0
54561,0,0,0,0,0,0
54568,0,0,0,0,0,0
54574,0,0,0,0,0,0
54580,0,0,0,0,0,0
54586,0,0,0,0,0,0
54592,0,0,0,0,0,0
54597,0,0,0,0,0,0
54603,0,0,0,0,0,0
54608,0,0,0,0,0,0
54614,0,0,0,0,0,0
54629,0,0,0,0,0,0
54635,0,0,0,0,0,0
54641,0,0,0,0,0,0
54647,0,0,0,0,0,0
54653,0,0,0,0,0,0
54658,0,0,0,0,0,0
54664,0,0,0,0,0,0
54669,0,0,0,0,0,0
54682,0,0,0,2,1,0
54688,0,0,0,2,2,0
54699,0,0,0,2,2,0
54705,0,0,0,0,0,0
54710,0,0,0,0,0,0
54717,0,0,0,0,0,0
54723,0,0,0,0,0,0
54729,0,0,0,0,0,0
54737,0,0,0,0,0,0
54744,0,0,0,0,0,0
54750,0,0,0,0,0,0
54756,0,0,0,0,0,0
54762,0,0,0,0,0,0
54768,0,0,0,0,0,0
54774,0,0,0,0,0,0
54780,0,0,0,0,0,0
54786,0,0,0,0,0,0
54791,0,0,0,0,0,0
54797,0,0,0,0,0,0
54809,0,0,0,0,0,0
54816,0,0,0,0,0,0
54822,0,0,0,0,0,0
54827,0,0,0,0,0,0
54833,0,0,0,0,0,0
54852,0,0,0,0,0,0
54858,0,0,0,0,0,0
54863,0,0,0,0,0,0
54869,0,0,0,0,0,0
54881,0,0,0,0,0,0
54887,0,0,0,0,0,0
54897,0,0,0,0,0,0
54902,0,0,0,0,0,0
54914,0,0,0,0,0,0
54941,0,0,0,2,2,0
54952,0,0,0,2,1,0
54957,0,0,0,0,0,0
54962,0,0,0,1,1,0
54967,0,0,0,0,0,0
54979,0,0,0,0,0,0
54984,0,0,0,0,0,0
54989,0,0,0,0,0,0
54994,0,0,0,0,0,0
54998,0,0,0,0,0,0
55004,0,0,0,0,0,0
55009,0,0,0,0,0,0
55014,0,0,0,0,0,0
55019,0,0,0,0,0,0
55024,0,0,0,0,0,0
55029,0,0,0,0,0,0
55034,0,0,0,0,0,0
55039,0,0,0,0,0,0
55044,0,0,0,0,0,0
55050,0,0,0,0,0,0
55055,0,0,0,0,0,0
55060,0,0,0,0,0,0
55065,0,0,0,0,0,0
55070,0,0,0,0,0,0
55075,0,0,0,0,0,0
55085,0,0,0,0,0,0
55822,0,0,0,0,0,0
55833,0,0,0,0,0,0
55840,0,0,0,0,0,0
55852,0,0,0,0,0,0
55861,0,0,0,0,0,0
55868,0,0,0,0,0,0
55878,0,0,0,0,0,0
55888,0,0,0,0,0,0
55920,0,0,0,1,1,0
55930,0,0,0,1,1,0
55940,0,0,0,1,1,0
55972,0,0,0,0,0,0
55983,0,0,0,0,0,0
55994,0,0,0,0,0,0
56006,0,0,0,0,0,0
56016,0,0,0,0,0,0
56026,0,0,0,0,0,0
56036,0,0,0,0,0,0
56047,0,0,0,0,0,0
56056,0,0,0,0,0,0
56068,0,0,0,0,0,0
56078,0,0,0,0,0,0
56088,0,0,0,0,0,0
56098,0,0,0,0,0,0
56112,0,0,0,0,0,0
56121,0,0,0,0,0,0
56131,0,0,0,0,0,0
56140,0,0,0,0,0,0
56166,0,0,0,0,0,0
56177,0,0,0,0,0,0
56195,0,0,0,0,0,0
56209,0,0,0,0,0,0
56257,0,0,0,0,0,0
56267,0,0,0,0,0,0
56284,0,0,0,0,0,0
56294,0,0,0,0,0,0
56313,0,0,0,0,0,0
56323,0,0,0,0,0,0
56333,0,0,0,0,0,0
56343,0,0,0,0,0,0
56353,0,0,0,0,0,0
56363,0,0,0,0,0,0
56373,0,0,0,0,0,0
56401,0,0,0,0,0,0
56413,0,0,0,0,0,0
56423,0,0,0,0,0,0
56450,0,0,0,0,0,0
56460,0,0,0,0,0,0
56470,0,0,0,0,0,0
56480,0,0,0,0,0,0
56499,0,0,0,0,0,0
56510,0,0,0,0,0,0
56529,0,0,0,0,0,0
56539,0,0,0,0,0,0
56549,0,0,0,0,0,0
56561,0,0,0,0,0,0
56571,0,0,0,0,0,0
56592,0,0,0,0,0,0
56603,0,0,0,0,0,0
56610,0,0,0,0,0,0
56631,0,0,0,1,1,0
56642,0,0,0,0,1,0
56650,0,0,0,0,0,0
56659,0,0,0,0,0,0
56667,0,0,0,0,0,0
56681,0,0,0,0,0,0
56694,0,0,0,0,0,0
56703,0,0,0,0,0,0
56725,0,0,0,0,0,0
56745,0,0,0,0,0,0
56755,0,0,0,0,0,0
56764,0,0,0,0,0,0
56781,0,0,0,0,0,0
56790,0,0,0,0,0,0
56800,0,0,0,0,0,0
56811,0,0,0,0,0,0
56821,0,0,0,0,0,0
56831,0,0,0,0,0,0
56869,0,0,0,0,0,0
56893,0,0,0,0,0,0
56903,0,0,0,0,0,0
56914,0,0,0,0,0,0
56924,0,0,0,0,0,0
56946,0,0,0,0,0,0
56956,0,0,0,0,0,0
56966,0,0,0,0,0,0
56976,0,0,0,0,0,0
56985,0,0,0,0,0,0
56994,0,0,0,0,0,0
57005,0,0,0,0,0,0
57046,0,0,0,0,0,0
57057,0,0,0,0,0,0
57067,0,0,0,0,0,0
57089,0,0,0,0,0,0
57102,0,0,0,0,0,0
57117,0,0,0,1,2,0
57130,0,0,0,2,2,0
57146,0,0,0,0,0,0
57184,0,0,0,0,0,0
57193,0,0,0,0,0,0
57204,0,0,0,0,0,0
57218,0,0,0,0,0,0
57228,0,0,0,0,0,0
57238,0,0,0,0,0,0
57248,0,0,0,0,0,0
57258,0,0,0,0,0,0
57298,0,0,0,0,0,0
57308,0,0,0,0,0,0
57319,0,0,0,0,0,0
57329,0,0,0,0,0,0
57338,0,0,0,0,0,0
57347,0,0,0,0,0,0
57363,0,0,0,2,2,0
57372,0,0,0,1,3,0
57388,0,0,0,0,0,0
57401,0,0,0,1,1,0
57409,0,0,0,0,0,0
57420,0,0,0,0,0,0
57430,0,0,0,0,0,0
57441,0,0,0,0,0,0
57451,0,0,0,0,0,0
57459,0,0,0,0,0,0
57469,0,0,0,0,0,0
57479,0,0,0,0,0,0
57489,0,0,0,0,0,0
57517,0,0,0,0,0,0
57527,0,0,0,0,0,0
