13,0,0,0,0,0,0
18,0,0,0,0,0,0
25,0,0,0,0,0,0
32,0,0,0,0,0,0
38,0,0,0,0,0,0
48,0,0,0,0,0,0
53,0,0,0,0,0,0
61,0,0,0,0,0,0
69,1,7,0,0,0,7
77,0,0,0,0,0,0
86,0,0,0,0,0,0
95,0,0,0,0,0,0
103,0,0,0,0,0,0
111,0,0,0,0,0,0
119,0,0,0,0,0,0
127,0,0,0,0,0,0
133,0,0,0,0,0,0
141,0,2,0,0,0,0
151,0,0,0,0,0,0
158,0,0,0,0,0,0
167,0,0,0,0,0,0
177,0,0,0,0,0,0
187,0,0,0,0,0,0
197,0,0,0,0,0,0
206,0,0,0,0,0,0
216,0,0,0,0,0,0
224,0,0,0,0,0,0
237,0,0,0,0,0,0
247,0,0,0,0,0,0
257,0,0,0,0,0,0
267,0,0,0,0,0,0
277,0,0,0,0,0,0
286,0,0,0,0,0,0
294,0,5,0,0,0,5
306,0,0,0,0,0,0
316,0,0,0,0,0,0
327,0,0,0,0,0,0
337,0,0,0,0,0,0
346,0,0,0,0,0,0
356,0,0,0,0,0,0
365,0,0,0,0,0,0
375,0,1,2,0,0,0
390,0,0,0,0,0,0
401,0,0,0,0,0,0
417,0,0,0,0,0,0
431,0,0,0,0,0,0
458,0,0,0,0,0,0
470,0,0,0,0,0,0
477,0,0,0,0,0,0
484,0,0,0,0,0,0
494,0,0,0,0,0,0
504,0,0,0,0,0,0
514,0,0,0,0,0,0
526,0,0,0,0,0,0
534,0,0,0,0,0,0
543,3,1,0,0,0,4
553,0,0,0,0,0,0
563,0,0,0,0,0,0
581,0,0,0,0,0,0
592,0,0,0,0,0,0
603,0,0,0,0,0,0
612,0,0,0,0,0,0
620,0,0,0,0,0,0
633,0,0,0,0,0,0
643,0,0,0,0,0,0
668,0,0,0,0,0,0
680,0,0,0,0,0,0
693,0,0,0,0,0,0
703,0,0,0,0,0,0
712,0,0,0,0,0,0
721,0,0,0,0,0,0
729,0,0,0,0,0,0
739,0,0,0,0,0,0
748,0,0,0,0,0,0
759,0,0,0,0,0,0
766,0,0,0,0,0,0
780,0,1,1,0,0,0
790,0,0,0,0,0,0
800,0,0,0,0,0,0
810,0,0,0,0,0,0
820,0,0,0,0,0,0
829,0,0,0,0,0,0
836,0,0,0,0,0,0
850,0,0,0,0,0,0
859,0,0,0,0,0,0
867,0,0,0,0,0,0
872,0,0,0,0,0,0
882,0,0,0,0,0,0
892,0,0,0,0,0,0
902,0,0,0,0,0,0
912,0,0,0,0,0,0
922,0,0,0,0,0,0
958,0,0,0,0,0,0
967,0,0,0,0,0,0
976,0,0,0,0,0,0
986,0,0,0,0,0,0
1016,0,0,0,0,0,0
1025,0,0,0,0,0,0
1035,0,0,0,0,0,0
1045,0,0,0,0,0,0
1055,0,0,0,0,0,0
1065,0,0,0,0,0,0
1076,0,0,0,0,0,0
1090,0,0,0,0,0,0
1100,0,0,0,0,0,0
1109,0,0,0,0,0,0
1117,0,0,0,0,0,0
1128,0,0,0,0,0,0
1136,0,0,0,0,0,0
1156,0,0,0,0,0,0
1174,0,0,0,0,0,0
1199,0,0,0,0,0,0
1208,0,0,0,0,0,0
1233,0,0,0,0,0,0
1242,0,0,0,0,0,0
1260,0,0,0,0,0,0
1268,0,0,0,0,0,0
1275,0,1,2,0,0,0
1287,0,0,0,0,0,0
1297,0,0,0,0,0,0
1307,0,0,0,0,0,0
1314,0,0,0,0,0,0
1325,0,0,0,0,0,0
1334,0,0,0,0,0,0
1343,0,0,0,0,0,0
1364,0,0,0,0,0,0
1373,0,0,0,0,0,0
1398,0,0,0,0,0,0
1417,0,0,0,0,0,0
1445,0,0,0,0,0,0
1454,0,0,0,0,0,0
1531,0,0,0,0,0,0
1678,0,0,0,0,0,0
1856,0,0,0,0,0,0
1872,0,0,0,0,0,0
1910,0,0,0,0,0,0
1918,0,0,0,0,0,0
1926,0,0,0,0,0,0
2070,0,0,0,0,0,0
2133,0,0,0,0,0,0
2160,0,0,0,0,0,0
2199,0,0,0,0,0,0
2204,0,0,0,0,0,0
2211,0,0,0,0,0,0
2218,0,0,0,0,0,0
2224,0,0,0,0,0,0
2230,0,0,0,0,0,0
2237,0,0,0,0,0,0
2244,0,0,0,0,0,0
2251,0,0,0,0,0,0
2257,0,0,0,0,0,0
2264,0,0,0,0,0,0
2272,0,0,0,0,0,0
2279,0,0,0,0,0,0
2287,0,0,0,0,0,0
2294,0,0,0,0,0,0
2301,0,0,0,0,0,0
2308,0,0,0,0,0,0
2315,0,0,0,0,0,0
2323,0,0,0,0,0,0
2331,0,0,0,0,0,0
2338,0,0,0,0,0,0
2345,0,0,0,0,0,0
2352,0,0,0,0,0,0
2357,0,0,0,0,0,0
2363,0,0,0,0,0,0
2370,0,0,0,0,0,0
2378,0,0,0,0,0,0
2385,0,0,0,0,0,0
2392,0,0,0,0,0,0
2398,0,0,0,0,0,0
2405,0,0,0,0,0,0
2412,0,0,0,0,0,0
2419,0,0,0,0,0,0
2426,0,0,0,0,0,0
2433,0,0,0,0,0,0
2440,0,0,0,0,0,0
2446,0,0,0,0,0,0
2453,0,0,0,0,0,0
2460,0,0,0,0,0,0
2465,0,0,0,0,0,0
2472,0,0,0,0,0,0
2479,0,0,0,0,0,0
2486,0,0,0,0,0,0
2495,0,0,0,0,0,0
2509,0,0,0,0,0,0
2523,0,0,0,0,0,0
2529,0,0,0,0,0,0
2536,0,0,0,0,0,0
2543,0,0,0,0,0,0
2549,0,0,0,0,0,0
2559,0,0,0,0,0,0
2564,0,0,0,0,0,0
2573,0,0,0,0,0,0
2581,0,0,0,0,0,0
2588,0,0,0,0,0,0
2613,0,0,0,0,0,0
2620,0,0,0,0,0,0
2640,0,0,0,0,0,0
2648,0,0,0,0,0,0
2655,0,0,0,0,0,0
2667,0,0,0,0,0,0
2674,0,0,0,0,0,0
2680,0,0,0,0,0,0
2688,0,0,0,0,0,0
2694,0,0,0,0,0,0
2709,0,0,0,0,0,0
2717,0,0,0,0,0,0
2724,0,0,0,0,0,0
2731,0,0,0,0,0,0
2737,0,0,0,0,0,0
2743,0,0,0,0,0,0
2750,0,0,0,0,0,0
2764,0,0,0,0,0,0
2785,0,0,0,0,0,0
2792,0,0,0,0,0,0
2799,0,0,0,0,0,0
2813,0,0,0,0,0,0
2821,0,0,0,0,0,0
2828,0,0,0,0,0,0
2846,0,0,0,0,0,0
2862,0,0,0,0,0,0
2881,0,0,0,0,0,0
2900,0,0,0,0,0,0
2912,0,0,0,0,0,0
2919,0,0,0,0,0,0
2923,0,0,0,0,0,0
2928,0,0,0,0,0,0
2941,0,0,0,0,0,0
2947,0,0,0,0,0,0
2952,0,0,0,0,0,0
2958,0,0,0,0,0,0
2964,0,0,0,0,0,0
2970,0,0,0,0,0,0
2978,0,0,0,0,0,0
2984,0,0,0,0,0,0
2994,0,0,0,0,0,0
3000,0,0,0,0,0,0
3011,0,0,0,0,0,0
3017,0,0,0,0,0,0
3023,0,0,0,0,0,0
3029,0,0,0,0,0,0
3035,0,0,0,0,0,0
3041,0,0,0,0,0,0
3047,0,0,0,0,0,0
3051,0,0,0,0,0,0
3057,0,0,0,0,0,0
3064,0,0,0,0,0,0
3070,0,0,0,0,0,0
3076,0,0,0,0,0,0
3083,0,0,0,0,0,0
3089,0,0,0,0,0,0
3101,0,0,0,0,0,0
3108,0,0,0,0,0,0
3114,0,0,0,0,0,0
3125,0,0,0,0,0,0
3131,0,0,0,0,0,0
3145,0,0,0,0,0,0
3151,0,0,0,0,0,0
3157,0,0,0,0,0,0
3164,0,0,0,0,0,0
3170,0,0,0,0,0,0
3181,0,0,0,0,0,0
3187,0,0,0,0,0,0
3200,0,0,0,0,0,0
3206,0,0,0,0,0,0
3212,0,0,0,0,0,0
3218,0,0,0,0,0,0
3224,0,0,0,0,0,0
3231,0,0,0,0,0,0
3237,0,0,0,0,0,0
3250,0,0,0,0,0,0
3262,0,0,0,0,0,0
3268,0,0,0,0,0,0
4482,0,0,0,0,0,0
4491,0,0,0,0,0,0
4500,0,0,0,0,0,0
4510,0,0,0,0,0,0
4520,0,0,0,0,0,0
4530,0,0,0,0,0,0
4540,0,0,0,0,0,0
4550,0,0,0,0,0,0
4561,0,0,0,0,0,0
4572,0,0,0,0,0,0
4582,0,0,0,0,0,0
4592,0,0,0,0,0,0
4602,0,0,0,0,0,0
4612,0,0,0,0,0,0
4621,0,0,0,0,0,0
4632,0,0,0,0,0,0
4641,0,0,0,0,0,0
4652,0,0,0,0,0,0
4661,0,0,0,0,0,0
4670,0,0,0,0,0,0
4679,0,0,0,0,0,0
4688,0,0,0,0,0,0
4695,0,0,0,0,0,0
4704,0,0,0,0,0,0
4715,0,0,0,0,0,0
4724,0,0,0,0,0,0
4735,0,0,0,0,0,0
4745,0,0,0,0,0,0
4754,0,0,0,0,0,0
4764,0,0,0,0,0,0
4774,0,0,0,0,0,0
4805,0,0,0,0,0,0
4815,0,0,0,0,0,0
4825,0,0,0,0,0,0
4835,0,0,0,0,0,0
4845,0,0,0,0,0,0
4855,0,0,0,0,0,0
4865,0,0,0,0,0,0
4875,0,0,0,0,0,0
4888,0,0,0,0,0,0
4899,0,0,0,0,0,0
4909,0,0,0,0,0,0
4919,0,0,0,0,0,0
4929,0,0,0,0,0,0
4938,0,0,0,0,0,0
4967,0,0,0,0,0,0
4977,0,0,0,0,0,0
4988,0,0,0,0,0,0
4997,0,0,0,0,0,0
5009,0,0,0,0,0,0
5019,0,0,0,0,0,0
5036,0,0,0,0,0,0
9455,0,0,0,0,0,0
9472,0,0,0,0,0,0
9483,0,0,0,0,0,0
9493,0,0,0,0,0,0
9502,0,0,0,0,0,0
9510,0,0,0,0,0,0
9520,0,0,0,0,0,0
9531,0,0,0,0,0,0
9543,0,0,0,0,0,0
9560,0,0,0,0,0,0
9570,0,0,0,0,0,0
9579,0,0,0,0,0,0
9588,0,0,0,0,0,0
9598,0,0,0,0,0,0
9608,0,0,0,0,0,0
9617,0,0,0,0,0,0
9627,0,0,0,0,0,0
9637,0,0,0,0,0,0
9657,0,0,0,0,0,0
9667,0,0,0,0,0,0
9677,0,0,0,0,0,0
9687,0,0,0,0,0,0
9697,0,0,0,0,0,0
9707,0,0,0,0,0,0
9714,0,0,0,0,0,0
9726,0,0,0,0,0,0
9732,0,0,0,0,0,0
9741,0,0,0,0,0,0
9749,0,0,0,0,0,0
9765,0,0,0,0,0,0
9775,0,0,0,0,0,0
9790,0,0,0,0,0,0
9796,0,0,0,0,0,0
9813,0,0,0,0,0,0
9824,0,0,0,0,0,0
9837,0,0,0,0,0,0
9853,0,0,0,0,0,0
9864,0,0,0,0,0,0
9875,0,0,0,0,0,0
9894,0,0,0,0,0,0
9904,0,0,0,0,0,0
9923,0,0,0,0,0,0
9937,0,0,0,0,0,0
9965,0,0,0,0,0,0
9976,0,0,0,0,0,0
9984,0,0,0,0,0,0
9993,0,0,0,0,0,0
10001,0,0,0,0,0,0
10017,0,0,0,0,0,0
10027,0,0,0,0,0,0
10039,0,0,0,0,0,0
10066,0,0,0,0,0,0
10080,0,0,0,0,0,0
10090,0,0,0,0,0,0
10100,0,0,0,0,0,0
10111,0,0,0,0,0,0
10120,0,0,0,0,0,0
10154,0,0,0,0,0,0
10164,0,0,0,0,0,0
10174,0,0,0,0,0,0
10198,0,0,0,0,0,0
10206,0,0,0,0,0,0
10260,0,0,0,0,0,0
10270,0,0,0,0,0,0
10280,0,0,0,0,0,0
10309,0,0,0,0,0,0
10332,0,0,0,0,0,0
10342,0,0,0,0,0,0
10352,0,0,0,0,0,0
10361,0,0,0,0,0,0
10386,0,0,0,0,0,0
10396,0,0,0,0,0,0
10406,0,0,0,0,0,0
10416,0,0,0,0,0,0
10426,0,0,0,0,0,0
10436,0,0,0,0,0,0
10476,0,0,0,0,0,0
10495,0,0,0,0,0,0
10505,0,0,0,0,0,0
10648,0,0,0,0,0,0
10657,0,0,0,0,0,0
10665,0,0,0,0,0,0
10756,0,0,0,0,0,0
10764,0,0,0,0,0,0
10773,0,0,0,0,0,0
10810,0,0,0,0,0,0
10819,0,0,0,0,0,0
10828,0,0,0,0,0,0
10836,0,0,0,0,0,0
10872,0,0,0,0,0,0
10936,0,0,0,0,0,0
10952,0,0,0,0,0,0
10960,0,0,0,0,0,0
10968,0,0,0,0,0,0
10976,0,0,0,0,0,0
10986,0,0,0,0,0,0
10993,0,0,0,0,0,0
11001,0,0,0,0,0,0
11015,0,0,0,0,0,0
11022,0,0,0,0,0,0
11030,0,0,0,0,0,0
11039,0,0,0,0,0,0
11047,0,0,0,0,0,0
11054,0,0,0,0,0,0
11062,0,0,0,0,0,0
11071,0,0,0,0,0,0
11078,0,0,0,0,0,0
11087,0,0,0,0,0,0
11094,0,0,0,0,0,0
11111,0,0,0,0,0,0
11119,0,0,0,0,0,0
11126,0,0,0,0,0,0
11133,0,0,0,0,0,0
11143,0,0,0,0,0,0
11156,0,0,0,0,0,0
11165,0,0,0,0,0,0
11173,0,0,0,0,0,0
11182,0,0,0,0,0,0
11192,0,0,0,0,0,0
11202,0,0,0,0,0,0
11212,0,0,0,0,0,0
11222,0,0,0,0,0,0
11240,0,0,0,0,0,0
11260,0,0,0,0,0,0
11270,0,0,0,0,0,0
11281,0,0,0,0,0,0
11291,0,0,0,0,0,0
11301,0,0,0,0,0,0
11311,0,0,0,0,0,0
11321,0,0,0,0,0,0
11332,0,0,0,0,0,0
11341,0,0,0,0,0,0
11354,0,0,0,0,0,0
11363,0,0,0,0,0,0
11373,0,0,0,0,0,0
11382,0,0,0,0,0,0
11390,0,0,0,0,0,0
11400,0,0,0,0,0,0
11410,0,0,0,0,0,0
11420,0,0,0,0,0,0
11440,0,0,0,0,0,0
11469,0,0,0,0,0,0
11480,0,0,0,0,0,0
11490,0,0,0,0,0,0
11499,0,0,0,0,0,0
11519,0,0,0,0,0,0
11529,0,0,0,0,0,0
11540,0,0,0,0,0,0
11551,0,0,0,0,0,0
11561,0,0,0,0,0,0
11573,0,0,0,0,0,0
11612,0,0,0,0,0,0
11624,0,0,0,0,0,0
11632,0,0,0,0,0,0
11640,0,0,0,0,0,0
11652,0,0,0,0,0,0
11659,0,0,0,0,0,0
11670,0,0,0,0,0,0
11676,0,0,0,0,0,0
11686,0,0,0,0,0,0
11699,0,0,0,0,0,0
11708,0,0,0,0,0,0
11717,0,0,0,0,0,0
11724,0,0,0,0,0,0
11730,0,0,0,0,0,0
11742,0,0,0,0,0,0
11756,0,0,0,0,0,0
11770,0,0,0,0,0,0
11778,0,0,0,0,0,0
11785,0,0,0,0,0,0
11791,0,0,0,0,0,0
11806,0,0,0,0,0,0
11814,0,0,0,0,0,0
11822,0,0,0,0,0,0
11833,0,0,0,0,0,0
11842,0,0,0,0,0,0
11847,0,0,0,0,0,0
11853,0,0,0,0,0,0
11867,0,0,0,0,0,0
11872,0,0,0,0,0,0
11887,0,0,0,0,0,0
11894,0,0,0,0,0,0
11899,0,0,0,0,0,0
11910,0,0,0,0,0,0
11923,0,0,0,0,0,0
11931,0,0,0,0,0,0
11937,0,0,0,0,0,0
11946,0,0,0,0,0,0
11955,0,0,0,0,0,0
11964,0,0,0,0,0,0
11977,0,0,0,0,0,0
11983,0,0,0,0,0,0
11992,0,0,0,0,0,0
12000,0,0,0,0,0,0
12007,0,0,0,0,0,0
12022,0,0,0,0,0,0
12029,0,0,0,0,0,0
12036,0,0,0,0,0,0
12043,0,0,0,0,0,0
12057,0,0,0,0,0,0
12066,0,0,0,0,0,0
12081,0,0,0,0,0,0
12095,0,0,0,0,0,0
12103,0,0,0,0,0,0
12112,0,0,0,0,0,0
12116,0,0,0,0,0,0
12130,0,0,0,0,0,0
12137,0,0,0,0,0,0
12142,0,0,0,0,0,0
12165,0,0,0,0,0,0
12172,0,0,0,0,0,0
12181,0,0,0,0,0,0
12193,0,0,0,0,0,0
12199,0,0,0,0,0,0
12210,0,0,0,0,0,0
12216,0,0,0,0,0,0
12227,0,0,0,0,0,0
12254,0,0,0,0,0,0
12264,0,0,0,0,0,0
12272,0,0,0,0,0,0
12280,0,0,0,0,0,0
12287,0,0,0,0,0,0
12302,0,0,0,0,0,0
12310,0,0,0,0,0,0
12326,0,0,0,0,0,0
12340,0,0,0,0,0,0
12353,0,0,0,0,0,0
12359,0,0,0,0,0,0
12369,0,0,0,0,0,0
12377,0,0,0,0,0,0
12386,0,0,0,0,0,0
12417,0,0,0,0,0,0
12422,0,0,0,0,0,0
12435,0,0,0,0,0,0
12445,0,0,0,0,0,0
12452,0,0,0,0,0,0
12458,0,0,0,0,0,0
12470,0,0,0,0,0,0
12486,0,0,0,0,0,0
12498,0,0,0,0,0,0
12505,0,0,0,0,0,0
12512,0,0,0,0,0,0
12521,0,0,0,0,0,0
12527,0,0,0,0,0,0
12534,0,0,0,0,0,0
12541,0,0,0,0,0,0
12546,0,0,0,0,0,0
12555,0,0,0,0,0,0
12576,0,0,0,0,0,0
12583,0,0,0,0,0,0
12590,0,0,0,0,0,0
12597,0,0,0,0,0,0
12604,0,0,0,0,0,0
12611,0,0,0,0,0,0
12619,0,0,0,0,0,0
12627,0,0,0,0,0,0
12634,0,0,0,0,0,0
12649,0,0,0,0,0,0
12656,0,0,0,0,0,0
12664,0,0,0,0,0,0
12674,0,0,0,0,0,0
12686,0,0,0,0,0,0
12692,0,0,0,0,0,0
12703,0,0,0,0,0,0
12714,0,0,0,0,0,0
12730,0,0,0,0,0,0
12737,0,0,0,0,0,0
12757,0,0,0,0,0,0
12762,0,0,0,0,0,0
12784,0,0,0,0,0,0
12794,0,0,0,0,0,0
12807,0,0,0,0,0,0
12821,0,0,0,0,0,0
12829,0,0,0,0,0,0
12836,0,0,0,0,0,0
12855,0,0,0,0,0,0
12861,0,0,0,0,0,0
12866,0,0,0,0,0,0
12873,0,0,0,0,0,0
12920,0,0,0,0,0,0
12926,0,0,0,0,0,0
12937,0,0,0,0,0,0
12953,0,0,0,0,0,0
12963,0,0,0,0,0,0
12970,0,0,0,0,0,0
12990,0,0,0,0,0,0
12996,0,0,0,0,0,0
13017,0,0,0,0,0,0
13024,0,0,0,0,0,0
13050,0,0,0,0,0,0
13079,0,0,0,0,0,0
13086,0,0,0,0,0,0
13107,0,0,0,0,0,0
13114,0,0,0,0,0,0
13128,0,0,0,0,0,0
13135,0,0,0,0,0,0
13140,0,0,0,0,0,0
13148,0,0,0,0,0,0
13155,0,4,0,0,0,4
13162,0,0,0,0,0,0
13167,0,0,0,0,0,0
13175,0,0,0,0,0,0
13182,4,5,0,0,0,8
13189,0,0,0,0,0,0
13195,0,0,0,0,0,0
13202,0,0,0,0,0,0
13209,0,0,0,0,0,0
13216,0,0,0,0,0,0
13223,0,0,0,0,0,0
13232,0,0,0,0,0,0
13239,0,0,0,0,0,0
13243,0,0,0,0,0,0
13249,0,0,0,0,0,0
13258,0,0,0,0,0,0
13265,0,0,0,0,0,0
13273,0,0,0,0,0,0
13280,0,0,0,0,0,0
13287,0,0,0,0,0,0
13309,0,0,0,0,0,0
13316,0,0,0,0,0,0
13323,0,0,0,0,0,0
13330,0,0,0,0,0,0
13337,0,0,0,0,0,0
13346,0,0,0,0,0,0
13354,0,0,0,0,0,0
13361,0,0,0,0,0,0
13368,0,0,0,0,0,0
13375,0,0,0,0,0,0
13381,0,0,0,1,1,0
13387,0,0,0,0,0,0
13394,0,0,0,0,0,0
13404,0,0,0,0,0,0
13409,0,0,0,0,0,0
13416,4,6,0,0,0,8
13423,0,0,0,0,0,0
13430,0,0,0,0,0,0
13438,0,0,0,0,0,0
13444,0,0,0,0,0,0
13451,0,0,0,0,0,0
13458,0,0,0,0,0,0
13465,0,0,0,0,0,0
13472,0,0,0,0,0,0
13480,0,0,0,0,0,0
13487,0,0,0,0,0,0
13493,0,0,0,0,0,0
13501,0,0,0,0,0,0
13507,0,0,0,0,0,0
13514,0,0,0,0,0,0
13521,0,0,0,0,0,0
13526,0,0,0,0,0,0
13533,0,0,0,0,0,0
13540,0,0,0,0,0,0
13547,0,0,0,0,0,0
13554,0,0,0,0,0,0
13561,0,0,0,0,0,0
13568,0,0,0,0,0,0
13575,0,0,0,0,0,0
13582,0,0,0,0,0,0
13589,0,0,0,0,0,0
13597,0,0,0,0,0,0
13604,0,0,0,0,0,0
13610,0,0,0,0,0,0
13618,0,0,0,0,0,0
13625,0,0,0,1,1,0
13631,0,0,0,0,0,0
13639,0,0,0,0,0,0
13646,0,0,0,0,0,0
13653,0,0,0,0,0,0
13661,0,0,0,0,0,0
13668,4,4,0,0,0,5
13675,0,0,0,0,0,0
13682,0,0,0,0,0,0
13689,0,0,0,0,0,0
13696,0,0,0,0,0,0
13703,0,0,0,0,0,0
13710,0,0,0,0,0,0
13717,0,0,0,0,0,0
13723,0,0,0,0,0,0
13730,0,0,0,0,0,0
13737,0,0,0,0,0,0
13742,0,0,0,0,0,0
13750,0,0,0,0,0,0
13758,0,2,0,0,0,1
13766,0,0,0,0,0,0
13773,0,0,0,0,0,0
13784,0,0,0,0,0,0
13810,0,0,0,0,0,0
13821,0,0,0,0,0,0
13827,0,0,0,0,0,0
13840,0,0,0,0,0,0
13846,0,0,0,0,0,0
13852,0,0,0,0,0,0
13859,0,0,0,0,0,0
13865,0,0,0,0,0,0
13871,0,0,0,0,0,0
13877,0,0,0,0,0,0
13882,0,0,0,0,0,0
13888,0,0,0,0,0,0
13894,0,0,0,0,0,0
13900,0,0,0,0,0,0
13906,0,0,0,0,0,0
13912,0,0,0,0,0,0
13917,0,0,0,0,0,0
13920,0,1,0,0,0,0
13928,0,0,0,0,0,0
13934,0,0,0,0,0,0
13939,0,0,0,0,0,0
13945,0,0,0,0,0,0
13950,0,0,0,0,0,0
13957,0,0,0,0,0,0
13962,0,0,0,0,0,0
13969,0,0,0,0,0,0
13975,0,0,0,0,0,0
13980,0,0,0,0,0,0
13986,0,0,0,0,0,0
13992,0,1,1,0,0,0
13999,0,0,0,0,0,0
14005,0,0,0,0,0,0
14011,0,0,0,0,0,0
14017,0,0,0,0,0,0
14023,0,0,0,0,0,0
14028,0,0,0,0,0,0
14034,0,0,0,0,0,0
14040,0,0,0,0,0,0
14047,0,0,0,0,0,0
14053,0,0,0,0,0,0
14059,0,0,0,0,0,0
14065,0,0,0,0,0,0
14071,0,0,0,0,0,0
14077,0,0,0,0,0,0
14081,0,0,0,0,0,0
14087,0,0,0,0,0,0
14093,0,0,0,0,0,0
14099,0,0,0,0,0,0
14105,0,0,0,0,0,0
14109,0,0,0,0,0,0
14115,0,0,0,0,0,0
14121,0,0,0,0,0,0
14127,0,1,1,0,0,0
14134,0,0,0,0,0,0
14140,0,0,0,0,0,0
14147,0,0,0,0,0,0
14151,0,0,0,0,0,0
14157,0,0,0,0,0,0
14163,0,2,0,0,0,0
14171,0,0,0,0,0,0
14177,0,0,0,0,0,0
14189,0,0,0,0,0,0
14195,0,0,0,0,0,0
14199,0,0,0,0,0,0
14205,0,0,0,0,0,0
14212,0,0,0,0,0,0
14218,0,0,0,0,0,0
14224,0,0,0,0,0,0
14231,0,0,0,0,0,0
14237,0,0,0,0,0,0
14241,0,0,0,0,0,0
14247,0,0,0,0,0,0
14253,0,1,0,0,0,0
14259,0,0,0,0,0,0
14265,0,0,0,0,0,0
14279,0,0,0,0,0,0
14285,0,0,0,0,0,0
14291,0,0,0,0,0,0
14297,0,0,0,0,0,0
14303,0,0,0,0,0,0
14308,0,0,0,0,0,0
14313,0,0,0,0,0,0
14319,0,0,0,0,0,0
14322,0,0,0,0,0,0
14330,0,0,0,0,0,0
14336,0,0,0,0,0,0
14342,0,0,0,0,0,0
14348,0,0,0,0,0,0
14352,0,0,0,0,0,0
14358,0,0,0,0,0,0
14364,0,0,0,0,0,0
14372,0,0,0,0,0,0
14376,0,0,0,0,0,0
14381,0,0,0,0,0,0
14386,0,0,0,0,0,0
14392,0,0,0,0,0,0
14398,0,0,0,0,0,0
14405,0,0,0,0,0,0
14411,0,0,0,0,0,0
14416,0,0,0,1,0,0
14422,0,0,0,0,0,0
14428,0,0,0,0,0,0
14440,0,0,0,0,0,0
14446,0,0,0,0,0,0
14458,0,0,0,0,0,0
14464,0,0,0,0,0,0
14470,0,0,0,0,0,0
14476,0,0,0,0,0,0
14481,0,0,0,0,0,0
14487,0,1,0,0,0,0
14494,0,0,0,0,0,0
14500,0,0,0,0,0,0
14518,0,0,0,0,0,0
14530,0,0,0,0,0,0
14535,0,0,0,0,0,0
14548,0,0,0,0,0,0
14553,0,0,0,0,0,0
14557,0,0,0,0,0,0
14562,0,0,0,0,0,0
14567,0,0,0,0,0,0
14571,0,0,0,0,0,0
14577,0,1,0,0,0,0
14661,0,0,0,0,0,0
14679,0,0,0,0,0,0
14697,0,0,0,0,0,0
14715,0,0,0,0,0,0
14727,0,0,0,0,0,0
14751,0,0,0,0,0,0
14763,0,0,0,0,0,0
14769,0,0,0,0,0,0
14779,0,0,0,0,0,0
14791,0,0,0,0,0,0
14798,0,0,0,0,0,0
14808,0,0,0,0,0,0
14814,0,0,0,0,0,0
14968,0,0,0,0,0,0
14978,0,0,0,0,0,0
14994,0,0,0,0,0,0
15004,0,0,0,0,0,0
15014,0,0,0,0,0,0
15039,0,0,0,0,0,0
15049,0,0,0,0,0,0
15059,0,0,0,0,0,0
15220,0,0,0,0,0,0
15255,0,0,0,0,0,0
15273,0,0,0,0,0,0
15282,0,0,0,0,0,0
15292,0,0,0,0,0,0
15300,0,0,0,0,0,0
15302,0,0,0,0,0,0
15310,0,0,0,0,0,0
15312,0,0,0,0,0,0
15313,0,0,0,0,0,0
15315,0,0,0,0,0,0
15317,0,0,0,0,0,0
15319,0,0,0,0,0,0
15321,0,0,0,0,0,0
15323,0,0,0,0,0,0
15325,0,0,0,0,0,0
15327,0,0,0,0,0,0
15329,0,0,0,0,0,0
15331,0,0,0,0,0,0
15333,0,0,0,0,0,0
15335,0,0,0,0,0,0
15337,0,0,0,0,0,0
15339,0,0,0,0,0,0
15341,0,0,0,0,0,0
15343,0,0,0,0,0,0
15345,0,0,0,0,0,0
15347,0,0,0,0,0,0
15349,0,0,0,0,0,0
15351,0,0,0,0,0,0
15353,0,0,0,0,0,0
15355,0,0,0,0,0,0
15357,0,0,0,0,0,0
15359,0,0,0,0,0,0
15361,0,0,0,0,0,0
15363,0,0,0,0,0,0
15368,0,0,0,0,0,0
15370,0,0,0,0,0,0
15372,0,0,0,0,0,0
15376,0,0,0,0,0,0
15378,0,0,0,0,0,0
15380,0,0,0,0,0,0
15382,0,0,0,0,0,0
15384,0,0,0,0,0,0
15385,0,0,0,0,0,0
15388,0,0,0,0,0,0
15390,0,0,0,0,0,0
15392,0,0,0,0,0,0
15394,0,0,0,0,0,0
15396,0,0,0,0,0,0
15398,0,0,0,0,0,0
15400,0,0,0,0,0,0
15402,0,0,0,0,0,0
15404,0,0,0,0,0,0
15406,0,0,0,0,0,0
15408,0,0,0,0,0,0
15410,0,0,0,0,0,0
15412,0,0,0,0,0,0
15414,0,0,0,0,0,0
15416,0,0,0,0,0,0
15418,0,0,0,0,0,0
15420,0,0,0,0,0,0
15422,0,0,0,0,0,0
15424,0,0,0,0,0,0
15426,0,0,0,0,0,0
15428,0,0,0,0,0,0
15430,0,0,0,0,0,0
15432,0,0,0,0,0,0
15434,0,0,0,0,0,0
15436,0,0,0,0,0,0
15438,0,0,0,0,0,0
15439,0,0,0,0,0,0
15441,0,0,0,0,0,0
15444,0,0,0,0,0,0
15446,0,0,0,0,0,0
15448,0,0,0,0,0,0
15450,0,0,0,0,0,0
15452,0,0,0,0,0,0
15454,0,0,0,0,0,0
15456,0,0,0,0,0,0
15457,0,0,0,0,0,0
15459,0,0,0,0,0,0
15461,0,0,0,0,0,0
15463,0,0,0,0,0,0
15465,0,0,0,0,0,0
15467,0,0,0,0,0,0
15469,0,0,0,0,0,0
15473,0,0,0,0,0,0
15475,0,0,0,0,0,0
15477,0,0,0,0,0,0
15479,0,0,0,0,0,0
15481,0,0,0,0,0,0
15483,0,0,0,0,0,0
15485,0,0,0,0,0,0
15487,0,0,0,0,0,0
15491,0,0,0,0,0,0
15493,0,0,0,0,0,0
15495,0,0,0,0,0,0
15497,0,0,0,0,0,0
15499,0,0,0,0,0,0
15501,0,0,0,0,0,0
15503,0,0,0,0,0,0
15505,0,0,0,0,0,0
15507,0,0,0,0,0,0
15509,0,0,0,0,0,0
15511,0,0,0,0,0,0
15513,0,0,0,0,0,0
15515,0,0,0,0,0,0
15517,0,0,0,0,0,0
15519,0,0,0,0,0,0
15521,0,0,0,0,0,0
15523,0,0,0,0,0,0
15525,0,0,0,0,0,0
15527,0,0,0,0,0,0
15529,0,0,0,0,0,0
15531,0,0,0,0,0,0
15533,0,0,0,0,0,0
15535,0,0,0,0,0,0
15537,0,0,0,0,0,0
15539,0,0,0,0,0,0
15541,0,0,0,0,0,0
15543,0,0,0,0,0,0
15545,0,0,0,0,0,0
15547,0,0,0,0,0,0
15549,0,0,0,0,0,0
15551,0,0,0,0,0,0
15553,0,0,0,0,0,0
15554,0,0,0,0,0,0
15556,0,0,0,0,0,0
15558,0,0,0,0,0,0
15560,0,0,0,0,0,0
15562,0,0,0,0,0,0
15564,0,0,0,0,0,0
15566,0,0,0,0,0,0
15568,0,0,0,0,0,0
15570,0,0,0,0,0,0
15574,0,0,0,0,0,0
15576,0,0,0,0,0,0
15578,0,0,0,0,0,0
15580,0,0,0,0,0,0
15582,0,0,0,0,0,0
15584,0,0,0,0,0,0
15586,0,0,0,0,0,0
15588,0,0,0,0,0,0
15592,0,0,0,0,0,0
15594,0,0,0,0,0,0
15596,0,0,0,0,0,0
15598,0,0,0,0,0,0
15600,0,0,0,0,0,0
15602,0,0,0,0,0,0
15604,0,0,0,0,0,0
15606,0,0,0,0,0,0
15608,0,0,0,0,0,0
15611,0,0,0,0,0,0
15613,0,0,0,0,0,0
15614,0,0,0,0,0,0
15616,0,0,0,0,0,0
15618,0,0,0,0,0,0
15620,0,0,0,0,0,0
15622,0,0,0,0,0,0
15624,0,0,0,0,0,0
15626,0,0,0,0,0,0
15628,0,0,0,0,0,0
15630,0,0,0,0,0,0
15632,0,0,0,0,0,0
15634,0,0,0,0,0,0
15636,0,0,0,0,0,0
15639,0,0,0,0,0,0
15640,0,0,0,0,0,0
15642,0,0,0,0,0,0
15644,0,0,0,0,0,0
15647,0,0,0,0,0,0
15649,0,0,0,0,0,0
15651,0,0,0,0,0,0
15653,0,0,0,0,0,0
15655,0,0,0,0,0,0
15657,0,0,0,0,0,0
15659,0,0,0,0,0,0
15661,0,0,0,0,0,0
15663,0,0,0,0,0,0
15665,0,0,0,0,0,0
15667,0,0,0,0,0,0
15668,0,0,0,0,0,0
15670,0,0,0,0,0,0
15672,0,0,0,0,0,0
15674,0,0,0,0,0,0
15676,0,0,0,0,0,0
15678,0,0,0,0,0,0
15680,0,0,0,0,0,0
15682,0,0,0,0,0,0
15684,0,0,0,0,0,0
15686,0,0,0,0,0,0
15688,0,0,0,0,0,0
15690,0,0,0,0,0,0
15692,0,0,0,0,0,0
15694,0,0,0,0,0,0
15696,0,0,0,0,0,0
15698,0,0,0,0,0,0
15700,0,0,0,0,0,0
15702,0,0,0,0,0,0
15704,0,0,0,0,0,0
15706,0,0,0,0,0,0
15708,0,0,0,0,0,0
15710,0,0,0,0,0,0
15712,0,0,0,0,0,0
15718,0,0,0,0,0,0
15726,0,0,0,0,0,0
15728,0,0,0,0,0,0
15730,0,0,0,0,0,0
15734,0,0,0,0,0,0
15736,0,0,0,0,0,0
15738,0,0,0,0,0,0
15740,0,0,0,0,0,0
15742,0,0,0,0,0,0
15744,0,0,0,0,0,0
15746,0,0,0,0,0,0
15748,0,0,0,0,0,0
15752,0,0,0,0,0,0
15754,0,0,0,0,0,0
15756,0,0,0,0,0,0
15758,0,0,0,0,0,0
15760,0,0,0,0,0,0
15761,0,0,0,0,0,0
15763,0,0,0,0,0,0
15766,0,0,0,0,0,0
15770,0,0,0,0,0,0
15772,0,0,0,0,0,0
15774,0,0,0,0,0,0
15776,0,0,0,0,0,0
15778,0,0,0,0,0,0
15780,0,0,0,0,0,0
15782,0,0,0,0,0,0
15784,0,0,0,0,0,0
15788,0,0,0,0,0,0
15790,0,0,0,0,0,0
15792,0,0,0,0,0,0
15794,0,0,0,0,0,0
15796,0,0,0,0,0,0
15798,0,0,0,0,0,0
15800,0,0,0,0,0,0
15802,0,0,0,0,0,0
15804,0,0,0,0,0,0
15806,0,0,0,0,0,0
15808,0,0,0,0,0,0
15810,0,0,0,0,0,0
15812,0,0,0,0,0,0
15814,0,0,0,0,0,0
15816,0,0,0,0,0,0
15818,0,0,0,0,0,0
15820,0,0,0,0,0,0
15822,0,0,0,0,0,0
15824,0,0,0,0,0,0
15825,0,0,0,0,0,0
15827,0,0,0,0,0,0
15829,0,0,0,0,0,0
15832,0,0,0,0,0,0
15833,0,0,0,0,0,0
15836,0,0,0,0,0,0
15838,0,0,0,0,0,0
15840,0,0,0,0,0,0
15842,0,0,0,0,0,0
15844,0,0,0,0,0,0
15846,0,0,0,0,0,0
15848,0,0,0,0,0,0
15850,0,0,0,0,0,0
15852,0,0,0,0,0,0
15854,0,0,0,0,0,0
15856,0,0,0,0,0,0
15858,0,0,0,0,0,0
15862,0,0,0,0,0,0
15864,0,0,0,0,0,0
15866,0,0,0,0,0,0
15868,0,0,0,0,0,0
15872,0,0,0,0,0,0
15873,0,0,0,0,0,0
15875,0,0,0,0,0,0
15877,0,0,0,0,0,0
15879,0,0,0,0,0,0
15881,0,0,0,0,0,0
15883,0,0,0,0,0,0
15885,0,0,0,0,0,0
15887,0,0,0,0,0,0
15890,0,0,0,0,0,0
15891,0,0,0,0,0,0
15893,0,0,0,0,0,0
15895,0,0,0,0,0,0
15897,0,0,0,0,0,0
15899,0,0,0,0,0,0
15901,0,0,0,0,0,0
15903,0,0,0,0,0,0
15905,0,0,0,0,0,0
15907,0,0,0,0,0,0
15909,0,0,0,0,0,0
15911,0,0,0,0,0,0
15913,0,0,0,0,0,0
15915,0,0,0,0,0,0
15917,0,0,0,0,0,0
15919,0,0,0,0,0,0
15921,0,0,0,0,0,0
15923,0,0,0,0,0,0
15925,0,0,0,0,0,0
15927,0,0,0,0,0,0
15929,0,0,0,0,0,0
15931,0,0,0,0,0,0
15933,0,0,0,0,0,0
15935,0,0,0,0,0,0
15937,0,0,0,0,0,0
15939,0,0,0,0,0,0
15941,0,0,0,0,0,0
15943,0,0,0,0,0,0
15945,0,0,0,0,0,0
15947,0,0,0,0,0,0
15949,0,0,0,0,0,0
15951,0,0,0,0,0,0
15953,0,0,0,0,0,0
15955,0,0,0,0,0,0
15961,0,0,0,0,0,0
15969,0,0,0,0,0,0
15971,0,0,0,0,0,0
15977,0,0,0,0,0,0
15979,0,0,0,0,0,0
15987,0,0,0,0,0,0
15989,0,0,0,0,0,0
15995,0,0,0,0,0,0
15997,0,0,0,0,0,0
16001,0,0,0,0,0,0
16005,0,0,0,0,0,0
16007,0,0,0,0,0,0
16009,0,0,0,0,0,0
16014,0,0,0,0,0,0
16016,0,0,0,0,0,0
16018,0,0,0,0,0,0
16022,0,0,0,0,0,0
16024,0,0,0,0,0,0
16026,0,0,0,0,0,0
16028,0,0,0,0,0,0
16030,0,0,0,0,0,0
16032,0,0,0,0,0,0
16034,0,0,0,0,0,0
16036,0,0,0,0,0,0
16040,0,0,0,0,0,0
16043,0,0,0,0,0,0
16045,0,0,0,0,0,0
16047,0,0,0,0,0,0
16051,0,0,0,0,0,0
16053,0,0,0,0,0,0
16054,0,0,0,0,0,0
16060,0,0,0,0,0,0
16062,0,0,0,0,0,0
16064,0,0,0,0,0,0
16068,0,0,0,0,0,0
16069,0,0,0,0,0,0
16071,0,0,0,0,0,0
16073,0,0,0,0,0,0
16077,0,0,0,0,0,0
16078,0,0,0,0,0,0
16080,0,0,0,0,0,0
16082,0,0,0,0,0,0
16086,0,0,0,0,0,0
16087,0,0,0,0,0,0
16089,0,0,0,0,0,0
16091,0,0,0,0,0,0
16093,0,0,0,0,0,0
16095,0,0,0,0,0,0
16097,0,0,0,0,0,0
16099,0,0,0,0,0,0
16101,0,0,0,0,0,0
16103,0,0,0,0,0,0
16106,0,0,0,0,0,0
16108,0,0,0,0,0,0
16110,0,0,0,0,0,0
16112,0,0,0,0,0,0
16115,0,0,0,0,0,0
16117,0,0,0,0,0,0
16119,0,0,0,0,0,0
16121,0,0,0,0,0,0
16123,0,0,0,0,0,0
16125,0,0,0,0,0,0
16127,0,0,0,0,0,0
16129,0,0,0,0,0,0
16131,0,0,0,0,0,0
16133,0,0,0,0,0,0
16135,0,0,0,0,0,0
16137,0,0,0,0,0,0
16139,0,0,0,0,0,0
16141,0,0,0,0,0,0
16143,0,0,0,0,0,0
16145,0,0,0,0,0,0
16147,0,0,0,0,0,0
16149,0,0,0,0,0,0
16151,0,0,0,0,0,0
16153,0,0,0,0,0,0
16155,0,0,0,0,0,0
16157,0,0,0,0,0,0
16159,0,0,0,0,0,0
16161,0,0,0,0,0,0
16163,0,0,0,0,0,0
16165,0,0,0,0,0,0
16167,0,0,0,0,0,0
16169,0,0,0,0,0,0
16171,0,0,0,0,0,0
16173,0,0,0,0,0,0
16175,0,0,0,0,0,0
16177,0,0,0,0,0,0
16179,0,0,0,0,0,0
16181,0,0,0,0,0,0
16183,0,0,0,0,0,0
16185,0,0,0,0,0,0
16187,0,0,0,0,0,0
16189,0,0,0,0,0,0
16191,0,0,0,0,0,0
16193,0,0,0,0,0,0
16195,0,0,0,0,0,0
16197,0,0,0,0,0,0
16199,0,0,0,0,0,0
16201,0,0,0,0,0,0
16203,0,0,0,0,0,0
16205,0,0,0,0,0,0
16207,0,0,0,0,0,0
16209,0,0,0,0,0,0
16211,0,0,0,0,0,0
16213,0,0,0,0,0,0
16215,0,0,0,0,0,0
16217,0,0,0,0,0,0
16219,0,0,0,0,0,0
16221,0,0,0,0,0,0
16223,0,0,0,0,0,0
16225,0,0,0,0,0,0
16227,0,0,0,0,0,0
16232,0,0,0,0,0,0
16242,0,0,0,0,0,0
16250,0,0,0,0,0,0
16260,0,0,0,0,0,0
16271,0,0,0,0,0,0
16282,0,0,0,0,0,0
16295,0,0,0,0,0,0
16305,0,0,0,0,0,0
16313,0,0,0,0,0,0
16323,0,0,0,0,0,0
16333,0,0,0,0,0,0
16343,0,0,0,0,0,0
16353,0,0,0,0,0,0
16363,0,0,0,0,0,0
16373,0,0,0,0,0,0
16383,0,0,0,0,0,0
16392,0,0,0,0,0,0
16402,0,0,0,0,0,0
16412,0,0,0,0,0,0
16421,0,0,0,0,0,0
16431,0,0,0,0,0,0
16441,0,0,0,0,0,0
16461,0,0,0,0,0,0
16471,0,0,0,0,0,0
16481,0,0,0,0,0,0
16488,0,0,0,0,0,0
16498,0,0,0,0,0,0
16505,0,0,0,0,0,0
16517,0,0,0,0,0,0
16526,0,0,0,0,0,0
16537,0,0,0,0,0,0
16547,0,0,0,0,0,0
16557,0,0,0,0,0,0
16566,0,0,0,0,0,0
16575,0,0,0,0,0,0
16585,0,0,0,0,0,0
16594,0,0,0,0,0,0
16602,0,0,0,0,0,0
16609,0,0,0,0,0,0
16627,0,0,0,0,0,0
16659,0,0,0,0,0,0
16669,0,0,0,0,0,0
16681,0,0,0,0,0,0
16689,0,0,0,0,0,0
16707,0,0,0,0,0,0
16716,0,0,0,0,0,0
16761,0,0,0,0,0,0
16805,0,0,0,0,0,0
16831,0,0,0,0,0,0
16878,0,0,0,0,0,0
16886,0,0,0,0,0,0
16895,0,0,0,0,0,0
16904,0,0,0,0,0,0
16914,0,0,0,0,0,0
16922,0,0,0,0,0,0
16933,0,0,0,0,0,0
16942,0,0,0,0,0,0
16958,0,0,0,0,0,0
16967,0,0,0,0,0,0
16976,0,0,0,0,0,0
16983,0,0,0,0,0,0
16987,0,0,0,0,0,0
16997,0,0,0,0,0,0
17005,0,0,0,0,0,0
17019,0,0,0,0,0,0
17047,0,0,0,0,0,0
17065,0,0,0,0,0,0
17074,0,0,0,0,0,0
17130,0,0,0,0,0,0
17157,0,0,0,0,0,0
17165,0,0,0,0,0,0
17183,0,0,0,0,0,0
17220,0,0,0,0,0,0
17290,0,0,0,0,0,0
17307,0,0,0,0,0,0
17325,0,0,0,0,0,0
17363,0,0,0,0,0,0
17426,0,0,0,0,0,0
17453,0,0,0,0,0,0
17461,0,0,0,0,0,0
17469,0,0,0,0,0,0
17501,0,0,0,0,0,0
17510,0,0,0,0,0,0
17515,0,0,0,0,0,0
17525,0,0,0,0,0,0
17540,0,0,0,0,0,0
17549,0,0,0,0,0,0
17556,0,0,0,0,0,0
17564,0,0,0,0,0,0
17571,0,0,0,0,0,0
17579,0,0,0,0,0,0
17587,0,0,0,0,0,0
17595,0,0,0,0,0,0
17603,0,0,0,0,0,0
17611,0,0,0,0,0,0
17619,0,0,0,0,0,0
17627,0,0,0,0,0,0
17635,0,0,0,0,0,0
17641,0,0,0,0,0,0
17649,0,0,0,0,0,0
17657,0,0,0,0,0,0
17665,0,0,0,0,0,0
17673,0,0,0,0,0,0
17681,0,0,0,0,0,0
17689,0,0,0,0,0,0
17696,0,0,0,0,0,0
17704,0,0,0,0,0,0
17713,0,0,0,0,0,0
17720,0,0,0,0,0,0
17728,0,0,0,0,0,0
17736,0,0,0,0,0,0
17744,0,0,0,0,0,0
17752,0,0,0,0,0,0
17761,0,0,0,0,0,0
17770,0,0,0,0,0,0
17778,0,0,0,0,0,0
17808,0,0,0,0,0,0
17817,0,0,0,0,0,0
17826,0,0,0,0,0,0
17833,0,0,0,0,0,0
17841,0,0,0,0,0,0
17849,0,0,0,0,0,0
17857,0,0,0,0,0,0
17864,0,0,0,0,0,0
17872,0,0,0,0,0,0
17878,0,0,0,0,0,0
17888,0,0,0,0,0,0
17896,0,0,0,0,0,0
17903,0,0,0,0,0,0
17912,0,0,0,0,0,0
17926,0,0,0,0,0,0
17933,0,0,0,0,0,0
17940,0,0,0,0,0,0
17947,0,0,0,0,0,0
17962,0,0,0,0,0,0
17969,0,0,0,0,0,0
17976,0,0,0,0,0,0
17998,0,0,0,0,0,0
18005,0,0,0,0,0,0
18026,0,0,0,0,0,0
18032,0,0,0,0,0,0
18039,0,0,0,0,0,0
18049,0,0,0,0,0,0
18063,0,0,0,0,0,0
18070,0,0,0,0,0,0
18077,0,0,0,0,0,0
18084,0,0,0,0,0,0
18092,0,0,0,0,0,0
18101,0,0,0,0,0,0
18116,0,0,0,0,0,0
18123,0,0,0,0,0,0
18130,0,0,0,0,0,0
18136,0,0,0,0,0,0
18142,0,0,0,0,0,0
18157,0,0,0,0,0,0
18172,0,0,0,0,0,0
18179,0,0,0,0,0,0
18186,0,0,0,0,0,0
18193,0,0,0,0,0,0
18200,0,0,0,0,0,0
18214,0,0,0,0,0,0
18221,0,0,0,0,0,0
18228,0,0,0,0,0,0
18242,0,0,0,0,0,0
18248,0,0,0,0,0,0
18256,0,0,0,0,0,0
18268,0,0,0,0,0,0
18275,0,0,0,0,0,0
18282,0,0,0,0,0,0
18295,0,0,0,0,0,0
18301,0,0,0,0,0,0
18308,0,0,0,0,0,0
18314,0,0,0,0,0,0
18321,0,0,0,0,0,0
18328,0,0,0,0,0,0
18335,0,0,0,0,0,0
18343,0,0,0,0,0,0
18358,0,0,0,0,0,0
18365,0,0,0,0,0,0
18372,0,0,0,0,0,0
18379,0,0,0,0,0,0
18386,0,0,0,0,0,0
18393,0,0,0,0,0,0
18400,0,0,0,0,0,0
18407,0,0,0,0,0,0
18414,0,0,0,0,0,0
18421,0,0,0,0,0,0
18428,0,0,0,0,0,0
18435,0,0,0,0,0,0
18442,0,0,0,0,0,0
18449,0,0,0,0,0,0
18456,0,0,0,0,0,0
18463,0,0,0,0,0,0
18484,0,0,0,0,0,0
18490,0,0,0,0,0,0
18503,0,0,0,0,0,0
18510,0,0,0,0,0,0
18516,0,0,0,0,0,0
18522,0,0,0,0,0,0
18530,0,0,0,0,0,0
18536,0,0,0,0,0,0
18544,0,0,0,0,0,0
18550,0,0,0,0,0,0
18560,0,0,0,0,0,0
18566,0,0,0,0,0,0
18572,0,0,0,0,0,0
18578,0,0,0,0,0,0
18585,0,0,0,0,0,0
18591,0,0,0,0,0,0
18597,0,0,0,0,0,0
18602,0,0,0,0,0,0
18608,0,0,0,0,0,0
18614,0,0,0,0,0,0
18622,0,0,0,0,0,0
18629,0,0,0,0,0,0
18641,0,0,0,0,0,0
18647,0,0,0,0,0,0
18653,0,0,0,0,0,0
18659,0,0,0,0,0,0
18664,0,0,0,0,0,0
18670,0,0,0,0,0,0
18677,0,0,0,0,0,0
18682,0,0,0,0,0,0
18688,0,0,0,0,0,0
18693,0,0,0,0,0,0
18699,0,0,0,0,0,0
18705,0,0,0,0,0,0
18711,0,0,0,0,0,0
18719,0,0,0,0,0,0
18725,0,0,0,0,0,0
18735,0,0,0,0,0,0
18741,0,0,0,0,0,0
18747,0,0,0,0,0,0
18754,0,0,0,0,0,0
18760,0,0,0,0,0,0
18774,0,0,0,0,0,0
18782,0,0,0,0,0,0
18788,0,0,0,0,0,0
18795,0,0,0,0,0,0
18800,0,0,0,0,0,0
18806,0,0,0,0,0,0
18812,0,0,0,0,0,0
18819,0,0,0,0,0,0
18825,0,0,0,0,0,0
18831,0,0,0,0,0,0
18835,0,0,0,0,0,0
18842,0,0,0,0,0,0
18848,0,0,0,0,0,0
18856,0,0,0,0,0,0
18863,0,0,0,0,0,0
18869,0,0,0,0,0,0
18875,0,0,0,0,0,0
18887,0,0,0,0,0,0
18893,0,0,0,0,0,0
18898,0,0,0,0,0,0
18903,0,0,0,0,0,0
18911,0,0,0,0,0,0
18918,0,0,0,0,0,0
18923,0,0,0,0,0,0
18928,0,0,0,0,0,0
18933,0,0,0,0,0,0
18938,0,0,0,0,0,0
18943,0,0,0,0,0,0
18948,0,0,0,0,0,0
18953,0,0,0,0,0,0
18970,0,0,0,0,0,0
18975,0,0,0,0,0,0
18979,0,0,0,0,0,0
18984,0,0,0,0,0,0
18993,0,0,0,0,0,0
19004,0,0,0,0,0,0
19011,0,0,0,0,0,0
19016,0,0,0,0,0,0
19022,0,0,0,0,0,0
19033,0,0,0,0,0,0
19036,0,0,0,0,0,0
19045,0,0,0,0,0,0
19052,0,0,0,0,0,0
19058,0,0,0,0,0,0
19063,0,0,0,0,0,0
19068,0,0,0,0,0,0
19073,0,0,0,0,0,0
19080,0,0,0,0,0,0
19085,0,0,0,0,0,0
19090,0,0,0,0,0,0
19095,0,0,0,0,0,0
19100,0,0,0,0,0,0
19106,0,0,0,0,0,0
19111,0,0,0,0,0,0
19114,0,0,0,0,0,0
19125,0,0,0,0,0,0
19135,0,0,0,0,0,0
19140,0,0,0,0,0,0
19145,0,0,0,0,0,0
19150,0,0,0,0,0,0
19155,0,0,0,0,0,0
19159,0,0,0,0,0,0
19164,0,0,0,0,0,0
19169,0,0,0,0,0,0
19174,0,0,0,0,0,0
19179,0,0,0,0,0,0
19184,0,0,0,0,0,0
19188,0,0,0,0,0,0
19193,0,0,0,0,0,0
19212,0,0,0,0,0,0
19219,0,0,0,0,0,0
19223,0,0,0,0,0,0
19228,0,0,0,0,0,0
19230,0,0,0,0,0,0
19238,0,0,0,0,0,0
19246,0,0,0,0,0,0
19250,0,0,0,0,0,0
19254,0,0,0,0,0,0
19257,0,0,0,0,0,0
19265,0,0,0,0,0,0
22568,0,0,0,0,0,0
22590,0,0,0,0,0,0
22610,0,0,0,0,0,0
22620,0,0,0,0,0,0
22630,0,0,0,0,0,0
22640,0,0,0,0,0,0
22650,0,0,0,0,0,0
22660,0,0,0,0,0,0
22670,0,0,0,0,0,0
22680,0,0,0,0,0,0
22690,0,0,0,0,0,0
22700,0,0,0,0,0,0
22712,0,0,0,0,0,0
22722,0,0,0,0,0,0
22732,0,0,0,0,0,0
22742,0,0,0,0,0,0
22752,0,0,0,0,0,0
22764,0,0,0,0,0,0
22772,0,0,0,0,0,0
22782,0,0,0,0,0,0
22791,0,0,0,0,0,0
22813,0,0,0,0,0,0
22827,0,0,0,0,0,0
22837,0,0,0,0,0,0
22847,0,0,0,0,0,0
22857,0,0,0,0,0,0
22867,0,0,0,0,0,0
22876,0,0,0,0,0,0
22887,0,0,0,0,0,0
22901,0,0,0,0,0,0
22911,0,0,0,0,0,0
22916,0,0,0,0,0,0
22932,0,0,0,0,0,0
22942,0,0,0,0,0,0
22952,0,0,0,0,0,0
22962,0,0,0,0,0,0
22972,0,0,0,0,0,0
22982,0,0,0,0,0,0
23002,0,0,0,0,0,0
23022,0,0,0,0,0,0
23032,0,0,0,0,0,0
23042,0,0,0,0,0,0
23053,0,0,0,0,0,0
23076,0,0,0,0,0,0
23104,0,0,0,0,0,0
23115,0,0,0,0,0,0
23122,0,0,0,0,0,0
23135,0,0,0,0,0,0
23143,0,0,0,0,0,0
23151,0,0,0,0,0,0
23158,0,0,0,0,0,0
23184,0,0,0,0,0,0
23194,0,0,0,0,0,0
23204,0,0,0,0,0,0
23214,0,0,0,0,0,0
23222,0,0,0,0,0,0
23234,0,0,0,0,0,0
23283,0,0,0,0,0,0
23293,0,0,0,0,0,0
23303,0,0,0,0,0,0
23313,0,0,0,0,0,0
23323,0,0,0,0,0,0
23357,0,0,0,0,0,0
23373,0,0,0,0,0,0
23403,0,0,0,0,0,0
23421,0,0,0,0,0,0
23481,0,0,0,0,0,0
23491,0,0,0,0,0,0
23501,0,0,0,0,0,0
23512,0,0,0,0,0,0
23556,0,0,0,0,0,0
23566,0,0,0,0,0,0
23590,0,0,0,0,0,0
23617,0,0,0,0,0,0
23726,0,0,0,0,0,0
23814,0,0,0,0,0,0
23904,0,0,0,0,0,0
23914,0,0,0,0,0,0
23985,0,0,0,0,0,0
23995,0,0,0,0,0,0
24065,0,0,0,0,0,0
24076,0,0,0,0,0,0
24086,0,0,0,0,0,0
24096,0,0,0,0,0,0
24106,0,0,0,0,0,0
24116,0,0,0,0,0,0
24125,0,0,0,0,0,0
24134,0,0,0,0,0,0
24154,0,0,0,0,0,0
24164,0,0,0,0,0,0
24173,0,0,0,0,0,0
24183,0,0,0,0,0,0
24193,0,0,0,0,0,0
24203,0,0,0,0,0,0
24213,0,0,0,0,0,0
24223,0,0,0,0,0,0
24233,0,0,0,0,0,0
24243,0,0,0,0,0,0
24253,0,0,0,0,0,0
24263,0,0,0,0,0,0
24273,0,0,0,0,0,0
24283,0,0,0,0,0,0
24293,0,0,0,0,0,0
24305,0,0,0,0,0,0
24317,0,0,0,0,0,0
24326,0,0,0,1,0,0
24339,0,0,0,0,0,0
24349,0,0,0,0,0,0
24360,0,0,0,0,0,0
24380,0,0,0,0,0,0
24390,0,0,0,0,0,0
24399,0,0,0,0,0,0
24409,0,0,0,0,0,0
24419,0,0,0,0,0,0
24429,0,0,0,0,0,0
24439,0,0,0,0,0,0
24449,0,0,0,0,0,0
24459,0,0,0,0,0,0
24479,0,0,0,0,0,0
24489,0,0,0,0,0,0
24499,0,0,0,0,0,0
24509,0,0,0,0,0,0
24519,0,0,0,0,0,0
24529,0,0,0,0,0,0
24540,0,0,0,0,0,0
24562,0,0,0,1,1,0
24592,0,0,0,0,0,0
24602,0,0,0,0,0,0
24612,0,0,0,0,0,0
24621,0,0,0,0,0,0
24631,0,0,0,0,0,0
24639,0,0,0,0,0,0
24659,0,0,0,0,0,0
24669,0,0,0,0,0,0
24680,0,0,0,0,0,0
24690,0,0,0,0,0,0
24700,0,0,0,0,0,0
24747,0,0,0,0,0,0
24757,0,0,0,0,0,0
24767,0,0,0,0,0,0
24777,0,0,0,0,0,0
24809,0,0,0,0,0,0
24828,0,0,0,0,0,0
24839,0,0,0,0,0,0
24857,0,0,0,0,0,0
24867,0,0,0,0,0,0
24897,0,0,0,0,0,0
24905,0,0,0,0,0,0
24926,0,0,0,0,0,0
24935,0,0,0,0,0,0
24946,0,0,0,0,0,0
24956,0,0,0,0,0,0
24965,0,0,0,0,0,0
24974,0,0,0,0,0,0
24983,0,0,0,0,0,0
24993,0,0,0,0,0,0
25003,0,0,0,0,0,0
25013,0,0,0,0,0,0
25023,0,0,0,0,0,0
25032,0,0,0,0,0,0
25043,0,0,0,0,0,0
25056,0,0,0,0,0,0
25071,0,0,0,0,0,0
25083,0,0,0,0,0,0
25095,0,0,0,0,0,0
25105,0,0,0,0,0,0
25116,0,0,0,0,0,0
25124,0,0,0,0,0,0
25137,0,0,0,0,0,0
25147,0,0,0,0,0,0
25157,0,0,0,0,0,0
25167,0,0,0,0,0,0
25175,0,0,0,0,0,0
25186,0,0,0,0,0,0
25195,0,0,0,0,0,0
25204,0,0,0,0,0,0
25212,0,0,0,0,0,0
25221,0,0,0,0,0,0
25231,0,0,0,0,0,0
25241,0,0,0,0,0,0
25252,0,0,0,0,0,0
25262,0,0,0,0,0,0
25271,0,0,0,0,0,0
25286,0,0,0,0,0,0
25305,0,0,0,0,0,0
25316,0,0,0,0,0,0
25333,0,0,0,0,0,0
25342,0,0,0,0,0,0
25351,0,0,0,0,0,0
25369,0,0,0,0,0,0
25378,0,0,0,0,0,0
25386,0,0,0,0,0,0
25395,0,0,0,0,0,0
25405,0,0,0,0,0,0
25413,0,0,0,0,0,0
25423,0,0,0,0,0,0
25432,0,0,0,0,0,0
25443,0,0,0,0,0,0
25453,0,0,0,0,0,0
25463,0,0,0,0,0,0
25484,0,0,0,0,0,0
25492,0,0,0,0,0,0
25506,0,0,0,0,0,0
25563,0,0,0,0,0,0
25574,0,0,0,0,0,0
25586,0,0,0,0,0,0
25594,0,0,0,0,0,0
25609,0,0,0,0,0,0
25620,0,0,0,0,0,0
25628,0,0,0,0,0,0
25637,0,0,0,0,0,0
25645,0,0,0,0,0,0
25654,0,0,0,0,0,0
25660,0,0,0,0,0,0
25674,0,0,0,0,0,0
25710,0,0,0,0,0,0
25721,0,0,0,0,0,0
25730,0,0,0,0,0,0
25740,0,0,0,0,0,0
25750,0,0,0,0,0,0
25779,0,0,0,0,0,0
25789,0,0,0,0,0,0
25798,0,0,0,0,0,0
25807,0,0,0,0,0,0
25833,0,0,0,0,0,0
25870,0,0,0,0,0,0
25880,0,0,0,0,0,0
25889,0,0,0,0,0,0
25897,0,0,0,0,0,0
25905,0,0,0,0,0,0
25912,0,0,0,0,0,0
25929,0,0,0,0,0,0
25939,0,0,0,0,0,0
25950,0,0,0,0,0,0
25977,0,0,0,0,0,0
25992,0,0,0,0,0,0
26004,0,0,0,0,0,0
26014,0,0,0,0,0,0
26022,0,0,0,0,0,0
26077,0,0,0,0,0,0
26109,0,0,0,0,0,0
26119,0,0,0,0,0,0
26163,0,0,0,0,0,0
26173,0,0,0,0,0,0
26183,0,0,0,0,0,0
26202,0,0,0,0,0,0
26251,0,0,0,0,1,0
26261,0,0,0,0,0,0
26270,0,0,0,0,0,0
26279,0,0,0,0,0,0
26289,0,0,0,0,0,0
26300,0,0,0,0,0,0
26312,0,0,0,0,0,0
26323,0,0,0,0,0,0
26332,0,0,0,0,0,0
26343,0,0,0,0,0,0
26353,0,0,0,0,0,0
26362,0,0,0,0,0,0
26374,0,0,0,0,0,0
26383,0,0,0,0,0,0
26394,0,2,0,0,0,0
26404,0,0,0,0,0,0
26414,0,0,0,0,0,0
26435,0,0,0,0,0,0
26444,0,0,0,0,0,0
26454,0,0,0,0,0,0
26464,0,0,0,0,0,0
26474,0,0,0,0,0,0
26487,0,0,0,0,0,0
26500,0,0,0,1,2,0
26509,0,0,0,1,1,0
26517,0,0,0,0,0,0
26525,0,0,0,0,0,0
26541,0,0,0,0,0,0
26552,0,0,0,0,0,0
26564,0,0,0,0,0,0
26575,0,0,0,0,0,0
26584,0,0,0,0,0,0
26594,0,0,0,0,0,0
26604,0,0,0,0,0,0
26614,0,0,0,0,0,0
26624,0,0,0,0,0,0
26634,0,0,0,0,0,0
26643,0,0,0,0,0,0
26653,0,0,0,0,0,0
26663,0,0,0,0,0,0
26673,0,0,0,0,0,0
26683,0,0,0,0,0,0
26693,0,0,0,0,0,0
26703,0,0,0,0,0,0
26713,0,0,0,0,0,0
26721,0,0,0,0,0,0
26732,0,0,0,1,1,0
26743,0,0,0,2,2,0
26752,0,0,0,1,2,0
26761,0,0,0,0,0,0
26770,0,0,0,0,0,0
26779,0,0,0,0,0,0
26790,7,3,0,0,0,8
26802,0,0,0,0,0,0
26813,0,0,0,0,0,0
26823,0,0,0,0,0,0
26833,0,0,0,0,0,0
26843,0,0,0,0,0,0
26853,0,0,0,0,0,0
26863,0,0,0,0,0,0
26873,0,0,0,0,0,0
26883,0,0,0,0,0,0
26903,0,0,0,0,0,0
26913,0,0,0,0,0,0
26921,0,0,0,0,0,0
26929,0,0,0,0,0,0
26938,0,0,0,0,0,0
26949,0,0,0,0,0,0
26957,0,0,0,0,0,0
26964,0,0,0,0,0,0
26973,0,0,0,0,0,0
26982,0,0,0,0,0,0
26991,0,0,0,0,0,0
27000,0,0,0,0,0,0
27011,0,0,0,0,0,0
27022,0,0,0,0,0,0
27027,0,0,0,0,0,0
27037,0,0,0,0,0,0
27051,0,1,0,0,0,0
27056,0,0,0,0,0,0
27065,0,0,0,0,0,0
27074,0,0,0,0,0,0
27082,0,0,0,0,0,0
27088,0,0,0,0,0,0
27096,0,0,0,0,0,0
27106,0,0,0,0,0,0
27116,0,0,0,0,0,0
27125,0,0,0,0,0,0
27133,0,0,0,0,0,0
27141,0,0,0,0,0,0
27149,0,0,0,0,0,0
27157,0,0,0,0,0,0
27165,0,0,0,0,0,0
27173,0,0,0,0,0,0
27180,0,0,0,0,0,0
27189,0,0,0,0,0,0
27195,0,0,2,0,0,0
27206,0,0,0,0,0,0
27216,0,0,0,0,0,0
27224,0,0,0,0,0,0
27232,0,0,0,0,0,0
27240,0,0,0,0,1,0
27248,0,0,0,0,0,0
27254,0,0,0,0,0,0
27262,0,0,0,0,0,0
27273,0,0,0,0,0,0
27278,0,0,0,0,0,0
27285,0,3,0,0,0,0
27294,0,1,0,1,1,0
27303,0,0,0,0,0,0
27311,0,0,0,0,0,0
27318,0,0,0,0,0,0
27323,0,0,0,0,0,0
27334,0,0,0,0,0,0
27342,0,0,0,0,0,0
27347,0,0,0,0,0,0
27356,0,0,0,0,0,0
27363,0,0,0,0,0,0
27369,0,0,0,0,0,0
27380,0,0,0,0,0,0
27390,0,0,0,0,0,0
27399,0,0,0,0,0,0
27410,0,0,0,0,0,0
27421,0,0,0,0,0,0
27431,0,0,0,0,0,0
27443,0,0,0,0,0,0
27453,0,0,0,0,0,0
27463,0,0,0,0,0,0
27473,0,0,0,0,0,0
27483,0,0,0,0,1,0
27493,0,0,0,0,0,0
27504,0,0,0,0,0,0
27517,0,0,0,0,0,0
27526,0,0,0,0,0,0
27537,0,1,0,1,2,0
27558,0,0,0,0,0,0
27568,0,0,0,0,0,0
27576,0,0,0,0,0,0
27583,0,0,0,0,0,0
27594,0,0,0,0,0,0
27604,0,0,0,0,0,0
27617,0,0,0,0,0,0
27648,0,0,0,0,0,0
27657,0,0,0,0,0,0
27667,0,0,0,0,0,0
27676,0,0,0,0,0,0
27684,0,0,0,0,0,0
27691,0,0,0,0,0,0
27703,0,0,0,0,0,0
27724,0,0,0,0,0,0
27756,0,0,0,0,0,0
27766,0,0,0,0,0,0
27775,0,0,0,0,0,0
27785,0,0,0,0,0,0
27795,0,0,0,0,0,0
27828,0,0,0,0,0,0
27837,0,0,0,0,0,0
27848,0,0,0,0,0,0
27873,0,0,0,0,0,0
27883,0,0,0,0,0,0
27893,0,0,0,0,0,0
27901,0,0,0,0,0,0
27912,0,0,0,0,0,0
27922,0,0,0,0,0,0
27929,0,0,0,0,0,0
27938,0,0,0,0,0,0
27955,0,0,0,0,0,0
27981,0,0,0,0,0,0
27990,0,0,0,0,0,0
28000,0,0,0,0,0,0
28010,0,0,0,0,0,0
28020,0,0,0,0,0,0
28049,0,0,0,0,0,0
28064,0,0,0,0,0,0
28073,0,0,0,0,0,0
28106,0,0,0,0,0,0
28137,0,0,0,0,0,0
28157,0,0,0,0,0,0
28173,0,0,0,0,0,0
28183,0,0,0,0,0,0
28207,0,0,0,0,0,0
28260,0,0,0,0,0,0
28269,0,0,0,0,0,0
28314,0,0,0,0,0,0
28324,0,0,0,0,0,0
28334,0,0,0,0,0,0
28345,0,0,0,0,0,0
28413,0,0,0,0,0,0
28432,0,0,0,0,0,0
28444,0,0,0,0,0,0
28453,0,0,0,0,0,0
28461,0,0,0,0,0,0
28473,0,0,0,0,0,0
28481,0,0,0,0,0,0
28494,0,0,0,0,0,0
28506,0,0,0,0,0,0
28517,0,0,0,0,0,0
28528,0,0,0,0,0,0
28538,0,0,0,0,0,0
28548,0,0,0,0,0,0
28558,0,0,0,0,0,0
28568,0,0,0,0,0,0
28584,0,0,0,0,0,0
28605,0,0,0,0,0,0
28615,0,0,0,0,0,0
28624,0,0,0,0,0,0
28633,0,0,0,0,0,0
28641,0,0,0,0,0,0
28648,0,0,0,0,0,0
28657,0,0,0,0,0,0
28668,0,0,0,0,0,0
28674,0,0,0,0,0,0
28688,0,0,0,0,0,0
28695,0,0,0,2,2,0
28709,0,0,0,0,0,0
28718,0,0,0,0,0,0
28725,0,0,0,0,0,0
28733,0,0,0,0,0,0
28739,0,0,0,0,0,0
28750,0,0,0,0,0,0
28761,0,0,0,0,0,0
28771,0,0,0,0,0,0
28778,0,0,0,0,0,0
28787,0,0,0,0,0,0
28795,0,0,0,0,0,0
28804,0,0,0,0,0,0
28812,0,0,0,0,0,0
28820,0,0,0,0,0,0
28835,0,0,0,0,0,0
28862,0,0,0,0,0,0
28879,0,0,0,0,0,0
28889,0,0,0,0,0,0
28897,0,0,0,0,0,0
28906,0,0,0,0,0,0
28915,0,0,0,0,0,0
28923,0,0,0,2,1,0
28932,0,0,0,2,1,0
28939,0,0,0,2,2,0
28961,0,0,0,0,0,0
28967,0,0,0,0,0,0
28980,0,0,0,0,0,0
28992,0,0,0,0,0,0
29015,0,0,0,0,0,0
29024,0,0,0,0,0,0
29033,0,0,0,0,0,0
29041,0,0,0,0,0,0
29051,0,0,0,0,0,0
29060,0,0,0,0,0,0
29069,0,0,0,0,0,0
29078,0,0,0,0,0,0
29102,0,0,0,0,0,0
29131,0,0,0,0,0,0
29142,0,0,0,0,0,0
29150,0,0,0,0,0,0
29171,0,0,0,0,0,0
29182,0,0,0,0,0,0
29194,0,0,0,0,0,0
29207,0,0,0,0,0,0
29219,0,0,0,0,0,0
29230,0,0,0,0,0,0
29237,0,0,0,0,0,0
29250,0,0,0,0,0,0
29260,0,0,0,0,0,0
29270,0,0,0,0,0,0
29284,0,0,0,0,0,0
29293,0,0,0,0,0,0
29303,0,0,0,0,0,0
29312,0,0,0,0,0,0
29322,0,0,0,0,0,0
29332,0,0,0,0,0,0
29342,0,0,0,0,0,0
29352,0,0,0,0,0,0
29362,0,0,0,0,0,0
29372,0,0,0,0,0,0
29383,0,0,0,0,0,0
29395,0,0,0,0,0,0
29405,0,0,0,0,0,0
29417,0,0,0,0,0,0
29426,0,0,0,0,0,0
29437,0,0,0,0,0,0
29446,0,0,0,0,0,0
29457,0,0,0,0,0,0
29469,0,0,0,0,0,0
29477,0,0,0,0,0,0
29493,0,0,0,0,0,0
29503,0,0,0,0,0,0
29513,0,0,0,0,0,0
29523,0,0,0,0,0,0
29533,0,0,0,0,0,0
29542,0,0,0,0,0,0
29552,0,0,0,0,0,0
29562,0,0,0,0,0,0
29606,0,0,0,0,0,0
29615,0,0,0,0,0,0
29627,0,0,0,0,0,0
29637,0,0,0,0,0,0
29645,0,0,0,0,0,0
29666,0,0,0,0,0,0
29677,0,0,0,0,0,0
29686,0,0,0,0,0,0
29695,0,0,0,0,0,0
29704,0,0,0,0,0,0
29713,0,0,0,0,0,0
29721,0,0,0,0,0,0
29731,0,0,0,0,0,0
29748,0,0,0,0,0,0
29757,0,0,0,0,0,0
29767,0,0,0,0,0,0
29777,0,0,0,0,0,0
29797,0,0,0,0,0,0
29806,0,0,0,0,0,0
29826,0,0,0,0,0,0
29836,0,0,0,0,0,0
29846,0,0,0,0,0,0
29856,0,0,0,0,0,0
29866,0,0,0,0,0,0
29889,0,0,0,0,0,0
29911,0,0,0,0,0,0
29921,0,0,0,0,0,0
29929,0,0,0,0,0,0
29938,0,0,0,0,0,0
29955,0,0,0,0,0,0
29966,0,0,0,0,0,0
29983,0,0,0,0,0,0
30001,0,0,0,0,0,0
30011,0,0,0,0,0,0
30051,0,0,0,0,0,0
30061,0,0,0,0,0,0
30071,0,0,0,0,0,0
30081,0,0,0,0,0,0
30091,0,0,0,0,0,0
30101,0,0,0,0,0,0
30121,0,0,0,0,0,0
30142,0,0,0,0,0,0
30171,0,0,0,0,0,0
30189,0,0,0,0,0,0
30199,0,0,0,0,0,0
30254,0,0,0,0,0,0
30294,0,0,0,0,0,0
30304,0,0,0,0,0,0
30314,0,0,0,0,0,0
30326,0,0,0,0,0,0
30384,0,0,0,0,0,0
30424,0,0,0,0,0,0
30443,0,0,0,0,0,0
30456,0,0,0,0,0,0
30466,0,0,0,0,0,0
30476,0,0,0,0,0,0
30528,0,0,0,0,0,0
30538,0,0,0,0,0,0
30548,0,0,0,0,0,0
30564,0,0,0,0,0,0
30574,0,0,0,0,0,0
30584,0,0,0,0,0,0
30624,0,0,0,0,0,0
30632,0,0,0,0,0,0
30651,0,0,0,0,0,0
30660,0,0,0,0,0,0
30671,0,0,0,0,0,0
30680,0,0,0,0,0,0
30689,0,0,0,0,0,0
30699,0,0,0,0,0,0
30710,0,0,0,0,0,0
30721,0,0,0,0,0,0
30732,0,0,0,0,0,0
30741,0,0,0,0,0,0
30752,0,0,0,0,0,0
30762,0,0,0,0,0,0
30772,0,0,0,0,0,0
30782,0,0,0,0,0,0
30792,0,0,0,0,0,0
30800,0,0,0,0,0,0
30810,0,0,0,0,0,0
30819,0,0,0,0,0,0
30829,0,0,0,0,0,0
30840,0,0,0,0,0,0
30850,0,0,0,0,0,0
30860,0,0,0,0,0,0
30875,0,0,0,0,0,0
30884,0,0,0,0,1,0
30896,0,0,0,0,0,0
30918,0,0,0,0,0,0
30928,0,0,0,0,0,0
30938,0,0,0,0,0,0
30948,0,0,0,0,0,0
30958,0,0,0,0,0,0
30969,0,0,0,0,0,0
30979,0,0,0,0,0,0
30989,0,0,0,0,0,0
30999,0,0,0,0,0,0
31009,0,0,0,0,0,0
31019,0,0,0,0,0,0
31030,0,0,0,0,0,0
31040,0,0,0,0,0,0
31050,0,0,0,0,0,0
31060,0,0,0,0,0,0
31072,0,0,0,0,0,0
31082,0,0,0,0,0,0
31091,0,0,0,0,0,0
31101,0,0,0,0,0,0
31111,0,0,0,0,0,0
31134,0,0,0,0,0,0
31144,0,0,0,0,0,0
31155,0,0,0,0,0,0
31165,0,0,0,0,0,0
31181,0,0,0,0,0,0
31193,0,0,0,0,0,0
31203,0,0,0,0,0,0
31213,0,0,0,0,0,0
31222,0,0,0,0,0,0
31232,0,0,0,0,0,0
31243,0,0,0,0,0,0
31253,0,0,0,0,0,0
31264,0,0,0,0,0,0
31294,0,0,0,0,0,0
31303,0,0,0,0,0,0
31314,0,0,0,0,0,0
31322,0,0,0,0,0,0
31332,0,0,0,0,0,0
31342,0,0,0,0,0,0
31352,0,0,0,0,0,0
31364,0,0,0,0,0,0
31374,0,0,0,0,0,0
31386,0,0,0,0,0,0
31396,0,0,0,0,0,0
31406,0,0,0,0,0,0
31430,0,0,0,0,0,0
31441,0,0,0,0,0,0
31451,0,0,0,0,0,0
31484,0,0,0,0,0,0
31495,0,0,0,0,0,0
31506,0,0,0,0,0,0
31515,0,0,0,0,0,0
31526,0,0,0,0,0,0
31536,0,0,0,0,0,0
31546,0,0,0,0,0,0
31556,0,0,0,0,0,0
31568,0,0,0,0,0,0
31579,0,0,0,0,0,0
31588,0,0,0,0,0,0
31598,0,0,0,0,0,0
31613,0,0,0,0,0,0
31625,0,0,0,0,0,0
31650,0,0,0,0,0,0
31659,0,0,0,0,0,0
31667,0,0,0,0,0,0
31680,0,0,0,0,0,0
31710,0,0,0,0,0,0
31719,0,0,0,0,0,0
31729,0,0,0,0,0,0
31739,0,0,0,0,0,0
31749,0,0,0,0,0,0
31759,0,0,0,0,0,0
31768,0,0,0,0,0,0
31775,0,0,0,0,0,0
31787,0,0,0,0,0,0
31796,0,0,0,0,0,0
31805,0,0,0,0,0,0
31813,0,0,0,0,0,0
31820,0,0,0,0,0,0
31827,0,0,0,0,0,0
31842,0,0,0,0,0,0
31869,0,0,0,0,0,0
31895,0,0,0,0,0,0
31903,0,0,0,0,0,0
31909,0,0,0,0,0,0
31920,0,0,0,0,0,0
31928,0,0,0,0,0,0
31936,0,0,0,0,0,0
31945,0,0,0,0,0,0
31952,0,0,0,0,0,0
31965,0,0,0,0,0,0
31971,0,0,0,0,0,0
31979,0,0,0,0,0,0
31992,0,0,0,0,0,0
31997,0,0,0,0,0,0
32014,0,0,0,0,0,0
32036,0,0,0,0,0,0
32042,0,0,0,0,0,0
32054,0,0,0,0,0,0
32061,0,0,0,0,0,0
32075,0,0,0,0,0,0
32083,0,0,0,0,0,0
32093,0,0,0,0,0,0
32101,0,0,0,0,0,0
32132,0,0,0,0,0,0
32142,0,0,0,0,0,0
32158,0,0,0,0,0,0
32167,0,0,0,0,0,0
32176,0,0,0,0,0,0
32187,0,0,0,0,0,0
32195,0,0,0,0,0,0
32204,0,0,0,0,0,0
32219,0,0,0,0,0,0
32225,0,0,0,0,0,0
32232,0,0,0,0,0,0
32249,0,0,0,0,0,0
32264,0,0,0,0,0,0
32273,0,0,0,0,0,0
32281,0,0,0,0,0,0
32291,0,0,0,0,0,0
32300,0,0,0,0,0,0
32309,0,0,0,0,0,0
32317,0,0,0,0,0,0
32325,0,0,0,0,0,0
32335,0,0,0,0,0,0
32345,0,0,0,0,0,0
32357,0,0,0,0,0,0
32384,0,0,0,0,0,0
32401,0,0,0,0,0,0
32410,0,0,0,0,0,0
32419,0,0,0,0,0,0
32432,0,0,0,0,0,0
32438,0,0,0,0,0,0
32452,0,0,0,0,0,0
32468,0,0,0,0,0,0
32475,0,0,0,0,0,0
32482,0,0,0,0,0,0
32500,0,0,0,0,0,0
32513,0,0,0,0,0,0
32521,0,0,0,0,0,0
32529,0,0,0,0,0,0
32535,0,0,0,0,0,0
32545,0,0,0,0,0,0
32555,0,0,0,0,0,0
32574,0,0,0,0,0,0
32584,0,0,0,0,0,0
32595,0,0,0,0,0,0
32601,0,0,0,0,0,0
32620,0,0,0,0,0,0
32632,0,0,0,0,0,0
32637,0,0,0,0,0,0
32675,0,0,0,0,0,0
32681,0,0,0,0,0,0
32708,0,0,0,0,0,0
32737,0,0,0,0,0,0
32751,0,0,0,0,0,0
32763,0,0,0,0,0,0
32773,0,0,0,0,0,0
32781,0,0,0,0,0,0
32790,0,0,0,0,0,0
32799,0,0,0,0,0,0
32822,0,0,0,1,1,0
32830,0,0,0,1,1,0
32837,0,0,0,0,0,0
32845,0,0,0,0,0,0
32853,0,0,0,0,0,0
32863,0,0,0,0,0,0
32882,0,0,0,0,0,0
32886,0,0,0,0,0,0
32894,0,0,0,0,0,0
32902,0,0,0,0,0,0
32910,0,0,0,0,0,0
32918,0,0,0,0,0,0
32926,0,0,0,0,0,0
32933,0,0,0,0,0,0
32945,0,0,0,0,0,0
32951,0,0,0,0,0,0
32961,0,0,0,0,0,0
32984,0,0,0,0,0,0
32992,0,0,0,0,0,0
33000,0,0,0,0,0,0
33008,0,0,0,0,0,0
33016,0,0,0,0,0,0
33024,0,0,0,0,0,0
33032,0,0,0,0,0,0
33040,0,0,0,0,0,0
33047,0,0,0,0,0,0
33055,0,0,0,1,2,0
33069,0,0,0,2,2,0
33078,0,0,0,0,0,0
33085,0,0,0,0,0,0
33092,0,0,0,0,0,0
33100,0,0,0,0,0,0
33108,8,0,0,0,0,6
33116,0,0,0,0,0,0
33129,0,0,0,0,0,0
33137,0,0,0,0,0,0
33145,0,0,0,0,0,0
33153,0,0,0,1,0,0
33162,0,0,0,0,0,0
33170,0,0,0,0,0,0
33178,0,0,0,0,0,0
33186,0,0,0,0,0,0
33192,0,0,0,0,0,0
33200,0,0,0,0,0,0
33208,0,0,0,0,0,0
33216,0,0,0,0,0,0
33224,0,0,0,0,0,0
33232,0,0,0,0,0,0
33248,0,0,0,0,0,0
33256,0,0,0,0,0,0
33265,0,0,0,0,0,0
33273,0,0,0,0,0,0
33281,0,0,0,0,0,0
33288,0,0,0,0,0,0
33296,0,0,0,2,2,0
33306,0,0,0,4,3,0
33312,0,0,0,2,2,0
33322,0,0,0,0,0,0
33329,0,0,0,0,0,0
33336,3,0,0,0,0,3
33346,0,0,0,0,0,0
33353,0,0,0,0,0,0
33361,0,0,0,0,0,0
33368,0,0,0,0,0,0
33376,0,0,0,0,0,0
33383,0,0,0,0,0,0
33393,0,0,0,0,0,0
33400,0,0,0,0,0,0
33410,0,0,0,0,0,0
33418,0,0,0,0,0,0
33426,0,0,0,0,0,0
33433,0,0,0,0,0,0
33441,1,4,0,0,0,5
33450,1,6,0,0,0,6
33458,0,0,0,0,0,0
33466,0,0,0,0,0,0
33474,0,0,0,0,0,0
33497,0,0,0,0,0,0
33505,0,0,0,0,0,0
33513,0,0,0,0,0,0
33521,0,0,0,0,0,0
33529,0,0,0,0,0,0
33536,0,0,0,0,0,0
33545,0,0,0,0,0,0
33553,0,0,0,0,0,0
33560,0,0,0,0,0,0
33567,0,0,0,0,0,0
33574,0,0,0,0,0,0
33580,0,0,0,0,0,0
33588,0,0,0,0,0,0
33597,0,0,0,0,0,0
33605,0,0,0,0,0,0
33612,0,2,0,0,0,2
33618,0,0,0,0,0,0
33626,0,0,0,0,0,0
33633,0,0,0,0,0,0
33640,0,0,0,0,0,0
33647,0,0,0,0,0,0
33654,0,0,0,0,0,0
33661,0,0,0,0,0,0
33670,0,0,0,0,0,0
33677,0,0,0,0,0,0
33685,0,0,0,0,0,0
33692,0,0,0,0,0,0
33698,0,0,0,0,0,0
33706,0,0,0,0,0,0
33713,0,0,0,0,0,0
33720,0,0,0,0,0,0
33727,0,0,0,0,0,0
33734,0,0,0,0,0,0
33741,0,0,0,0,0,0
33748,0,0,0,0,0,0
33755,0,0,0,0,0,0
33762,0,0,0,0,0,0
33769,0,0,0,0,0,0
33776,0,0,0,0,0,0
33783,0,0,0,0,0,0
33790,0,0,0,2,2,0
33795,0,0,0,0,0,0
33803,0,0,0,0,0,0
33810,0,0,0,0,1,0
33817,0,0,0,0,0,0
33824,0,0,0,0,0,0
33833,0,0,0,0,0,0
33842,0,0,0,0,0,0
33852,0,0,0,0,0,0
33856,0,0,0,0,0,0
33863,0,0,0,0,0,0
33870,0,0,0,0,0,0
33877,0,0,0,0,0,0
33884,0,0,0,0,0,0
33891,0,0,1,0,0,0
33898,0,0,0,0,0,0
33905,0,0,0,0,0,0
33912,0,0,0,0,0,0
33918,0,1,1,0,0,0
33926,0,0,0,0,0,0
33933,0,0,0,0,0,0
33939,0,0,0,0,0,0
33946,0,0,0,0,0,0
33953,0,0,0,0,0,0
33960,0,0,0,0,0,0
33967,0,0,0,0,0,0
33974,0,0,0,0,0,0
33980,0,0,0,0,0,0
33987,0,0,0,0,0,0
33994,0,0,0,0,0,0
34000,0,0,0,0,0,0
34008,0,0,1,0,0,0
34014,0,0,0,0,0,0
34021,0,0,0,0,2,0
34031,0,0,0,0,2,0
34036,0,0,0,1,0,0
34043,0,0,0,2,2,0
34050,0,0,0,0,0,0
34055,0,0,0,0,0,0
34062,0,0,0,1,2,0
34069,0,0,0,0,0,0
34076,0,0,0,0,0,0
34084,0,0,0,0,0,0
34092,0,0,0,0,0,0
34101,0,0,0,0,0,0
34108,0,0,0,0,0,0
34115,0,0,0,0,0,0
34122,0,0,0,1,0,0
34129,0,0,0,0,0,0
34136,0,0,0,0,0,0
34143,0,0,0,0,0,0
34150,0,0,0,0,0,0
34157,0,0,0,0,0,0
34164,0,0,0,0,0,0
34168,0,0,0,0,0,0
34175,0,0,0,0,0,0
34183,0,0,0,0,0,0
34204,0,0,0,0,0,0
34211,0,0,0,0,0,0
34218,0,0,0,0,0,0
34225,0,0,0,0,0,0
34233,0,0,0,0,0,0
34240,0,0,0,0,0,0
34248,0,0,0,0,0,0
34255,0,0,0,0,0,0
34262,0,0,0,0,0,0
34295,0,0,0,0,0,0
34310,0,0,0,0,0,0
34317,0,0,0,0,0,0
34325,0,0,0,0,0,0
34330,0,0,0,0,0,0
34337,0,0,0,0,0,0
34344,0,0,0,0,0,0
34367,0,0,0,0,0,0
34374,0,0,0,0,0,0
34380,0,0,0,0,0,0
34387,0,0,0,0,0,0
34396,0,0,0,0,0,0
34404,0,0,0,0,0,0
34409,0,0,0,0,0,0
34418,0,0,0,0,0,0
34426,0,0,0,0,0,0
34433,0,0,0,0,0,0
34440,0,0,0,0,0,0
34447,0,0,0,0,0,0
34454,0,0,0,0,0,0
34463,0,0,0,0,0,0
34470,0,0,0,0,0,0
34476,0,0,0,0,0,0
34485,0,0,0,0,0,0
34492,0,0,0,0,0,0
34498,0,0,0,0,0,0
34505,0,0,0,0,0,0
34533,0,0,0,0,0,0
34553,0,0,0,0,0,0
34574,0,0,0,0,0,0
34588,0,0,0,0,0,0
34616,0,0,0,0,0,0
34623,0,0,0,0,0,0
34636,0,0,0,0,0,0
34643,0,0,0,0,0,0
34650,0,0,0,0,0,0
34664,0,0,0,0,0,0
34678,0,0,0,0,0,0
34686,0,0,0,0,0,0
34700,0,0,0,0,0,0
34707,0,0,0,0,0,0
34714,0,0,0,0,0,0
34721,0,0,0,0,0,0
34730,0,0,0,0,0,0
34777,0,0,0,0,0,0
34796,0,0,0,0,0,0
34812,0,0,0,0,0,0
34826,0,0,0,0,0,0
34875,0,0,0,0,0,0
34893,0,0,0,0,0,0
34906,0,0,0,0,0,0
34912,0,0,0,0,0,0
34929,0,0,0,0,0,0
34947,0,0,0,0,0,0
34965,0,0,0,0,0,0
34977,0,0,0,0,0,0
34983,0,0,0,0,0,0
34988,0,0,0,0,0,0
34998,0,0,0,0,0,0
35004,0,0,0,1,0,0
35010,0,0,0,3,2,0
35017,0,0,0,0,0,0
35022,0,0,0,0,0,0
35035,0,0,0,0,0,0
35042,0,0,0,0,0,0
35049,0,0,0,0,0,0
35061,0,0,0,0,0,0
35067,0,0,0,0,0,0
35074,0,0,0,0,0,0
35080,0,0,0,0,0,0
35086,0,0,0,0,0,0
35092,0,0,0,0,0,0
35098,0,0,0,0,0,0
35104,0,0,0,0,0,0
35110,0,0,0,0,0,0
35116,0,0,0,0,0,0
35122,0,0,0,0,0,0
35128,0,0,0,0,0,0
35134,0,0,0,0,0,0
35139,0,0,0,0,0,0
35144,0,0,0,0,0,0
35150,0,0,0,0,0,0
35170,0,0,0,0,0,0
35176,0,0,0,0,0,0
35182,0,0,0,0,0,0
35188,0,0,0,0,0,0
35194,0,0,0,0,0,0
35206,0,0,0,0,0,0
35212,0,0,0,0,0,0
35218,0,0,0,0,0,0
35224,0,0,0,0,0,0
35230,0,0,0,0,0,0
35242,0,0,0,0,1,0
35248,0,0,0,2,2,0
35254,0,0,0,2,2,0
35261,0,0,0,0,0,0
35267,0,0,0,0,0,0
35277,0,0,0,0,1,0
35283,0,0,0,0,0,0
35289,0,0,0,0,0,0
35296,0,0,0,0,0,0
35302,0,0,0,0,0,0
35310,0,0,0,0,0,0
35317,0,0,0,0,0,0
35323,0,0,0,0,0,0
35328,0,0,0,0,0,0
35335,0,0,0,0,0,0
35341,0,0,0,0,0,0
35347,0,0,0,0,0,0
35353,0,0,0,0,0,0
35358,0,0,0,0,0,0
35364,0,0,0,0,0,0
35370,0,0,0,0,0,0
35376,0,0,0,0,0,0
35383,0,0,0,0,0,0
35387,0,0,0,0,0,0
35393,0,0,0,0,0,0
35412,0,0,0,0,0,0
35418,0,0,0,0,0,0
35423,0,0,0,0,0,0
35429,0,0,0,0,0,0
35435,0,0,0,0,0,0
35440,0,0,0,0,0,0
35446,0,0,0,0,0,0
35452,0,0,0,0,0,0
35458,0,0,0,0,0,0
35464,0,0,0,0,0,0
35470,0,0,0,0,0,0
35476,0,0,0,0,0,0
35481,0,0,0,0,1,0
35497,0,1,0,1,3,0
35505,1,0,0,0,0,1
35511,0,0,0,0,0,0
35517,0,0,0,0,0,0
35523,0,0,0,0,0,0
35529,0,0,0,1,0,0
35535,0,0,0,0,0,0
35541,1,0,0,0,0,1
35547,0,0,0,0,0,0
35553,0,0,0,0,0,0
35559,0,0,0,0,0,0
35566,0,0,0,0,0,0
35572,0,0,0,0,0,0
35578,0,0,0,0,0,0
35584,0,0,0,0,0,0
35590,0,0,0,0,0,0
35596,0,0,0,0,0,0
35602,0,0,0,0,0,0
35608,0,0,0,0,0,0
35614,0,0,0,0,0,0
35618,0,0,0,0,0,0
35624,0,0,0,0,0,0
35631,0,0,0,0,0,0
35638,0,0,0,0,0,0
35644,0,0,0,0,0,0
35663,0,0,0,0,0,0
35669,0,0,0,0,0,0
35682,0,0,0,0,0,0
35688,0,0,0,0,0,0
35692,0,0,0,0,0,0
35698,0,0,0,0,0,0
35704,0,0,0,0,0,0
35710,0,0,0,0,0,0
35716,0,0,0,0,0,0
35727,0,0,0,0,0,0
35737,0,0,0,0,0,0
35743,0,0,0,0,0,0
35750,0,0,0,0,0,0
35757,0,0,0,0,0,0
35765,0,0,0,0,0,0
35770,0,0,0,0,0,0
35781,0,0,0,0,0,0
35791,0,0,0,0,0,0
35797,0,0,0,0,0,0
35803,0,0,0,0,0,0
35809,0,0,0,0,0,0
35816,0,0,0,0,0,0
35821,0,0,0,0,0,0
35826,0,0,0,0,0,0
35832,0,0,0,0,0,0
35838,0,0,0,0,0,0
35844,0,0,0,0,0,0
35850,0,0,0,0,0,0
35856,0,0,0,0,0,0
35863,0,0,0,0,0,0
35869,0,0,0,0,0,0
35873,0,0,0,0,0,0
35879,0,0,0,0,0,0
35885,0,0,0,0,0,0
35891,0,0,0,0,0,0
35897,0,0,0,0,0,0
35903,0,0,0,0,0,0
35907,0,0,0,0,0,0
35913,0,0,0,0,0,0
35919,0,0,0,0,0,0
35925,0,0,0,0,0,0
35930,0,0,0,0,0,0
35938,0,0,0,0,0,0
35942,0,0,0,0,0,0
35951,0,0,0,0,0,0
35957,0,0,0,0,0,0
35964,0,0,0,0,0,0
35970,0,0,0,1,1,0
35976,0,0,0,0,0,0
35981,0,0,0,1,1,0
35987,0,0,0,0,0,0
36000,0,0,0,0,0,0
36007,0,0,0,0,0,0
36013,0,0,0,0,0,0
36018,0,0,0,0,0,0
36024,0,0,0,0,0,0
36029,0,0,0,0,0,0
36036,0,0,0,0,0,0
36043,0,0,0,0,0,0
36048,0,0,0,0,0,0
36053,0,0,0,0,0,0
36057,0,0,0,0,0,0
36063,0,0,0,0,0,0
36069,0,0,0,0,0,0
36075,0,0,0,0,0,0
36081,0,0,0,0,0,0
36087,0,0,0,0,0,0
36093,0,0,0,0,0,0
36099,0,0,0,0,0,0
36105,0,0,0,0,0,0
36111,0,0,0,0,0,0
36116,0,0,0,0,0,0
36122,0,0,0,0,0,0
36128,0,0,0,0,0,0
36140,0,0,0,0,0,0
36146,0,0,0,0,0,0
36152,0,0,0,0,0,0
36158,0,0,0,0,0,0
36164,0,0,0,0,0,0
36171,0,0,0,0,0,0
36177,0,0,0,0,0,0
36183,0,0,0,0,0,0
36189,0,0,0,0,0,0
36195,0,0,0,0,0,0
36201,0,0,0,0,0,0
36207,0,0,0,0,1,0
36213,0,0,0,2,1,0
36219,0,0,0,0,0,0
36225,0,0,0,0,0,0
36232,0,0,0,2,2,0
36238,0,0,0,0,0,0
36243,0,0,0,0,0,0
36250,0,0,0,1,1,0
36256,0,0,0,0,0,0
36261,0,0,0,0,0,0
36267,0,0,0,0,0,0
36278,0,0,0,0,0,0
36284,0,0,0,0,0,0
36291,0,0,0,0,0,0
36296,0,0,0,0,0,0
36302,0,0,0,0,0,0
36308,0,0,0,0,0,0
36314,0,0,0,0,0,0
36320,0,0,0,0,0,0
36326,0,0,0,0,0,0
36332,0,0,0,0,0,0
36338,0,0,0,0,0,0
36343,0,0,0,0,0,0
36350,0,0,0,0,0,0
36356,0,0,0,0,0,0
36362,0,0,0,0,0,0
36369,0,0,0,0,0,0
36381,0,0,0,0,0,0
36392,0,0,0,0,0,0
36398,0,0,0,0,0,0
36410,0,0,0,0,0,0
36416,0,0,0,0,0,0
36422,0,0,0,0,0,0
36428,0,0,0,0,0,0
36434,0,0,0,0,0,0
36440,0,0,0,0,0,0
36446,0,0,0,0,0,0
36463,0,0,0,0,0,0
36480,0,0,0,0,0,0
36489,0,0,0,0,0,0
36505,0,0,0,0,0,0
36514,0,0,0,0,0,0
36528,0,0,0,0,0,0
36545,0,0,0,0,0,0
36551,0,0,0,0,0,0
36560,0,0,0,0,0,0
36566,0,0,0,0,0,0
36572,0,0,0,0,0,0
36578,0,0,0,0,0,0
36584,0,0,0,0,0,0
36590,0,0,0,0,0,0
36596,0,0,0,0,0,0
36602,0,0,0,0,0,0
36608,0,0,0,0,0,0
36613,0,0,0,0,0,0
36624,0,0,0,0,0,0
36630,0,0,0,0,0,0
36643,0,0,0,0,0,0
36649,0,0,0,0,0,0
36662,0,0,0,0,0,0
36668,0,0,0,0,0,0
36674,0,0,0,0,0,0
36680,0,0,0,0,0,0
36686,0,0,0,0,0,0
36692,0,0,0,0,0,0
36698,0,0,0,0,0,0
36714,0,0,0,0,0,0
36724,0,0,0,0,0,0
36740,0,0,0,0,0,0
36749,0,0,0,0,0,0
36760,0,0,0,0,0,0
36769,0,0,0,0,0,0
36788,0,0,0,0,0,0
36794,0,0,0,0,0,0
36804,0,0,0,0,0,0
36810,0,0,0,0,0,0
36824,0,0,0,0,0,0
36830,0,0,0,0,0,0
36842,0,0,0,0,0,0
36848,0,0,0,0,0,0
36854,0,0,0,0,0,0
36860,0,0,0,0,0,0
36866,0,0,0,0,0,0
36876,0,0,0,0,0,0
36882,0,0,0,0,0,0
36894,0,0,0,0,0,0
36905,0,0,0,0,0,0
36911,0,0,0,0,0,0
36926,0,0,0,0,0,0
36931,0,0,0,0,0,0
36963,0,0,0,0,0,0
36972,0,0,0,0,0,0
36990,0,0,0,0,0,0
36999,0,0,0,0,0,0
37011,0,0,0,0,0,0
37017,0,0,0,0,0,0
37029,0,0,0,0,0,0
37035,0,0,0,0,0,0
37047,0,0,0,0,0,0
37053,0,0,0,0,0,0
37072,0,0,0,0,0,0
37081,0,0,0,0,0,0
37089,0,0,0,0,0,0
43781,0,0,0,0,0,0
43791,0,0,0,0,0,0
43802,0,0,0,0,0,0
43811,0,0,0,0,0,0
43830,0,0,0,0,0,0
43844,0,0,0,0,0,0
43853,0,0,0,0,0,0
43864,0,0,0,0,0,0
43870,0,0,0,0,0,0
43878,0,0,0,0,0,0
43890,0,0,0,0,0,0
43899,0,0,0,0,0,0
43908,0,0,0,0,0,0
43918,0,0,0,0,0,0
43928,0,0,0,0,0,0
43948,0,0,0,0,0,0
43960,0,0,0,0,0,0
43970,0,0,0,0,0,0
43978,0,0,0,0,0,0
43988,0,0,0,0,1,0
44013,0,0,0,0,0,0
44023,0,0,0,0,0,0
44033,0,0,0,0,0,0
44043,0,0,0,0,0,0
44061,0,0,0,0,0,0
44071,0,0,0,0,0,0
44081,0,0,0,0,0,0
44091,0,0,0,0,0,0
44101,0,0,0,0,0,0
44118,0,0,0,0,0,0
44128,0,0,0,0,0,0
44138,0,0,0,0,0,0
44149,0,0,0,0,0,0
44159,0,0,0,0,0,0
44169,0,0,0,0,0,0
44177,0,0,0,0,0,0
44187,0,0,0,0,0,0
44195,0,0,0,0,0,0
44203,0,0,0,0,0,0
44212,0,0,0,0,0,0
44220,0,0,0,0,0,0
44258,0,0,0,0,0,0
44269,0,0,0,0,1,0
44285,0,0,0,0,0,0
44299,0,0,0,0,0,0
44306,0,0,0,0,0,0
44317,0,0,0,0,0,0
44329,0,0,0,0,0,0
44337,0,0,0,0,0,0
44346,0,0,0,0,0,0
44356,0,0,0,0,0,0
44365,0,0,0,0,0,0
44374,0,0,0,0,0,0
44401,0,0,0,0,0,0
44410,0,0,0,0,0,0
44417,0,0,0,0,0,0
44427,0,0,0,0,0,0
44447,0,0,0,0,0,0
44457,0,0,0,0,0,0
44466,0,0,0,0,0,0
44475,0,0,0,0,0,0
44483,0,0,0,0,0,0
44491,0,0,0,0,0,0
44513,0,0,0,0,0,0
44519,0,0,0,0,0,0
44532,0,0,0,0,0,0
49619,0,0,0,0,0,0
49636,0,0,0,0,0,0
49671,0,0,0,0,0,0
49681,0,0,0,0,0,0
49693,0,0,0,0,0,0
49701,0,0,0,0,0,0
49712,0,0,0,0,0,0
49721,0,0,0,0,0,0
49730,0,0,0,0,0,0
49737,0,0,0,0,0,0
49747,0,0,0,0,0,0
49767,0,0,0,0,0,0
49778,0,0,0,0,0,0
49788,0,0,0,0,0,0
49796,0,0,0,0,0,0
49807,0,0,0,0,0,0
49818,0,0,0,0,0,0
49825,0,0,0,0,0,0
49838,0,0,0,0,0,0
49856,0,0,0,0,0,0
49867,0,0,0,0,0,0
49910,0,0,0,0,0,0
49923,0,0,0,0,0,0
49933,0,0,0,0,0,0
49944,0,0,0,0,0,0
49952,0,0,0,0,0,0
49963,0,0,0,0,0,0
49973,0,0,0,0,0,0
49982,0,0,0,0,0,0
50018,0,0,0,0,0,0
50031,0,0,0,0,0,0
50072,0,0,0,0,0,0
50081,0,0,0,0,0,0
50140,0,0,0,0,0,0
50149,0,0,0,0,0,0
50160,0,0,0,0,0,0
50169,0,0,0,0,0,0
50180,0,0,0,0,0,0
50220,0,0,0,0,0,0
50230,0,0,0,0,0,0
50240,0,0,0,0,0,0
50251,0,0,0,0,0,0
50287,0,0,0,0,0,0
50304,0,0,0,1,1,0
50313,0,0,0,2,2,0
50323,0,0,0,2,2,0
50333,0,0,0,0,0,0
50353,0,0,0,0,0,0
50363,0,0,0,0,0,0
50376,0,0,0,0,0,0
50386,0,0,0,0,0,0
50396,0,0,0,0,0,0
50418,0,0,0,0,0,0
50430,0,0,0,0,0,0
50440,0,0,0,0,0,0
50449,0,0,0,0,0,0
50459,0,0,0,0,0,0
50492,0,0,0,0,0,0
50503,0,0,0,0,0,0
50512,0,0,0,0,0,0
50526,0,0,0,0,0,0
50536,0,0,0,0,0,0
50560,0,0,0,2,2,0
50572,0,0,0,0,0,0
50583,0,0,0,0,0,0
50593,0,0,0,0,0,0
50630,0,0,0,0,0,0
50642,0,0,0,0,0,0
50652,0,0,0,0,0,0
50662,0,0,0,0,0,0
50673,0,0,0,0,0,0
50683,0,0,0,0,0,0
50693,0,0,0,0,0,0
50701,0,0,0,0,0,0
50712,0,0,0,0,0,0
50722,0,0,0,0,0,0
50732,0,0,0,0,0,0
50752,0,0,0,0,0,0
50762,0,0,0,0,0,0
50772,0,0,0,0,0,0
50782,0,0,0,0,0,0
50801,0,0,0,1,2,0
50811,0,0,0,2,2,0
50835,0,0,0,0,0,0
50845,0,0,0,0,0,0
50869,0,0,0,0,0,0
50879,0,0,0,0,0,0
50890,0,0,0,0,0,0
50900,0,0,0,0,0,0
50910,0,0,0,0,0,0
50919,0,0,0,0,0,0
50928,0,0,0,0,0,0
50938,0,0,0,0,0,0
50970,0,0,0,0,0,0
50979,0,0,0,0,0,0
50988,0,0,0,0,0,0
50997,0,0,0,0,0,0
51006,0,0,0,0,0,0
51014,0,0,0,0,0,0
51024,0,0,0,0,0,0
51033,0,0,0,0,0,0
51043,0,0,0,0,0,0
51055,0,0,0,0,0,0
51065,0,0,0,0,0,0
51074,0,0,0,0,0,0
51082,0,0,0,0,0,0
51088,0,0,0,0,0,0
51099,0,0,0,0,0,0
51109,0,0,0,0,0,0
51119,0,0,0,0,0,0
51128,0,0,0,0,0,0
51138,0,0,0,0,0,0
51175,0,0,0,0,0,0
51191,0,0,0,0,0,0
51199,0,0,0,0,0,0
51208,0,0,0,0,0,0
51216,0,0,0,0,0,0
51225,0,0,0,0,0,0
51235,0,0,0,0,0,0
51242,0,0,0,0,0,0
51252,0,0,0,0,0,0
51261,0,0,0,0,0,0
51271,0,0,0,0,0,0
51290,0,0,0,0,0,0
51303,0,0,0,0,0,0
51312,0,0,0,0,0,0
51321,0,0,0,0,0,0
51330,0,0,0,0,0,0
51343,0,0,0,0,0,0
51349,0,0,0,0,0,0
51358,0,0,0,0,0,0
51368,0,0,0,0,0,0
51379,0,0,0,0,0,0
51387,0,0,0,0,0,0
51396,0,0,0,0,0,0
51402,0,0,0,0,0,0
51413,0,0,0,0,0,0
51425,0,0,0,0,0,0
51434,0,0,0,0,0,0
51442,0,0,0,0,0,0
51451,0,0,0,0,0,0
51458,0,0,0,0,0,0
51465,0,0,0,0,0,0
51478,0,0,0,0,0,0
51481,0,0,0,0,0,0
51497,0,0,0,0,0,0
51504,0,0,0,0,0,0
51511,0,0,0,0,0,0
51519,0,0,0,0,0,0
51531,0,0,0,0,1,0
51539,0,0,0,0,0,0
51549,0,0,0,0,0,0
51557,0,0,0,0,0,0
51573,0,0,0,0,0,0
51585,0,0,0,0,0,0
51591,0,0,0,0,0,0
51605,0,0,0,0,0,0
51615,0,0,0,0,0,0
51629,0,0,0,0,0,0
51642,0,0,0,0,0,0
51661,0,0,0,0,0,0
51670,0,0,0,0,0,0
51682,0,0,0,0,0,0
51690,0,0,0,0,0,0
51713,0,0,0,0,0,0
51721,0,0,0,0,0,0
51727,0,0,0,0,0,0
51734,0,0,0,0,0,0
51748,0,0,0,0,0,0
51754,0,0,0,0,0,0
51782,0,0,0,0,0,0
51799,0,0,0,0,0,0
51821,0,0,0,0,0,0
51827,0,0,0,0,0,0
51868,0,0,0,0,0,0
51878,0,0,0,0,0,0
51888,0,0,0,0,0,0
51905,0,0,0,0,0,0
51920,0,0,0,0,0,0
51937,0,0,0,0,0,0
51954,0,0,0,0,0,0
51964,0,0,0,0,0,0
51973,0,0,0,0,0,0
51982,0,0,0,0,0,0
51992,0,0,0,0,0,0
52001,0,0,0,0,0,0
52034,0,0,0,0,0,0
52073,0,0,0,0,0,0
52096,0,0,0,0,0,0
52108,0,0,0,0,0,0
52116,0,0,0,0,0,0
52126,0,0,0,0,0,0
52135,0,0,0,0,0,0
52143,0,0,0,0,0,0
52152,0,0,0,0,0,0
52162,0,0,0,0,0,0
52170,0,0,0,0,0,0
52179,0,0,0,0,0,0
52185,0,0,0,0,0,0
52194,0,0,0,0,0,0
52202,0,0,0,0,0,0
52214,0,0,0,0,0,0
52223,0,0,0,0,0,0
52232,0,0,0,0,0,0
52241,0,0,0,0,0,0
52248,0,0,0,0,0,0
52266,0,0,0,0,0,0
52277,0,0,0,0,0,0
52287,0,0,0,0,0,0
52294,0,0,0,0,0,0
52315,0,0,0,0,0,0
52325,0,0,0,0,0,0
52352,0,0,0,0,0,0
52359,0,0,0,0,0,0
52367,0,0,0,0,0,0
52374,0,0,0,0,0,0
52387,0,0,0,0,0,0
52394,0,0,0,0,0,0
52402,0,0,0,0,0,0
52448,0,0,0,0,0,0
52471,0,0,0,0,0,0
52485,0,0,0,0,0,0
52493,0,0,0,2,2,0
52502,0,0,0,2,2,0
52514,0,0,0,2,1,0
52522,0,0,0,0,0,0
52526,0,0,0,0,0,0
52540,0,0,0,0,0,0
52546,0,0,0,0,0,0
52558,0,0,0,0,0,0
52563,0,0,0,0,0,0
52577,0,0,0,0,0,0
52586,0,0,0,0,0,0
52595,0,0,0,0,0,0
52604,0,0,0,0,0,0
52611,0,0,0,0,0,0
52619,0,0,0,0,0,0
52627,0,0,0,0,0,0
52635,0,0,0,0,0,0
52643,0,0,0,0,0,0
52658,0,0,0,0,0,0
52667,0,0,0,0,0,0
52676,0,0,0,0,0,0
52685,0,0,0,0,0,0
52694,0,0,0,0,0,0
52701,0,0,0,0,0,0
52708,0,0,0,0,0,0
52715,0,0,0,0,0,0
52728,0,0,0,0,0,0
52736,0,0,0,2,3,0
52741,0,0,0,0,2,0
52752,0,0,0,2,2,0
52764,4,5,0,0,0,6
52772,0,0,0,0,0,0
52782,7,1,0,1,1,5
52789,0,0,0,0,0,0
52801,0,0,0,0,0,0
52807,0,0,0,0,0,0
52818,0,0,0,0,0,0
52827,0,0,0,0,0,0
52845,0,0,0,0,0,0
52854,0,0,0,0,0,0
52863,0,0,0,0,0,0
52873,0,0,0,0,0,0
52882,0,0,0,0,0,0
52889,0,0,0,0,0,0
52900,0,0,0,0,0,0
52909,0,0,0,0,0,0
52918,0,0,0,0,0,0
52928,0,0,0,0,0,0
52936,0,0,0,0,0,0
52944,0,0,0,0,0,0
52951,0,0,0,0,0,0
52959,0,0,0,0,0,0
52967,0,0,0,0,0,0
52981,0,0,0,5,4,0
52986,0,0,0,2,2,0
52997,0,0,0,1,3,0
53002,0,0,0,1,1,0
53012,0,0,0,2,3,0
53022,2,0,0,2,2,0
53036,0,0,0,0,0,0
53052,6,0,0,1,0,3
53061,0,0,0,0,0,0
53070,0,0,0,1,1,0
53079,0,0,0,1,1,0
53090,0,0,0,0,0,0
53099,0,0,0,0,0,0
53108,0,0,0,0,0,0
53117,0,0,0,0,0,0
53126,0,0,0,0,0,0
53135,0,0,0,0,0,0
53144,0,0,0,0,0,0
53152,0,0,0,0,0,0
53160,0,0,0,0,0,0
53168,0,0,0,0,0,0
53176,0,0,0,0,0,0
53189,0,0,0,0,0,0
53195,0,0,0,0,0,0
53201,0,0,0,0,0,0
53206,0,0,0,0,0,0
53212,0,0,0,0,0,0
53218,0,0,0,0,0,0
53225,0,0,0,0,0,0
53233,0,0,0,1,1,0
53238,0,0,0,0,0,0
53244,0,0,0,0,0,0
53250,0,0,0,0,0,0
53257,0,0,0,0,0,0
53269,0,0,0,0,0,0
53275,0,0,0,0,0,0
53280,0,0,0,0,0,0
53288,0,0,0,0,0,0
53293,0,0,0,0,0,0
53298,0,0,0,0,0,0
53304,0,0,0,0,0,0
53310,0,0,0,0,0,0
53316,0,0,0,0,0,0
53322,0,0,0,0,0,0
53328,0,0,0,0,0,0
53334,0,0,0,0,0,0
53340,0,0,0,0,0,0
53347,0,0,0,0,0,0
53354,0,0,0,0,0,0
53359,0,0,0,0,0,0
53365,0,0,0,0,0,0
53372,0,0,0,0,0,0
53378,0,0,0,0,0,0
53384,0,0,0,0,0,0
53389,0,0,0,0,0,0
53396,0,0,0,0,0,0
53402,0,0,0,0,0,0
53408,0,0,0,0,0,0
53414,0,0,0,0,0,0
53419,0,0,0,0,0,0
53426,0,0,0,0,0,0
53432,0,0,0,0,0,0
53438,0,0,0,0,0,0
53444,0,0,0,0,0,0
53450,0,0,0,0,0,0
53455,0,0,0,0,0,0
53461,0,0,0,1,3,0
53468,0,0,0,0,0,0
53477,0,0,0,1,1,0
53482,0,0,0,1,2,0
53487,0,0,0,0,0,0
53493,0,0,0,2,0,0
53499,0,0,0,1,1,0
53505,0,0,0,0,0,0
53511,0,0,0,1,2,0
53517,0,0,0,0,0,0
53521,0,0,0,0,0,0
53527,0,0,0,0,0,0
53532,0,0,0,0,0,0
53538,1,5,0,0,0,5
53544,0,0,0,0,0,0
53551,0,0,0,0,0,0
53557,0,0,0,0,0,0
53563,0,0,0,0,1,0
53569,0,0,0,0,0,0
53575,0,0,0,0,0,0
53582,0,0,0,0,0,0
53587,0,0,0,0,0,0
53593,0,0,0,0,0,0
53599,0,0,0,0,0,0
53605,0,0,0,0,0,0
53613,0,0,0,0,0,0
53619,0,1,0,0,0,0
53625,0,0,0,0,0,0
53631,0,0,0,0,0,0
53637,0,0,0,0,0,0
53643,0,0,0,0,0,0
53648,0,0,0,0,0,0
53654,0,0,0,0,0,0
53660,0,0,0,0,0,0
53666,0,0,0,0,0,0
53673,0,0,0,0,0,0
53679,0,0,0,0,0,0
53685,0,0,0,0,0,0
53691,0,1,0,0,0,0
53697,0,0,0,0,0,0
53703,0,0,0,2,4,0
53709,0,0,0,3,1,0
53715,0,0,0,1,3,0
53721,0,0,0,1,3,0
53728,0,0,0,2,2,0
53734,0,0,0,0,1,0
53739,0,0,0,0,0,0
53745,0,0,0,3,2,0
53751,0,0,0,2,2,0
53755,0,0,0,1,1,0
53761,0,0,0,0,0,0
53766,0,0,0,0,0,0
53773,0,0,0,1,0,0
53779,0,0,0,0,0,0
53784,0,0,0,0,0,0
53790,0,0,0,0,0,0
53796,0,0,0,1,1,0
53802,0,0,0,0,0,0
53810,0,0,0,0,0,0
53816,0,0,0,0,0,0
53822,0,0,0,0,0,0
53828,0,0,0,0,0,0
53833,0,0,0,0,0,0
53839,0,0,0,0,0,0
53847,0,0,0,0,0,0
53853,0,1,0,0,0,0
53859,0,0,0,0,0,0
53871,0,0,0,0,0,0
53877,0,0,0,0,0,0
53891,0,0,0,0,0,0
53897,0,0,0,0,0,0
53903,0,0,0,0,0,0
53909,0,0,0,0,0,0
53915,0,0,0,0,0,0
53921,0,0,0,0,0,0
53926,0,0,0,0,0,0
53932,0,0,0,0,0,0
53938,0,0,0,0,0,0
53944,0,0,0,0,0,0
53950,0,0,0,0,0,0
53956,0,0,0,0,0,0
53964,0,0,0,0,0,0
53971,0,0,0,0,0,0
53984,0,0,0,0,0,0
53992,0,0,0,0,0,0
53999,0,0,0,0,0,0
54005,0,0,0,0,0,0
54011,0,0,0,0,0,0
54016,0,0,0,0,0,0
54022,0,0,0,0,0,0
54028,0,0,0,0,0,0
54034,0,0,0,0,0,0
54040,0,0,0,0,0,0
54046,0,0,0,0,0,0
54055,0,0,0,0,0,0
54058,0,0,0,0,0,0
54063,0,0,0,0,0,0
54069,0,0,0,0,0,0
54075,0,0,0,0,0,0
54083,0,0,0,0,0,0
54090,0,0,0,0,0,0
54096,0,0,0,0,0,0
54103,0,0,0,0,0,0
54109,0,0,0,0,0,0
54115,0,0,0,0,0,0
54122,0,0,0,0,0,0
54128,0,0,0,0,0,0
54134,0,0,0,0,0,0
54140,0,0,0,0,0,0
54145,0,0,0,0,0,0
54151,0,0,0,0,0,0
54157,0,0,0,0,0,0
54163,0,0,0,0,0,0
54166,0,0,0,0,0,0
54174,0,0,0,0,0,0
54180,0,0,0,0,0,0
54187,0,0,0,0,0,0
54199,0,0,0,0,0,0
54204,0,0,0,0,0,0
54210,0,0,0,0,0,0
54219,0,0,0,0,0,0
54225,0,0,0,0,0,0
54236,0,0,0,0,0,0
54254,0,0,0,0,0,0
54261,0,0,0,0,0,0
54267,0,0,0,0,0,0
54273,0,0,0,0,0,0
54279,0,0,0,0,0,0
54285,0,0,0,0,0,0
54292,0,0,0,0,0,0
54298,0,0,0,0,0,0
54304,0,0,0,0,0,0
54310,0,0,0,0,0,0
54315,0,0,0,0,0,0
54322,0,0,0,0,0,0
54329,0,0,0,0,0,0
54335,0,0,0,0,0,0
54341,0,0,0,0,0,0
54346,0,0,0,0,0,0
54352,0,0,0,0,0,0
54358,0,0,0,0,0,0
54365,0,0,0,0,0,0
54370,0,0,0,0,0,0
54376,0,0,0,0,0,0
54383,0,0,0,0,0,0
54389,0,0,0,0,0,0
54395,0,0,0,0,0,0
54400,0,0,0,0,0,0
54406,0,0,0,0,0,0
54410,0,0,0,0,0,0
54416,0,0,0,0,0,0
54422,0,0,0,0,0,0
54428,0,0,0,0,0,0
54434,0,0,0,0,0,0
54446,0,0,0,0,0,0
54452,0,0,0,0,0,0
54456,0,0,0,0,0,0
54465,0,0,0,0,0,0
54477,0,0,0,0,0,0
54485,0,0,0,0,0,0
54490,0,0,0,0,0,0
54496,0,0,0,0,0,0
54503,0,0,0,0,0,0
54507,0,0,0,0,0,0
54513,0,0,0,0,0,0
54525,0,0,0,0,0,0
54531,0,0,0,0,0,0
54552,0,0,0,0,0,0
54558,0,0,0,0,0,0
54564,0,0,0,0,0,0
54570,0,0,0,0,0,0
54576,0,0,0,0,0,0
54582,0,0,0,0,0,0
54588,0,0,0,0,0,0
54594,0,0,0,0,0,0
54606,0,0,0,0,0,0
54612,0,0,0,0,0,0
54624,0,0,0,0,0,0
54630,0,0,0,0,0,0
54636,0,0,0,0,0,0
54642,0,0,0,0,0,0
54648,0,0,0,0,0,0
54654,0,0,2,0,0,0
54660,0,0,0,0,0,0
54666,0,0,0,0,0,0
54672,0,0,0,0,0,0
54678,0,0,0,2,2,0
54696,0,0,0,3,2,0
54707,0,0,0,0,0,0
54714,0,0,0,0,0,0
54719,0,0,0,0,0,0
54736,0,0,0,0,0,0
54742,0,0,0,0,0,0
54753,0,0,0,0,0,0
54759,0,0,0,0,0,0
54765,0,0,0,0,0,0
54771,0,0,0,0,0,0
54777,0,0,0,0,0,0
54788,0,0,0,0,0,0
54810,0,0,0,0,0,0
54817,0,0,0,0,0,0
54823,0,0,0,0,0,0
54828,0,0,0,0,0,0
54835,0,0,0,0,0,0
54841,0,0,0,0,0,0
54853,0,0,0,0,0,0
54859,0,0,0,0,0,0
54871,0,0,0,0,0,0
54877,0,0,0,0,0,0
54889,0,0,0,0,0,0
54895,0,0,0,0,0,0
54905,0,0,0,0,0,0
54910,0,0,0,0,0,0
54915,0,0,0,0,0,0
54925,0,0,0,3,3,0
54931,0,0,0,1,2,0
54935,0,0,0,2,2,0
54940,0,0,0,2,2,0
54945,0,0,0,0,0,0
54951,0,0,0,2,1,0
54961,0,0,0,2,1,0
54966,0,0,0,1,1,0
54971,0,0,0,1,1,0
54976,0,0,0,0,0,0
54987,0,0,0,0,0,0
54997,0,0,0,0,0,0
55002,0,0,0,0,0,0
55007,0,0,0,0,0,0
55012,0,0,0,0,0,0
55017,0,0,0,0,0,0
55023,0,0,0,0,0,0
55028,0,0,0,0,0,0
55033,0,0,0,0,0,0
55038,0,0,0,0,0,0
55043,0,0,0,0,0,0
55048,0,0,0,0,0,0
55053,0,0,0,0,0,0
55057,0,0,0,0,0,0
55062,0,0,0,0,0,0
55067,0,0,0,0,0,0
55072,0,0,0,0,0,0
55077,0,0,0,0,0,0
55087,0,0,0,0,0,0
55092,0,0,0,0,0,0
55096,0,0,0,0,0,0
55101,0,0,0,0,0,0
55103,0,0,0,0,0,0
55111,0,0,0,0,0,0
55115,0,0,0,0,0,0
55119,0,0,0,0,0,0
55123,0,0,0,0,0,0
55127,0,0,0,0,0,0
55131,0,0,0,0,0,0
55139,0,0,0,0,0,0
55147,0,0,0,0,0,0
55151,0,0,0,0,0,0
55155,0,0,0,0,0,0
55159,0,0,0,0,0,0
55166,0,0,0,0,2,0
55171,0,0,0,0,2,0
55175,0,0,0,1,2,0
55179,0,4,0,0,3,0
55183,0,0,0,1,4,0
55193,0,0,0,0,0,0
55196,0,0,0,0,0,0
55200,0,0,0,1,1,0
55204,0,0,0,1,1,0
55212,0,0,0,2,2,0
55220,0,0,0,0,0,0
55223,0,0,0,0,0,0
55227,2,0,0,0,0,0
55231,0,0,0,0,1,0
55236,2,0,0,0,0,0
55240,0,0,0,1,0,0
55244,0,0,0,1,0,0
55248,0,0,0,0,0,0
55252,0,0,0,1,1,0
55256,0,0,0,0,0,0
55261,0,0,0,1,1,0
55264,0,0,0,0,0,0
55268,0,0,0,0,0,0
55272,0,0,0,0,0,0
55276,0,0,0,0,0,0
55280,0,0,0,0,0,0
55284,0,0,0,0,0,0
55288,0,0,0,0,0,0
55292,0,0,0,0,0,0
55296,0,0,0,0,0,0
55301,0,0,0,0,0,0
55305,0,0,0,0,0,0
55309,0,0,0,0,0,0
55313,0,0,0,0,0,0
55317,0,0,0,0,0,0
55321,0,0,0,0,0,0
55329,0,0,0,0,0,0
55337,0,0,0,0,0,0
55345,0,0,0,0,0,0
55349,0,0,0,0,0,0
55353,0,0,0,0,0,0
55357,0,0,0,0,0,0
55365,0,0,0,0,0,0
55373,0,0,0,0,0,0
55381,0,0,0,0,0,0
55385,0,0,0,0,0,0
55389,0,0,0,0,0,0
55393,0,0,0,0,0,0
55397,0,0,0,0,0,0
55399,0,0,0,0,0,0
55402,0,0,0,0,0,0
55407,0,0,0,0,0,0
55410,0,0,0,0,0,0
55418,0,0,0,0,0,0
55421,0,0,0,0,0,0
55426,0,0,0,0,0,0
55429,0,0,0,0,0,0
55434,0,0,0,0,0,0
55437,0,0,0,0,0,0
55440,0,0,0,0,0,0
55445,0,0,0,0,0,0
55448,0,0,0,0,0,0
55453,0,0,0,0,0,0
55456,0,0,0,0,0,0
55461,0,0,0,0,0,0
55464,0,0,0,0,0,0
55467,0,0,0,0,0,0
55471,0,0,0,0,0,0
55474,0,0,0,0,0,0
55476,0,0,0,0,0,0
55481,0,0,0,0,0,0
55484,0,0,0,0,0,0
55487,0,0,0,0,0,0
55491,0,0,0,0,0,0
55494,0,0,0,0,0,0
55497,0,0,0,0,0,0
55500,0,0,0,0,0,0
55503,0,0,0,0,0,0
55506,0,0,0,0,0,0
55509,0,0,0,0,0,0
55512,0,0,0,0,0,0
55515,0,0,0,0,0,0
55517,0,0,0,0,0,0
55520,0,0,0,0,0,0
55525,0,0,0,0,0,0
55528,0,0,0,0,0,0
55534,0,0,0,0,0,0
55537,0,0,0,0,0,0
55540,0,0,0,0,0,0
55543,0,0,0,0,0,0
55546,0,0,0,0,0,0
55552,0,0,0,0,0,0
55555,0,0,0,0,0,0
55561,0,0,0,0,0,0
55564,0,0,0,0,0,0
55567,0,0,0,0,0,0
55570,0,0,0,0,0,0
55573,0,0,0,0,0,0
55576,0,0,0,0,0,0
55579,0,0,0,0,0,0
55582,0,0,0,0,0,0
55585,0,0,0,0,0,0
55588,0,0,0,0,0,0
55591,0,0,0,0,0,0
55594,0,0,0,0,0,0
55597,0,0,0,0,0,0
55600,0,0,0,0,0,0
55603,0,0,0,0,0,0
55605,0,0,0,0,0,0
55608,0,0,0,0,0,0
55611,0,0,0,0,0,0
55614,0,0,0,0,0,0
55617,0,0,0,0,0,0
55620,0,0,0,0,0,0
55623,0,0,0,0,0,0
55626,0,0,0,0,0,0
55629,0,0,0,0,0,0
55632,0,0,0,0,0,0
55635,0,0,0,0,0,0
55638,0,0,0,0,0,0
55641,0,0,0,0,0,0
55644,0,0,0,0,0,0
55647,0,0,0,1,1,0
55650,0,0,0,0,0,0
55653,0,0,0,3,3,0
55656,0,0,0,1,0,0
55661,0,0,0,0,1,0
55664,0,0,0,2,3,0
55669,0,0,0,0,1,0
55672,0,0,0,0,1,0
55677,0,0,0,0,0,0
55680,0,0,0,0,1,0
55683,0,0,0,0,0,0
55686,0,0,0,0,0,0
55689,0,0,0,0,0,0
55692,0,0,0,0,0,0
55697,0,0,0,0,0,0
55700,0,0,0,0,0,0
55706,0,0,0,0,0,0
55709,0,0,0,0,0,0
55715,0,0,0,0,0,0
55719,0,0,0,0,0,0
55722,0,0,0,0,0,0
55725,0,0,0,0,0,0
55731,0,0,0,0,0,0
55734,0,0,0,0,0,0
55737,0,0,0,0,0,0
55741,0,0,0,0,0,0
55744,0,0,0,0,0,0
55750,0,0,0,0,0,0
55753,0,0,0,0,0,0
55756,0,0,0,0,0,0
55759,0,0,0,0,0,0
55762,0,0,0,0,0,0
55765,0,0,0,0,0,0
55768,0,0,0,0,0,0
55771,0,0,0,0,0,0
55774,0,0,0,0,0,0
55777,0,0,0,0,0,0
55780,0,0,0,0,0,0
55783,0,0,0,0,0,0
55786,0,0,0,0,0,0
55790,0,0,0,0,0,0
55793,0,0,0,0,0,0
55797,0,0,0,0,0,0
55800,0,0,0,0,0,0
55803,0,0,0,0,0,0
55805,0,0,0,0,0,0
55808,0,0,0,0,0,0
55811,0,0,0,0,0,0
55814,0,0,0,0,0,0
55817,0,0,0,0,0,0
55827,0,0,0,0,0,0
55836,0,0,0,0,0,0
55847,0,0,0,0,0,0
55858,0,0,0,0,0,0
55869,0,0,0,0,0,0
55880,0,0,0,0,0,0
55889,0,0,0,0,0,0
55907,0,0,0,3,3,0
55938,0,0,0,1,0,0
55948,0,0,0,0,0,0
55958,0,0,0,0,0,0
55971,0,0,0,0,0,0
55982,0,0,0,0,0,0
55997,0,0,0,0,0,0
56007,0,0,0,0,0,0
56017,0,0,0,0,0,0
56027,0,0,0,0,0,0
56041,0,0,0,0,0,0
56051,0,0,0,0,0,0
56061,0,0,0,0,0,0
56071,0,0,0,0,0,0
56081,0,0,0,0,0,0
56092,0,0,0,0,0,0
56102,0,0,0,0,0,0
56111,0,0,0,0,0,0
56120,0,0,0,0,0,0
56129,0,0,0,0,0,0
56139,0,0,0,0,0,0
56155,0,0,0,0,0,0
56181,0,0,0,0,0,0
56190,0,0,0,0,0,0
56203,0,0,0,0,0,0
56213,0,0,0,0,0,0
56221,0,0,0,0,0,0
56231,0,0,0,0,0,0
56241,0,0,0,0,0,0
56251,0,0,0,0,0,0
56272,0,0,0,0,0,0
56281,0,0,0,0,0,0
56290,0,0,0,0,0,0
56299,0,0,0,0,0,0
56308,0,0,0,0,0,0
56321,0,0,0,0,0,0
56330,0,0,0,0,0,0
56340,0,0,0,0,0,0
56350,0,0,0,0,0,0
56361,0,0,0,0,0,0
56371,0,0,0,0,0,0
56381,0,0,0,0,0,0
56397,0,0,0,0,0,0
56417,0,0,0,0,0,0
56433,0,0,0,0,0,0
56445,0,0,0,0,0,0
56454,0,0,0,0,0,0
56461,0,0,0,0,0,0
56471,0,0,0,0,0,0
56481,0,0,0,0,0,0
56491,0,0,0,0,0,0
56502,0,0,0,0,0,0
56512,0,0,0,0,0,0
56524,0,0,0,0,0,0
56532,0,0,0,0,0,0
56550,0,0,0,0,0,0
56559,0,0,0,0,0,0
56570,0,0,0,0,0,0
56594,0,0,0,0,0,0
56600,0,0,0,0,0,0
56611,0,0,0,0,0,0
56623,0,0,0,0,1,0
56632,0,0,0,1,1,0
56639,0,0,0,0,0,0
56688,0,0,0,0,0,0
56714,0,0,0,0,0,0
56727,0,0,0,0,0,0
56737,0,0,0,0,0,0
56747,0,0,0,0,0,0
56758,0,0,0,0,0,0
56767,0,0,0,0,0,0
56780,0,0,0,0,0,0
56803,0,0,0,0,0,0
56845,0,0,0,0,0,0
56853,0,0,0,0,0,0
56885,0,0,0,2,2,0
56897,0,0,0,0,0,0
56910,0,0,0,0,0,0
56920,0,0,0,0,0,0
56931,0,0,0,0,0,0
56944,0,0,0,0,0,0
56955,0,0,0,0,0,0
56964,0,0,0,0,0,0
56975,0,0,0,0,0,0
56984,0,0,0,0,0,0
56996,0,0,0,0,0,0
57007,0,0,0,0,0,0
57016,0,0,0,0,0,0
57036,0,0,0,0,0,0
57047,0,0,0,0,0,0
57056,0,0,0,0,0,0
57066,0,0,0,0,0,0
57076,0,0,0,0,0,0
57097,0,0,0,0,0,0
57126,0,0,0,2,2,0
57136,0,0,0,0,0,0
57148,0,0,0,1,1,0
57158,0,0,0,1,1,0
57175,0,0,0,0,0,0
57187,0,0,0,0,0,0
57196,0,0,0,0,0,0
57212,0,0,0,0,0,0
57223,0,0,0,0,0,0
57259,0,0,0,0,0,0
57271,0,0,0,0,0,0
57282,0,0,0,0,0,0
57293,0,0,0,0,0,0
57323,0,0,0,0,0,0
57332,0,0,0,0,0,0
57341,0,0,0,0,0,0
57352,0,0,0,0,1,0
57362,0,0,0,1,2,0
57387,0,0,0,0,0,0
57396,0,0,0,0,1,0
57408,0,0,0,0,0,0
57419,0,0,0,0,0,0
57428,0,0,0,0,0,0
57434,0,0,0,0,0,0
57448,0,0,0,0,1,0
57462,0,0,0,0,0,0
57470,0,0,0,0,0,0
57481,0,0,0,0,0,0
57488,0,0,0,0,0,0
57497,0,0,0,0,0,0
57506,0,0,0,0,0,0
57514,0,0,0,0,0,0
57523,0,0,0,0,0,0
57532,0,0,0,0,0,0
57541,0,0,0,0,0,0
57549,0,0,0,0,0,0
57575,0,0,0,0,0,0
57604,0,0,0,0,0,0
57613,0,0,0,0,0,0
57622,0,0,0,0,0,0
57631,0,0,0,0,0,0
57639,0,0,0,0,0,0
57660,0,0,0,0,0,0
57671,0,0,0,0,0,0
57686,0,0,0,0,0,0
57695,0,0,0,0,0,0
57703,0,0,0,0,0,0
57712,0,0,0,0,0,0
57725,0,0,0,0,0,0
57733,0,0,0,0,0,0
57741,0,0,0,0,0,0
57748,0,0,0,0,0,0
57757,0,0,0,0,0,0
57765,0,0,0,0,0,0
57772,0,0,0,0,0,0
57780,0,0,0,0,0,0
57788,0,0,0,0,0,0
57796,0,0,0,0,0,0
57804,0,0,0,0,0,0
57812,0,0,0,0,0,0
57820,0,0,0,0,0,0
57827,0,0,0,0,0,0
57841,0,0,0,0,0,0
57849,0,0,0,1,1,0
57855,0,0,0,0,1,0
57867,0,0,0,0,0,0
57873,0,0,0,0,0,0
57886,0,0,0,0,0,0
57893,0,0,0,0,0,0
57902,0,0,0,0,0,0
57910,0,0,0,0,0,0
57934,0,0,0,0,0,0
57942,0,0,0,0,0,0
57951,0,0,0,0,0,0
57959,0,0,0,0,0,0
57967,0,0,0,0,0,0
57975,0,0,0,0,0,0
57983,0,0,0,0,0,0
57992,0,0,0,0,0,0
58003,0,0,0,0,0,0
58011,0,0,0,0,0,0
58017,0,0,0,0,0,0
58023,0,0,0,0,0,0
58046,0,0,0,0,0,0
58055,0,0,0,0,0,0
58062,0,0,0,0,0,0
58068,0,0,0,0,0,0
58076,0,0,0,0,0,0
58085,0,0,0,1,1,0
58094,0,0,0,0,1,0
58100,0,0,0,0,1,0
58109,0,0,0,0,0,0
58118,0,0,0,0,0,0
58136,0,0,0,0,0,0
58145,0,0,0,0,0,0
58155,0,0,0,0,0,0
58161,0,0,0,0,0,0
58184,0,0,0,0,0,0
58192,0,0,0,0,0,0
58198,0,0,0,0,0,0
58207,0,0,0,0,0,0
58215,0,0,0,0,0,0
58222,0,0,0,0,0,0
58238,0,0,0,0,0,0
58246,0,0,0,0,0,0
58254,0,0,0,0,0,0
58261,0,0,0,0,0,0
58268,0,0,0,0,0,0
58277,0,0,0,0,0,0
58288,0,0,0,0,0,0
58294,0,0,0,0,0,0
58303,0,0,0,0,0,0
58312,0,0,0,0,0,0
58326,0,0,0,0,0,0
58345,0,0,0,0,0,0
58362,0,0,0,0,0,0
58389,0,0,0,0,0,0
58417,0,0,0,0,0,0
58425,0,0,0,0,0,0
58430,0,0,0,0,0,0
58442,0,0,0,0,0,0
58453,0,0,0,0,0,0
58459,0,0,0,0,0,0
58469,0,0,0,0,0,0
58477,0,0,0,0,0,0
58495,0,0,0,0,0,0
58502,0,0,0,0,0,0
58509,0,0,0,0,0,0
58520,0,0,0,0,0,0
58529,0,0,0,0,0,0
58539,0,0,0,0,0,0
58544,0,0,0,0,0,0
58552,0,0,0,0,0,0
58560,0,0,0,0,0,0
58567,0,0,0,0,0,0
58594,0,0,0,0,0,0
58615,0,0,0,0,0,0
58634,0,0,0,0,0,0
58640,0,0,0,0,0,0
58666,0,0,0,0,0,0
58677,0,0,0,0,0,0
58682,0,0,0,0,0,0
58697,0,0,0,0,0,0
58705,0,0,0,0,0,0
58712,0,0,0,0,0,0
58719,0,0,0,0,0,0
58736,0,0,0,0,0,0
58746,0,0,0,0,0,0
58752,0,0,0,0,0,0
58761,0,0,0,0,0,0
58770,0,0,0,0,0,0
58780,0,0,0,0,0,0
58787,0,0,0,0,0,0
58795,0,0,0,0,0,0
58803,0,0,0,0,0,0
58822,0,0,0,1,1,0
58832,0,0,0,0,0,0
58841,0,0,0,0,0,0
58847,0,0,0,0,0,0
58864,0,0,0,0,0,0
58877,0,0,0,0,0,0
58882,0,0,0,0,0,0
58922,0,0,0,0,0,0
58930,0,0,0,0,0,0
58939,0,0,0,0,0,0
58944,0,0,0,0,0,0
58958,0,0,0,0,0,0
58966,0,0,0,0,0,0
58974,0,0,0,0,0,0
59011,0,0,0,0,0,0
59020,0,0,0,0,0,0
59028,0,0,0,0,0,0
59036,0,0,0,0,0,0
59044,0,0,0,0,0,0
